Datum;Anfang;Ende;Generation_DE Heizkraftwerk Heilbronn HLB 5 [MW] Originalauflösungen;Generation_DE Heizkraftwerk Heilbronn HLB 6 [MW] Originalauflösungen;Generation_DE Heizkraftwerk Heilbronn HLB 7 [MW] Originalauflösungen
01.01.2020;00:00;01:00;-;-;0
01.01.2020;01:00;02:00;-;-;0
01.01.2020;02:00;03:00;-;-;0
01.01.2020;03:00;04:00;-;-;0
01.01.2020;04:00;05:00;-;-;0
01.01.2020;05:00;06:00;-;-;0
01.01.2020;06:00;07:00;-;-;0
01.01.2020;07:00;08:00;-;-;0
01.01.2020;08:00;09:00;-;-;0
01.01.2020;09:00;10:00;-;-;0
01.01.2020;10:00;11:00;-;-;0
01.01.2020;11:00;12:00;-;-;0
01.01.2020;12:00;13:00;-;-;0
01.01.2020;13:00;14:00;-;-;0
01.01.2020;14:00;15:00;-;-;0
01.01.2020;15:00;16:00;-;-;0
01.01.2020;16:00;17:00;-;-;0
01.01.2020;17:00;18:00;-;-;0
01.01.2020;18:00;19:00;-;-;0
01.01.2020;19:00;20:00;-;-;0
01.01.2020;20:00;21:00;-;-;0
01.01.2020;21:00;22:00;-;-;0
01.01.2020;22:00;23:00;-;-;0
01.01.2020;23:00;00:00;-;-;0
02.01.2020;00:00;01:00;-;-;0
02.01.2020;01:00;02:00;-;-;0
02.01.2020;02:00;03:00;-;-;0
02.01.2020;03:00;04:00;-;-;0
02.01.2020;04:00;05:00;-;-;0
02.01.2020;05:00;06:00;-;-;0
02.01.2020;06:00;07:00;-;-;0
02.01.2020;07:00;08:00;-;-;0
02.01.2020;08:00;09:00;-;-;0
02.01.2020;09:00;10:00;-;-;0
02.01.2020;10:00;11:00;-;-;0
02.01.2020;11:00;12:00;-;-;0
02.01.2020;12:00;13:00;-;-;0
02.01.2020;13:00;14:00;-;-;0
02.01.2020;14:00;15:00;-;-;0
02.01.2020;15:00;16:00;-;-;0
02.01.2020;16:00;17:00;-;-;0
02.01.2020;17:00;18:00;-;-;0
02.01.2020;18:00;19:00;-;-;0
02.01.2020;19:00;20:00;-;-;0
02.01.2020;20:00;21:00;-;-;0
02.01.2020;21:00;22:00;-;-;0
02.01.2020;22:00;23:00;-;-;0
02.01.2020;23:00;00:00;-;-;0
03.01.2020;00:00;01:00;-;-;0
03.01.2020;01:00;02:00;-;-;0
03.01.2020;02:00;03:00;-;-;0
03.01.2020;03:00;04:00;-;-;0
03.01.2020;04:00;05:00;-;-;0
03.01.2020;05:00;06:00;-;-;0
03.01.2020;06:00;07:00;-;-;0
03.01.2020;07:00;08:00;-;-;0
03.01.2020;08:00;09:00;-;-;0
03.01.2020;09:00;10:00;-;-;0
03.01.2020;10:00;11:00;-;-;0
03.01.2020;11:00;12:00;-;-;0
03.01.2020;12:00;13:00;-;-;0
03.01.2020;13:00;14:00;-;-;0
03.01.2020;14:00;15:00;-;-;0
03.01.2020;15:00;16:00;-;-;0
03.01.2020;16:00;17:00;-;-;0
03.01.2020;17:00;18:00;-;-;0
03.01.2020;18:00;19:00;-;-;0
03.01.2020;19:00;20:00;-;-;0
03.01.2020;20:00;21:00;-;-;0
03.01.2020;21:00;22:00;-;-;0
03.01.2020;22:00;23:00;-;-;0
03.01.2020;23:00;00:00;-;-;0
04.01.2020;00:00;01:00;-;-;0
04.01.2020;01:00;02:00;-;-;0
04.01.2020;02:00;03:00;-;-;0
04.01.2020;03:00;04:00;-;-;0
04.01.2020;04:00;05:00;-;-;0
04.01.2020;05:00;06:00;-;-;0
04.01.2020;06:00;07:00;-;-;0
04.01.2020;07:00;08:00;-;-;0
04.01.2020;08:00;09:00;-;-;0
04.01.2020;09:00;10:00;-;-;0
04.01.2020;10:00;11:00;-;-;0
04.01.2020;11:00;12:00;-;-;0
04.01.2020;12:00;13:00;-;-;0
04.01.2020;13:00;14:00;-;-;0
04.01.2020;14:00;15:00;-;-;0
04.01.2020;15:00;16:00;-;-;0
04.01.2020;16:00;17:00;-;-;0
04.01.2020;17:00;18:00;-;-;0
04.01.2020;18:00;19:00;-;-;0
04.01.2020;19:00;20:00;-;-;0
04.01.2020;20:00;21:00;-;-;0
04.01.2020;21:00;22:00;-;-;0
04.01.2020;22:00;23:00;-;-;0
04.01.2020;23:00;00:00;-;-;0
05.01.2020;00:00;01:00;-;-;0
05.01.2020;01:00;02:00;-;-;0
05.01.2020;02:00;03:00;-;-;0
05.01.2020;03:00;04:00;-;-;0
05.01.2020;04:00;05:00;-;-;0
05.01.2020;05:00;06:00;-;-;0
05.01.2020;06:00;07:00;-;-;0
05.01.2020;07:00;08:00;-;-;0
05.01.2020;08:00;09:00;-;-;0
05.01.2020;09:00;10:00;-;-;0
05.01.2020;10:00;11:00;-;-;0
05.01.2020;11:00;12:00;-;-;0
05.01.2020;12:00;13:00;-;-;0
05.01.2020;13:00;14:00;-;-;0
05.01.2020;14:00;15:00;-;-;0
05.01.2020;15:00;16:00;-;-;0
05.01.2020;16:00;17:00;-;-;0
05.01.2020;17:00;18:00;-;-;0
05.01.2020;18:00;19:00;-;-;0
05.01.2020;19:00;20:00;-;-;0
05.01.2020;20:00;21:00;-;-;0
05.01.2020;21:00;22:00;-;-;0
05.01.2020;22:00;23:00;-;-;0
05.01.2020;23:00;00:00;-;-;0
06.01.2020;00:00;01:00;-;-;0
06.01.2020;01:00;02:00;-;-;0
06.01.2020;02:00;03:00;-;-;0
06.01.2020;03:00;04:00;-;-;0
06.01.2020;04:00;05:00;-;-;0
06.01.2020;05:00;06:00;-;-;0
06.01.2020;06:00;07:00;-;-;0
06.01.2020;07:00;08:00;-;-;0
06.01.2020;08:00;09:00;-;-;0
06.01.2020;09:00;10:00;-;-;0
06.01.2020;10:00;11:00;-;-;0
06.01.2020;11:00;12:00;-;-;0
06.01.2020;12:00;13:00;-;-;0
06.01.2020;13:00;14:00;-;-;0
06.01.2020;14:00;15:00;-;-;0
06.01.2020;15:00;16:00;-;-;0
06.01.2020;16:00;17:00;-;-;0
06.01.2020;17:00;18:00;-;-;0
06.01.2020;18:00;19:00;-;-;0
06.01.2020;19:00;20:00;-;-;0
06.01.2020;20:00;21:00;-;-;0
06.01.2020;21:00;22:00;-;-;0
06.01.2020;22:00;23:00;-;-;0
06.01.2020;23:00;00:00;-;-;0
07.01.2020;00:00;01:00;-;-;0
07.01.2020;01:00;02:00;-;-;0
07.01.2020;02:00;03:00;-;-;0
07.01.2020;03:00;04:00;-;-;0
07.01.2020;04:00;05:00;-;-;0
07.01.2020;05:00;06:00;-;-;18
07.01.2020;06:00;07:00;-;-;184
07.01.2020;07:00;08:00;-;-;241
07.01.2020;08:00;09:00;-;-;257
07.01.2020;09:00;10:00;-;-;361
07.01.2020;10:00;11:00;-;-;360
07.01.2020;11:00;12:00;-;-;367
07.01.2020;12:00;13:00;-;-;367
07.01.2020;13:00;14:00;-;-;366
07.01.2020;14:00;15:00;-;-;366
07.01.2020;15:00;16:00;-;-;367
07.01.2020;16:00;17:00;-;-;366
07.01.2020;17:00;18:00;-;-;367
07.01.2020;18:00;19:00;-;-;368
07.01.2020;19:00;20:00;-;-;371
07.01.2020;20:00;21:00;-;-;276
07.01.2020;21:00;22:00;-;-;242
07.01.2020;22:00;23:00;-;-;209
07.01.2020;23:00;00:00;-;-;213
08.01.2020;00:00;01:00;-;-;210
08.01.2020;01:00;02:00;-;-;208
08.01.2020;02:00;03:00;-;-;213
08.01.2020;03:00;04:00;-;-;213
08.01.2020;04:00;05:00;-;-;212
08.01.2020;05:00;06:00;-;-;212
08.01.2020;06:00;07:00;-;-;243
08.01.2020;07:00;08:00;-;-;377
08.01.2020;08:00;09:00;-;-;368
08.01.2020;09:00;10:00;-;-;368
08.01.2020;10:00;11:00;-;-;367
08.01.2020;11:00;12:00;-;-;366
08.01.2020;12:00;13:00;-;-;368
08.01.2020;13:00;14:00;-;-;366
08.01.2020;14:00;15:00;-;-;365
08.01.2020;15:00;16:00;-;-;356
08.01.2020;16:00;17:00;-;-;365
08.01.2020;17:00;18:00;-;-;364
08.01.2020;18:00;19:00;-;-;366
08.01.2020;19:00;20:00;-;-;366
08.01.2020;20:00;21:00;-;-;369
08.01.2020;21:00;22:00;-;-;367
08.01.2020;22:00;23:00;-;-;366
08.01.2020;23:00;00:00;-;-;367
09.01.2020;00:00;01:00;-;-;277
09.01.2020;01:00;02:00;-;-;206
09.01.2020;02:00;03:00;-;-;212
09.01.2020;03:00;04:00;-;-;213
09.01.2020;04:00;05:00;-;-;213
09.01.2020;05:00;06:00;-;-;212
09.01.2020;06:00;07:00;-;-;255
09.01.2020;07:00;08:00;-;-;376
09.01.2020;08:00;09:00;-;-;354
09.01.2020;09:00;10:00;-;-;203
09.01.2020;10:00;11:00;-;-;213
09.01.2020;11:00;12:00;-;-;317
09.01.2020;12:00;13:00;-;-;219
09.01.2020;13:00;14:00;-;-;213
09.01.2020;14:00;15:00;-;-;213
09.01.2020;15:00;16:00;-;-;212
09.01.2020;16:00;17:00;-;-;313
09.01.2020;17:00;18:00;-;-;368
09.01.2020;18:00;19:00;-;-;367
09.01.2020;19:00;20:00;-;-;348
09.01.2020;20:00;21:00;-;-;218
09.01.2020;21:00;22:00;-;-;210
09.01.2020;22:00;23:00;-;-;211
09.01.2020;23:00;00:00;-;-;216
10.01.2020;00:00;01:00;-;-;213
10.01.2020;01:00;02:00;-;-;211
10.01.2020;02:00;03:00;-;-;212
10.01.2020;03:00;04:00;-;-;212
10.01.2020;04:00;05:00;-;-;211
10.01.2020;05:00;06:00;-;-;212
10.01.2020;06:00;07:00;-;-;300
10.01.2020;07:00;08:00;-;-;373
10.01.2020;08:00;09:00;-;-;368
10.01.2020;09:00;10:00;-;-;369
10.01.2020;10:00;11:00;-;-;367
10.01.2020;11:00;12:00;-;-;366
10.01.2020;12:00;13:00;-;-;367
10.01.2020;13:00;14:00;-;-;366
10.01.2020;14:00;15:00;-;-;367
10.01.2020;15:00;16:00;-;-;365
10.01.2020;16:00;17:00;-;-;358
10.01.2020;17:00;18:00;-;-;298
10.01.2020;18:00;19:00;-;-;298
10.01.2020;19:00;20:00;-;-;297
10.01.2020;20:00;21:00;-;-;288
10.01.2020;21:00;22:00;-;-;219
10.01.2020;22:00;23:00;-;-;228
10.01.2020;23:00;00:00;-;-;233
11.01.2020;00:00;01:00;-;-;226
11.01.2020;01:00;02:00;-;-;227
11.01.2020;02:00;03:00;-;-;226
11.01.2020;03:00;04:00;-;-;226
11.01.2020;04:00;05:00;-;-;226
11.01.2020;05:00;06:00;-;-;228
11.01.2020;06:00;07:00;-;-;229
11.01.2020;07:00;08:00;-;-;227
11.01.2020;08:00;09:00;-;-;279
11.01.2020;09:00;10:00;-;-;278
11.01.2020;10:00;11:00;-;-;281
11.01.2020;11:00;12:00;-;-;277
11.01.2020;12:00;13:00;-;-;277
11.01.2020;13:00;14:00;-;-;278
11.01.2020;14:00;15:00;-;-;278
11.01.2020;15:00;16:00;-;-;277
11.01.2020;16:00;17:00;-;-;278
11.01.2020;17:00;18:00;-;-;277
11.01.2020;18:00;19:00;-;-;278
11.01.2020;19:00;20:00;-;-;278
11.01.2020;20:00;21:00;-;-;197
11.01.2020;21:00;22:00;-;-;0
11.01.2020;22:00;23:00;-;-;0
11.01.2020;23:00;00:00;-;-;0
12.01.2020;00:00;01:00;-;-;0
12.01.2020;01:00;02:00;-;-;0
12.01.2020;02:00;03:00;-;-;0
12.01.2020;03:00;04:00;-;-;0
12.01.2020;04:00;05:00;-;-;0
12.01.2020;05:00;06:00;-;-;0
12.01.2020;06:00;07:00;-;-;0
12.01.2020;07:00;08:00;-;-;0
12.01.2020;08:00;09:00;-;-;0
12.01.2020;09:00;10:00;-;-;0
12.01.2020;10:00;11:00;-;-;0
12.01.2020;11:00;12:00;-;-;0
12.01.2020;12:00;13:00;-;-;0
12.01.2020;13:00;14:00;-;-;0
12.01.2020;14:00;15:00;-;-;0
12.01.2020;15:00;16:00;-;-;0
12.01.2020;16:00;17:00;-;-;0
12.01.2020;17:00;18:00;-;-;0
12.01.2020;18:00;19:00;-;-;0
12.01.2020;19:00;20:00;-;-;0
12.01.2020;20:00;21:00;-;-;0
12.01.2020;21:00;22:00;-;-;0
12.01.2020;22:00;23:00;-;-;0
12.01.2020;23:00;00:00;-;-;0
13.01.2020;00:00;01:00;-;-;0
13.01.2020;01:00;02:00;-;-;0
13.01.2020;02:00;03:00;-;-;0
13.01.2020;03:00;04:00;-;-;0
13.01.2020;04:00;05:00;-;-;0
13.01.2020;05:00;06:00;-;-;0
13.01.2020;06:00;07:00;-;-;0
13.01.2020;07:00;08:00;-;-;0
13.01.2020;08:00;09:00;-;-;0
13.01.2020;09:00;10:00;-;-;0
13.01.2020;10:00;11:00;-;-;0
13.01.2020;11:00;12:00;-;-;0
13.01.2020;12:00;13:00;-;-;0
13.01.2020;13:00;14:00;-;-;0
13.01.2020;14:00;15:00;-;-;0
13.01.2020;15:00;16:00;-;-;0
13.01.2020;16:00;17:00;-;-;0
13.01.2020;17:00;18:00;-;-;0
13.01.2020;18:00;19:00;-;-;0
13.01.2020;19:00;20:00;-;-;0
13.01.2020;20:00;21:00;-;-;0
13.01.2020;21:00;22:00;-;-;0
13.01.2020;22:00;23:00;-;-;0
13.01.2020;23:00;00:00;-;-;0
14.01.2020;00:00;01:00;-;-;0
14.01.2020;01:00;02:00;-;-;0
14.01.2020;02:00;03:00;-;-;0
14.01.2020;03:00;04:00;-;-;0
14.01.2020;04:00;05:00;-;-;0
14.01.2020;05:00;06:00;-;-;0
14.01.2020;06:00;07:00;-;-;0
14.01.2020;07:00;08:00;-;-;0
14.01.2020;08:00;09:00;-;-;0
14.01.2020;09:00;10:00;-;-;0
14.01.2020;10:00;11:00;-;-;0
14.01.2020;11:00;12:00;-;-;0
14.01.2020;12:00;13:00;-;-;0
14.01.2020;13:00;14:00;-;-;0
14.01.2020;14:00;15:00;-;-;0
14.01.2020;15:00;16:00;-;-;0
14.01.2020;16:00;17:00;-;-;0
14.01.2020;17:00;18:00;-;-;0
14.01.2020;18:00;19:00;-;-;0
14.01.2020;19:00;20:00;-;-;0
14.01.2020;20:00;21:00;-;-;0
14.01.2020;21:00;22:00;-;-;0
14.01.2020;22:00;23:00;-;-;0
14.01.2020;23:00;00:00;-;-;0
15.01.2020;00:00;01:00;-;-;0
15.01.2020;01:00;02:00;-;-;0
15.01.2020;02:00;03:00;-;-;0
15.01.2020;03:00;04:00;-;-;0
15.01.2020;04:00;05:00;-;-;0
15.01.2020;05:00;06:00;-;-;0
15.01.2020;06:00;07:00;-;-;0
15.01.2020;07:00;08:00;-;-;0
15.01.2020;08:00;09:00;-;-;0
15.01.2020;09:00;10:00;-;-;0
15.01.2020;10:00;11:00;-;-;0
15.01.2020;11:00;12:00;-;-;0
15.01.2020;12:00;13:00;-;-;0
15.01.2020;13:00;14:00;-;-;0
15.01.2020;14:00;15:00;-;-;0
15.01.2020;15:00;16:00;-;-;0
15.01.2020;16:00;17:00;-;-;0
15.01.2020;17:00;18:00;-;-;0
15.01.2020;18:00;19:00;-;-;0
15.01.2020;19:00;20:00;-;-;0
15.01.2020;20:00;21:00;-;-;0
15.01.2020;21:00;22:00;-;-;0
15.01.2020;22:00;23:00;-;-;0
15.01.2020;23:00;00:00;-;-;0
16.01.2020;00:00;01:00;-;-;0
16.01.2020;01:00;02:00;-;-;0
16.01.2020;02:00;03:00;-;-;0
16.01.2020;03:00;04:00;-;-;0
16.01.2020;04:00;05:00;-;-;0
16.01.2020;05:00;06:00;-;-;0
16.01.2020;06:00;07:00;-;-;0
16.01.2020;07:00;08:00;-;-;0
16.01.2020;08:00;09:00;-;-;0
16.01.2020;09:00;10:00;-;-;0
16.01.2020;10:00;11:00;-;-;0
16.01.2020;11:00;12:00;-;-;0
16.01.2020;12:00;13:00;-;-;0
16.01.2020;13:00;14:00;-;-;0
16.01.2020;14:00;15:00;-;-;0
16.01.2020;15:00;16:00;-;-;0
16.01.2020;16:00;17:00;-;-;137
16.01.2020;17:00;18:00;-;-;354
16.01.2020;18:00;19:00;-;-;365
16.01.2020;19:00;20:00;-;-;368
16.01.2020;20:00;21:00;-;-;369
16.01.2020;21:00;22:00;-;-;367
16.01.2020;22:00;23:00;-;-;368
16.01.2020;23:00;00:00;-;-;345
17.01.2020;00:00;01:00;-;-;210
17.01.2020;01:00;02:00;-;-;212
17.01.2020;02:00;03:00;-;-;213
17.01.2020;03:00;04:00;-;-;214
17.01.2020;04:00;05:00;-;-;213
17.01.2020;05:00;06:00;-;-;214
17.01.2020;06:00;07:00;-;-;271
17.01.2020;07:00;08:00;-;-;373
17.01.2020;08:00;09:00;-;-;367
17.01.2020;09:00;10:00;-;-;367
17.01.2020;10:00;11:00;-;-;368
17.01.2020;11:00;12:00;-;-;368
17.01.2020;12:00;13:00;-;-;371
17.01.2020;13:00;14:00;-;-;278
17.01.2020;14:00;15:00;-;-;8
17.01.2020;15:00;16:00;-;-;0
17.01.2020;16:00;17:00;-;-;0
17.01.2020;17:00;18:00;-;-;0
17.01.2020;18:00;19:00;-;-;0
17.01.2020;19:00;20:00;-;-;0
17.01.2020;20:00;21:00;-;-;0
17.01.2020;21:00;22:00;-;-;0
17.01.2020;22:00;23:00;-;-;0
17.01.2020;23:00;00:00;-;-;0
18.01.2020;00:00;01:00;-;-;0
18.01.2020;01:00;02:00;-;-;0
18.01.2020;02:00;03:00;-;-;0
18.01.2020;03:00;04:00;-;-;0
18.01.2020;04:00;05:00;-;-;0
18.01.2020;05:00;06:00;-;-;0
18.01.2020;06:00;07:00;-;-;0
18.01.2020;07:00;08:00;-;-;0
18.01.2020;08:00;09:00;-;-;0
18.01.2020;09:00;10:00;-;-;0
18.01.2020;10:00;11:00;-;-;0
18.01.2020;11:00;12:00;-;-;0
18.01.2020;12:00;13:00;-;-;0
18.01.2020;13:00;14:00;-;-;0
18.01.2020;14:00;15:00;-;-;0
18.01.2020;15:00;16:00;-;-;0
18.01.2020;16:00;17:00;-;-;0
18.01.2020;17:00;18:00;-;-;0
18.01.2020;18:00;19:00;-;-;0
18.01.2020;19:00;20:00;-;-;0
18.01.2020;20:00;21:00;-;-;0
18.01.2020;21:00;22:00;-;-;0
18.01.2020;22:00;23:00;-;-;0
18.01.2020;23:00;00:00;-;-;0
19.01.2020;00:00;01:00;-;-;0
19.01.2020;01:00;02:00;-;-;0
19.01.2020;02:00;03:00;-;-;0
19.01.2020;03:00;04:00;-;-;0
19.01.2020;04:00;05:00;-;-;0
19.01.2020;05:00;06:00;-;-;0
19.01.2020;06:00;07:00;-;-;0
19.01.2020;07:00;08:00;-;-;0
19.01.2020;08:00;09:00;-;-;0
19.01.2020;09:00;10:00;-;-;0
19.01.2020;10:00;11:00;-;-;0
19.01.2020;11:00;12:00;-;-;0
19.01.2020;12:00;13:00;-;-;0
19.01.2020;13:00;14:00;-;-;0
19.01.2020;14:00;15:00;-;-;0
19.01.2020;15:00;16:00;-;-;0
19.01.2020;16:00;17:00;-;-;0
19.01.2020;17:00;18:00;-;-;0
19.01.2020;18:00;19:00;-;-;0
19.01.2020;19:00;20:00;-;-;0
19.01.2020;20:00;21:00;-;-;0
19.01.2020;21:00;22:00;-;-;0
19.01.2020;22:00;23:00;-;-;0
19.01.2020;23:00;00:00;-;-;0
20.01.2020;00:00;01:00;-;-;0
20.01.2020;01:00;02:00;-;-;0
20.01.2020;02:00;03:00;-;-;0
20.01.2020;03:00;04:00;-;-;0
20.01.2020;04:00;05:00;-;-;57
20.01.2020;05:00;06:00;-;-;290
20.01.2020;06:00;07:00;-;-;359
20.01.2020;07:00;08:00;-;-;368
20.01.2020;08:00;09:00;-;-;372
20.01.2020;09:00;10:00;-;-;371
20.01.2020;10:00;11:00;-;-;375
20.01.2020;11:00;12:00;-;-;371
20.01.2020;12:00;13:00;-;-;371
20.01.2020;13:00;14:00;-;-;373
20.01.2020;14:00;15:00;-;-;372
20.01.2020;15:00;16:00;-;-;372
20.01.2020;16:00;17:00;-;-;372
20.01.2020;17:00;18:00;-;-;372
20.01.2020;18:00;19:00;-;-;371
20.01.2020;19:00;20:00;-;-;372
20.01.2020;20:00;21:00;-;-;372
20.01.2020;21:00;22:00;-;-;337
20.01.2020;22:00;23:00;-;-;211
20.01.2020;23:00;00:00;-;-;215
21.01.2020;00:00;01:00;-;-;218
21.01.2020;01:00;02:00;-;-;218
21.01.2020;02:00;03:00;-;-;244
21.01.2020;03:00;04:00;-;-;305
21.01.2020;04:00;05:00;-;-;361
21.01.2020;05:00;06:00;-;-;364
21.01.2020;06:00;07:00;-;-;366
21.01.2020;07:00;08:00;-;-;365
21.01.2020;08:00;09:00;-;-;366
21.01.2020;09:00;10:00;-;-;367
21.01.2020;10:00;11:00;-;-;369
21.01.2020;11:00;12:00;-;-;390
21.01.2020;12:00;13:00;-;-;395
21.01.2020;13:00;14:00;-;-;395
21.01.2020;14:00;15:00;-;-;398
21.01.2020;15:00;16:00;-;-;396
21.01.2020;16:00;17:00;-;-;396
21.01.2020;17:00;18:00;-;-;395
21.01.2020;18:00;19:00;-;-;396
21.01.2020;19:00;20:00;-;-;395
21.01.2020;20:00;21:00;-;-;395
21.01.2020;21:00;22:00;-;-;396
21.01.2020;22:00;23:00;-;-;241
21.01.2020;23:00;00:00;-;-;211
22.01.2020;00:00;01:00;-;-;215
22.01.2020;01:00;02:00;-;-;215
22.01.2020;02:00;03:00;-;-;308
22.01.2020;03:00;04:00;-;-;318
22.01.2020;04:00;05:00;-;-;313
22.01.2020;05:00;06:00;-;-;358
22.01.2020;06:00;07:00;-;-;393
22.01.2020;07:00;08:00;-;-;384
22.01.2020;08:00;09:00;-;-;390
22.01.2020;09:00;10:00;-;-;393
22.01.2020;10:00;11:00;-;-;394
22.01.2020;11:00;12:00;-;-;395
22.01.2020;12:00;13:00;-;-;390
22.01.2020;13:00;14:00;-;-;389
22.01.2020;14:00;15:00;-;-;393
22.01.2020;15:00;16:00;-;-;394
22.01.2020;16:00;17:00;-;-;396
22.01.2020;17:00;18:00;-;-;396
22.01.2020;18:00;19:00;-;-;396
22.01.2020;19:00;20:00;-;-;395
22.01.2020;20:00;21:00;-;-;396
22.01.2020;21:00;22:00;-;-;395
22.01.2020;22:00;23:00;-;-;391
22.01.2020;23:00;00:00;-;-;391
23.01.2020;00:00;01:00;-;-;389
23.01.2020;01:00;02:00;-;-;369
23.01.2020;02:00;03:00;-;-;211
23.01.2020;03:00;04:00;-;-;217
23.01.2020;04:00;05:00;-;-;330
23.01.2020;05:00;06:00;-;-;400
23.01.2020;06:00;07:00;-;-;398
23.01.2020;07:00;08:00;-;-;394
23.01.2020;08:00;09:00;-;-;395
23.01.2020;09:00;10:00;-;-;397
23.01.2020;10:00;11:00;-;-;396
23.01.2020;11:00;12:00;-;-;399
23.01.2020;12:00;13:00;-;-;400
23.01.2020;13:00;14:00;-;-;401
23.01.2020;14:00;15:00;-;-;394
23.01.2020;15:00;16:00;-;-;394
23.01.2020;16:00;17:00;-;-;392
23.01.2020;17:00;18:00;-;-;392
23.01.2020;18:00;19:00;-;-;393
23.01.2020;19:00;20:00;-;-;391
23.01.2020;20:00;21:00;-;-;386
23.01.2020;21:00;22:00;-;-;385
23.01.2020;22:00;23:00;-;-;384
23.01.2020;23:00;00:00;-;-;351
24.01.2020;00:00;01:00;-;-;201
24.01.2020;01:00;02:00;-;-;211
24.01.2020;02:00;03:00;-;-;212
24.01.2020;03:00;04:00;-;-;212
24.01.2020;04:00;05:00;-;-;260
24.01.2020;05:00;06:00;-;-;392
24.01.2020;06:00;07:00;-;-;386
24.01.2020;07:00;08:00;-;-;386
24.01.2020;08:00;09:00;-;-;385
24.01.2020;09:00;10:00;-;-;386
24.01.2020;10:00;11:00;-;-;386
24.01.2020;11:00;12:00;-;-;385
24.01.2020;12:00;13:00;-;-;385
24.01.2020;13:00;14:00;-;-;386
24.01.2020;14:00;15:00;-;-;393
24.01.2020;15:00;16:00;-;-;393
24.01.2020;16:00;17:00;-;-;394
24.01.2020;17:00;18:00;-;-;393
24.01.2020;18:00;19:00;-;-;395
24.01.2020;19:00;20:00;-;-;394
24.01.2020;20:00;21:00;-;-;328
24.01.2020;21:00;22:00;-;-;176
24.01.2020;22:00;23:00;-;-;184
24.01.2020;23:00;00:00;-;-;11
25.01.2020;00:00;01:00;-;-;0
25.01.2020;01:00;02:00;-;-;0
25.01.2020;02:00;03:00;-;-;0
25.01.2020;03:00;04:00;-;-;0
25.01.2020;04:00;05:00;-;-;0
25.01.2020;05:00;06:00;-;-;0
25.01.2020;06:00;07:00;-;-;0
25.01.2020;07:00;08:00;-;-;0
25.01.2020;08:00;09:00;-;-;0
25.01.2020;09:00;10:00;-;-;0
25.01.2020;10:00;11:00;-;-;0
25.01.2020;11:00;12:00;-;-;0
25.01.2020;12:00;13:00;-;-;0
25.01.2020;13:00;14:00;-;-;0
25.01.2020;14:00;15:00;-;-;0
25.01.2020;15:00;16:00;-;-;0
25.01.2020;16:00;17:00;-;-;0
25.01.2020;17:00;18:00;-;-;0
25.01.2020;18:00;19:00;-;-;0
25.01.2020;19:00;20:00;-;-;0
25.01.2020;20:00;21:00;-;-;0
25.01.2020;21:00;22:00;-;-;0
25.01.2020;22:00;23:00;-;-;0
25.01.2020;23:00;00:00;-;-;0
26.01.2020;00:00;01:00;-;-;0
26.01.2020;01:00;02:00;-;-;0
26.01.2020;02:00;03:00;-;-;0
26.01.2020;03:00;04:00;-;-;0
26.01.2020;04:00;05:00;-;-;0
26.01.2020;05:00;06:00;-;-;0
26.01.2020;06:00;07:00;-;-;0
26.01.2020;07:00;08:00;-;-;0
26.01.2020;08:00;09:00;-;-;0
26.01.2020;09:00;10:00;-;-;0
26.01.2020;10:00;11:00;-;-;0
26.01.2020;11:00;12:00;-;-;0
26.01.2020;12:00;13:00;-;-;0
26.01.2020;13:00;14:00;-;-;0
26.01.2020;14:00;15:00;-;-;0
26.01.2020;15:00;16:00;-;-;0
26.01.2020;16:00;17:00;-;-;0
26.01.2020;17:00;18:00;-;-;0
26.01.2020;18:00;19:00;-;-;0
26.01.2020;19:00;20:00;-;-;0
26.01.2020;20:00;21:00;-;-;0
26.01.2020;21:00;22:00;-;-;0
26.01.2020;22:00;23:00;-;-;0
26.01.2020;23:00;00:00;-;-;0
27.01.2020;00:00;01:00;-;-;0
27.01.2020;01:00;02:00;-;-;0
27.01.2020;02:00;03:00;-;-;0
27.01.2020;03:00;04:00;-;-;0
27.01.2020;04:00;05:00;-;-;0
27.01.2020;05:00;06:00;-;-;0
27.01.2020;06:00;07:00;-;-;0
27.01.2020;07:00;08:00;-;-;0
27.01.2020;08:00;09:00;-;-;0
27.01.2020;09:00;10:00;-;-;0
27.01.2020;10:00;11:00;-;-;0
27.01.2020;11:00;12:00;-;-;0
27.01.2020;12:00;13:00;-;-;0
27.01.2020;13:00;14:00;-;-;0
27.01.2020;14:00;15:00;-;-;0
27.01.2020;15:00;16:00;-;-;0
27.01.2020;16:00;17:00;-;-;0
27.01.2020;17:00;18:00;-;-;0
27.01.2020;18:00;19:00;-;-;0
27.01.2020;19:00;20:00;-;-;0
27.01.2020;20:00;21:00;-;-;0
27.01.2020;21:00;22:00;-;-;0
27.01.2020;22:00;23:00;-;-;0
27.01.2020;23:00;00:00;-;-;0
28.01.2020;00:00;01:00;-;-;0
28.01.2020;01:00;02:00;-;-;0
28.01.2020;02:00;03:00;-;-;0
28.01.2020;03:00;04:00;-;-;0
28.01.2020;04:00;05:00;-;-;0
28.01.2020;05:00;06:00;-;-;0
28.01.2020;06:00;07:00;-;-;0
28.01.2020;07:00;08:00;-;-;0
28.01.2020;08:00;09:00;-;-;0
28.01.2020;09:00;10:00;-;-;0
28.01.2020;10:00;11:00;-;-;0
28.01.2020;11:00;12:00;-;-;0
28.01.2020;12:00;13:00;-;-;0
28.01.2020;13:00;14:00;-;-;0
28.01.2020;14:00;15:00;-;-;0
28.01.2020;15:00;16:00;-;-;22
28.01.2020;16:00;17:00;-;-;270
28.01.2020;17:00;18:00;-;-;352
28.01.2020;18:00;19:00;-;-;389
28.01.2020;19:00;20:00;-;-;393
28.01.2020;20:00;21:00;-;-;387
28.01.2020;21:00;22:00;-;-;329
28.01.2020;22:00;23:00;-;-;205
28.01.2020;23:00;00:00;-;-;211
29.01.2020;00:00;01:00;-;-;213
29.01.2020;01:00;02:00;-;-;215
29.01.2020;02:00;03:00;-;-;211
29.01.2020;03:00;04:00;-;-;212
29.01.2020;04:00;05:00;-;-;212
29.01.2020;05:00;06:00;-;-;208
29.01.2020;06:00;07:00;-;-;214
29.01.2020;07:00;08:00;-;-;350
29.01.2020;08:00;09:00;-;-;354
29.01.2020;09:00;10:00;-;-;353
29.01.2020;10:00;11:00;-;-;350
29.01.2020;11:00;12:00;-;-;338
29.01.2020;12:00;13:00;-;-;200
29.01.2020;13:00;14:00;-;-;212
29.01.2020;14:00;15:00;-;-;212
29.01.2020;15:00;16:00;-;-;248
29.01.2020;16:00;17:00;-;-;379
29.01.2020;17:00;18:00;-;-;389
29.01.2020;18:00;19:00;-;-;387
29.01.2020;19:00;20:00;-;-;385
29.01.2020;20:00;21:00;-;-;385
29.01.2020;21:00;22:00;-;-;233
29.01.2020;22:00;23:00;-;-;215
29.01.2020;23:00;00:00;-;-;221
30.01.2020;00:00;01:00;-;-;216
30.01.2020;01:00;02:00;-;-;217
30.01.2020;02:00;03:00;-;-;217
30.01.2020;03:00;04:00;-;-;218
30.01.2020;04:00;05:00;-;-;218
30.01.2020;05:00;06:00;-;-;218
30.01.2020;06:00;07:00;-;-;218
30.01.2020;07:00;08:00;-;-;220
30.01.2020;08:00;09:00;-;-;252
30.01.2020;09:00;10:00;-;-;227
30.01.2020;10:00;11:00;-;-;241
30.01.2020;11:00;12:00;-;-;229
30.01.2020;12:00;13:00;-;-;213
30.01.2020;13:00;14:00;-;-;213
30.01.2020;14:00;15:00;-;-;213
30.01.2020;15:00;16:00;-;-;212
30.01.2020;16:00;17:00;-;-;214
30.01.2020;17:00;18:00;-;-;211
30.01.2020;18:00;19:00;-;-;213
30.01.2020;19:00;20:00;-;-;212
30.01.2020;20:00;21:00;-;-;214
30.01.2020;21:00;22:00;-;-;212
30.01.2020;22:00;23:00;-;-;212
30.01.2020;23:00;00:00;-;-;213
31.01.2020;00:00;01:00;-;-;212
31.01.2020;01:00;02:00;-;-;212
31.01.2020;02:00;03:00;-;-;212
31.01.2020;03:00;04:00;-;-;211
31.01.2020;04:00;05:00;-;-;212
31.01.2020;05:00;06:00;-;-;212
31.01.2020;06:00;07:00;-;-;298
31.01.2020;07:00;08:00;-;-;402
31.01.2020;08:00;09:00;-;-;394
31.01.2020;09:00;10:00;-;-;390
31.01.2020;10:00;11:00;-;-;393
31.01.2020;11:00;12:00;-;-;395
31.01.2020;12:00;13:00;-;-;388
31.01.2020;13:00;14:00;-;-;301
31.01.2020;14:00;15:00;-;-;226
31.01.2020;15:00;16:00;-;-;228
31.01.2020;16:00;17:00;-;-;235
31.01.2020;17:00;18:00;-;-;232
31.01.2020;18:00;19:00;-;-;233
31.01.2020;19:00;20:00;-;-;231
31.01.2020;20:00;21:00;-;-;232
31.01.2020;21:00;22:00;-;-;232
31.01.2020;22:00;23:00;-;-;234
31.01.2020;23:00;00:00;-;-;228
01.02.2020;00:00;01:00;-;-;214
01.02.2020;01:00;02:00;-;-;215
01.02.2020;02:00;03:00;-;-;214
01.02.2020;03:00;04:00;-;-;215
01.02.2020;04:00;05:00;-;-;215
01.02.2020;05:00;06:00;-;-;214
01.02.2020;06:00;07:00;-;-;215
01.02.2020;07:00;08:00;-;-;215
01.02.2020;08:00;09:00;-;-;214
01.02.2020;09:00;10:00;-;-;215
01.02.2020;10:00;11:00;-;-;214
01.02.2020;11:00;12:00;-;-;216
01.02.2020;12:00;13:00;-;-;215
01.02.2020;13:00;14:00;-;-;215
01.02.2020;14:00;15:00;-;-;215
01.02.2020;15:00;16:00;-;-;214
01.02.2020;16:00;17:00;-;-;214
01.02.2020;17:00;18:00;-;-;214
01.02.2020;18:00;19:00;-;-;218
01.02.2020;19:00;20:00;-;-;214
01.02.2020;20:00;21:00;-;-;214
01.02.2020;21:00;22:00;-;-;215
01.02.2020;22:00;23:00;-;-;214
01.02.2020;23:00;00:00;-;-;202
02.02.2020;00:00;01:00;-;-;0
02.02.2020;01:00;02:00;-;-;0
02.02.2020;02:00;03:00;-;-;0
02.02.2020;03:00;04:00;-;-;0
02.02.2020;04:00;05:00;-;-;0
02.02.2020;05:00;06:00;-;-;0
02.02.2020;06:00;07:00;-;-;0
02.02.2020;07:00;08:00;-;-;0
02.02.2020;08:00;09:00;-;-;0
02.02.2020;09:00;10:00;-;-;0
02.02.2020;10:00;11:00;-;-;0
02.02.2020;11:00;12:00;-;-;0
02.02.2020;12:00;13:00;-;-;0
02.02.2020;13:00;14:00;-;-;0
02.02.2020;14:00;15:00;-;-;0
02.02.2020;15:00;16:00;-;-;0
02.02.2020;16:00;17:00;-;-;0
02.02.2020;17:00;18:00;-;-;0
02.02.2020;18:00;19:00;-;-;0
02.02.2020;19:00;20:00;-;-;0
02.02.2020;20:00;21:00;-;-;0
02.02.2020;21:00;22:00;-;-;0
02.02.2020;22:00;23:00;-;-;0
02.02.2020;23:00;00:00;-;-;0
03.02.2020;00:00;01:00;-;-;0
03.02.2020;01:00;02:00;-;-;0
03.02.2020;02:00;03:00;-;-;0
03.02.2020;03:00;04:00;-;-;0
03.02.2020;04:00;05:00;-;-;0
03.02.2020;05:00;06:00;-;-;0
03.02.2020;06:00;07:00;-;-;0
03.02.2020;07:00;08:00;-;-;0
03.02.2020;08:00;09:00;-;-;0
03.02.2020;09:00;10:00;-;-;0
03.02.2020;10:00;11:00;-;-;0
03.02.2020;11:00;12:00;-;-;0
03.02.2020;12:00;13:00;-;-;0
03.02.2020;13:00;14:00;-;-;0
03.02.2020;14:00;15:00;-;-;0
03.02.2020;15:00;16:00;-;-;0
03.02.2020;16:00;17:00;-;-;0
03.02.2020;17:00;18:00;-;-;0
03.02.2020;18:00;19:00;-;-;0
03.02.2020;19:00;20:00;-;-;0
03.02.2020;20:00;21:00;-;-;0
03.02.2020;21:00;22:00;-;-;0
03.02.2020;22:00;23:00;-;-;0
03.02.2020;23:00;00:00;-;-;0
04.02.2020;00:00;01:00;-;-;0
04.02.2020;01:00;02:00;-;-;0
04.02.2020;02:00;03:00;-;-;0
04.02.2020;03:00;04:00;-;-;0
04.02.2020;04:00;05:00;-;-;0
04.02.2020;05:00;06:00;-;-;0
04.02.2020;06:00;07:00;-;-;0
04.02.2020;07:00;08:00;-;-;0
04.02.2020;08:00;09:00;-;-;0
04.02.2020;09:00;10:00;-;-;0
04.02.2020;10:00;11:00;-;-;0
04.02.2020;11:00;12:00;-;-;0
04.02.2020;12:00;13:00;-;-;0
04.02.2020;13:00;14:00;-;-;0
04.02.2020;14:00;15:00;-;-;0
04.02.2020;15:00;16:00;-;-;0
04.02.2020;16:00;17:00;-;-;0
04.02.2020;17:00;18:00;-;-;0
04.02.2020;18:00;19:00;-;-;0
04.02.2020;19:00;20:00;-;-;0
04.02.2020;20:00;21:00;-;-;0
04.02.2020;21:00;22:00;-;-;0
04.02.2020;22:00;23:00;-;-;0
04.02.2020;23:00;00:00;-;-;0
05.02.2020;00:00;01:00;-;-;0
05.02.2020;01:00;02:00;-;-;0
05.02.2020;02:00;03:00;-;-;0
05.02.2020;03:00;04:00;-;-;0
05.02.2020;04:00;05:00;-;-;0
05.02.2020;05:00;06:00;-;-;0
05.02.2020;06:00;07:00;-;-;0
05.02.2020;07:00;08:00;-;-;0
05.02.2020;08:00;09:00;-;-;0
05.02.2020;09:00;10:00;-;-;0
05.02.2020;10:00;11:00;-;-;0
05.02.2020;11:00;12:00;-;-;0
05.02.2020;12:00;13:00;-;-;0
05.02.2020;13:00;14:00;-;-;0
05.02.2020;14:00;15:00;-;-;0
05.02.2020;15:00;16:00;-;-;0
05.02.2020;16:00;17:00;-;-;0
05.02.2020;17:00;18:00;-;-;0
05.02.2020;18:00;19:00;-;-;0
05.02.2020;19:00;20:00;-;-;0
05.02.2020;20:00;21:00;-;-;0
05.02.2020;21:00;22:00;-;-;0
05.02.2020;22:00;23:00;-;-;0
05.02.2020;23:00;00:00;-;-;0
06.02.2020;00:00;01:00;-;-;0
06.02.2020;01:00;02:00;-;-;0
06.02.2020;02:00;03:00;-;-;0
06.02.2020;03:00;04:00;-;-;0
06.02.2020;04:00;05:00;-;-;0
06.02.2020;05:00;06:00;-;-;0
06.02.2020;06:00;07:00;-;-;0
06.02.2020;07:00;08:00;-;-;0
06.02.2020;08:00;09:00;-;-;0
06.02.2020;09:00;10:00;-;-;0
06.02.2020;10:00;11:00;-;-;0
06.02.2020;11:00;12:00;-;-;0
06.02.2020;12:00;13:00;-;-;0
06.02.2020;13:00;14:00;-;-;0
06.02.2020;14:00;15:00;-;-;0
06.02.2020;15:00;16:00;-;-;0
06.02.2020;16:00;17:00;-;-;0
06.02.2020;17:00;18:00;-;-;0
06.02.2020;18:00;19:00;-;-;0
06.02.2020;19:00;20:00;-;-;0
06.02.2020;20:00;21:00;-;-;0
06.02.2020;21:00;22:00;-;-;0
06.02.2020;22:00;23:00;-;-;0
06.02.2020;23:00;00:00;-;-;0
07.02.2020;00:00;01:00;-;-;0
07.02.2020;01:00;02:00;-;-;0
07.02.2020;02:00;03:00;-;-;0
07.02.2020;03:00;04:00;-;-;0
07.02.2020;04:00;05:00;-;-;0
07.02.2020;05:00;06:00;-;-;0
07.02.2020;06:00;07:00;-;-;0
07.02.2020;07:00;08:00;-;-;0
07.02.2020;08:00;09:00;-;-;0
07.02.2020;09:00;10:00;-;-;0
07.02.2020;10:00;11:00;-;-;0
07.02.2020;11:00;12:00;-;-;0
07.02.2020;12:00;13:00;-;-;0
07.02.2020;13:00;14:00;-;-;0
07.02.2020;14:00;15:00;-;-;0
07.02.2020;15:00;16:00;-;-;0
07.02.2020;16:00;17:00;-;-;0
07.02.2020;17:00;18:00;-;-;0
07.02.2020;18:00;19:00;-;-;0
07.02.2020;19:00;20:00;-;-;0
07.02.2020;20:00;21:00;-;-;0
07.02.2020;21:00;22:00;-;-;0
07.02.2020;22:00;23:00;-;-;0
07.02.2020;23:00;00:00;-;-;0
08.02.2020;00:00;01:00;-;-;0
08.02.2020;01:00;02:00;-;-;0
08.02.2020;02:00;03:00;-;-;0
08.02.2020;03:00;04:00;-;-;0
08.02.2020;04:00;05:00;-;-;0
08.02.2020;05:00;06:00;-;-;0
08.02.2020;06:00;07:00;-;-;0
08.02.2020;07:00;08:00;-;-;0
08.02.2020;08:00;09:00;-;-;0
08.02.2020;09:00;10:00;-;-;0
08.02.2020;10:00;11:00;-;-;0
08.02.2020;11:00;12:00;-;-;0
08.02.2020;12:00;13:00;-;-;0
08.02.2020;13:00;14:00;-;-;0
08.02.2020;14:00;15:00;-;-;0
08.02.2020;15:00;16:00;-;-;0
08.02.2020;16:00;17:00;-;-;0
08.02.2020;17:00;18:00;-;-;0
08.02.2020;18:00;19:00;-;-;0
08.02.2020;19:00;20:00;-;-;0
08.02.2020;20:00;21:00;-;-;0
08.02.2020;21:00;22:00;-;-;0
08.02.2020;22:00;23:00;-;-;0
08.02.2020;23:00;00:00;-;-;0
09.02.2020;00:00;01:00;-;-;0
09.02.2020;01:00;02:00;-;-;0
09.02.2020;02:00;03:00;-;-;0
09.02.2020;03:00;04:00;-;-;0
09.02.2020;04:00;05:00;-;-;0
09.02.2020;05:00;06:00;-;-;0
09.02.2020;06:00;07:00;-;-;0
09.02.2020;07:00;08:00;-;-;0
09.02.2020;08:00;09:00;-;-;0
09.02.2020;09:00;10:00;-;-;0
09.02.2020;10:00;11:00;-;-;0
09.02.2020;11:00;12:00;-;-;0
09.02.2020;12:00;13:00;-;-;0
09.02.2020;13:00;14:00;-;-;0
09.02.2020;14:00;15:00;-;-;0
09.02.2020;15:00;16:00;-;-;0
09.02.2020;16:00;17:00;-;-;0
09.02.2020;17:00;18:00;-;-;0
09.02.2020;18:00;19:00;-;-;0
09.02.2020;19:00;20:00;-;-;0
09.02.2020;20:00;21:00;-;-;0
09.02.2020;21:00;22:00;-;-;0
09.02.2020;22:00;23:00;-;-;0
09.02.2020;23:00;00:00;-;-;0
10.02.2020;00:00;01:00;-;-;0
10.02.2020;01:00;02:00;-;-;0
10.02.2020;02:00;03:00;-;-;0
10.02.2020;03:00;04:00;-;-;0
10.02.2020;04:00;05:00;-;-;0
10.02.2020;05:00;06:00;-;-;0
10.02.2020;06:00;07:00;-;-;0
10.02.2020;07:00;08:00;-;-;0
10.02.2020;08:00;09:00;-;-;0
10.02.2020;09:00;10:00;-;-;0
10.02.2020;10:00;11:00;-;-;0
10.02.2020;11:00;12:00;-;-;0
10.02.2020;12:00;13:00;-;-;0
10.02.2020;13:00;14:00;-;-;0
10.02.2020;14:00;15:00;-;-;0
10.02.2020;15:00;16:00;-;-;0
10.02.2020;16:00;17:00;-;-;0
10.02.2020;17:00;18:00;-;-;0
10.02.2020;18:00;19:00;-;-;0
10.02.2020;19:00;20:00;-;-;0
10.02.2020;20:00;21:00;-;-;0
10.02.2020;21:00;22:00;-;-;0
10.02.2020;22:00;23:00;-;-;0
10.02.2020;23:00;00:00;-;-;0
11.02.2020;00:00;01:00;-;-;0
11.02.2020;01:00;02:00;-;-;0
11.02.2020;02:00;03:00;-;-;0
11.02.2020;03:00;04:00;-;-;0
11.02.2020;04:00;05:00;-;-;0
11.02.2020;05:00;06:00;-;-;0
11.02.2020;06:00;07:00;-;-;0
11.02.2020;07:00;08:00;-;-;0
11.02.2020;08:00;09:00;-;-;0
11.02.2020;09:00;10:00;-;-;0
11.02.2020;10:00;11:00;-;-;0
11.02.2020;11:00;12:00;-;-;0
11.02.2020;12:00;13:00;-;-;0
11.02.2020;13:00;14:00;-;-;0
11.02.2020;14:00;15:00;-;-;0
11.02.2020;15:00;16:00;-;-;0
11.02.2020;16:00;17:00;-;-;0
11.02.2020;17:00;18:00;-;-;0
11.02.2020;18:00;19:00;-;-;0
11.02.2020;19:00;20:00;-;-;0
11.02.2020;20:00;21:00;-;-;0
11.02.2020;21:00;22:00;-;-;0
11.02.2020;22:00;23:00;-;-;0
11.02.2020;23:00;00:00;-;-;0
12.02.2020;00:00;01:00;-;-;0
12.02.2020;01:00;02:00;-;-;0
12.02.2020;02:00;03:00;-;-;0
12.02.2020;03:00;04:00;-;-;0
12.02.2020;04:00;05:00;-;-;0
12.02.2020;05:00;06:00;-;-;0
12.02.2020;06:00;07:00;-;-;0
12.02.2020;07:00;08:00;-;-;0
12.02.2020;08:00;09:00;-;-;0
12.02.2020;09:00;10:00;-;-;0
12.02.2020;10:00;11:00;-;-;0
12.02.2020;11:00;12:00;-;-;0
12.02.2020;12:00;13:00;-;-;0
12.02.2020;13:00;14:00;-;-;0
12.02.2020;14:00;15:00;-;-;0
12.02.2020;15:00;16:00;-;-;0
12.02.2020;16:00;17:00;-;-;0
12.02.2020;17:00;18:00;-;-;0
12.02.2020;18:00;19:00;-;-;0
12.02.2020;19:00;20:00;-;-;0
12.02.2020;20:00;21:00;-;-;0
12.02.2020;21:00;22:00;-;-;0
12.02.2020;22:00;23:00;-;-;0
12.02.2020;23:00;00:00;-;-;0
13.02.2020;00:00;01:00;-;-;0
13.02.2020;01:00;02:00;-;-;0
13.02.2020;02:00;03:00;-;-;0
13.02.2020;03:00;04:00;-;-;0
13.02.2020;04:00;05:00;-;-;0
13.02.2020;05:00;06:00;-;-;0
13.02.2020;06:00;07:00;-;-;0
13.02.2020;07:00;08:00;-;-;0
13.02.2020;08:00;09:00;-;-;0
13.02.2020;09:00;10:00;-;-;0
13.02.2020;10:00;11:00;-;-;0
13.02.2020;11:00;12:00;-;-;0
13.02.2020;12:00;13:00;-;-;0
13.02.2020;13:00;14:00;-;-;0
13.02.2020;14:00;15:00;-;-;0
13.02.2020;15:00;16:00;-;-;0
13.02.2020;16:00;17:00;-;-;0
13.02.2020;17:00;18:00;-;-;0
13.02.2020;18:00;19:00;-;-;0
13.02.2020;19:00;20:00;-;-;0
13.02.2020;20:00;21:00;-;-;0
13.02.2020;21:00;22:00;-;-;0
13.02.2020;22:00;23:00;-;-;0
13.02.2020;23:00;00:00;-;-;0
14.02.2020;00:00;01:00;-;-;0
14.02.2020;01:00;02:00;-;-;0
14.02.2020;02:00;03:00;-;-;0
14.02.2020;03:00;04:00;-;-;0
14.02.2020;04:00;05:00;-;-;0
14.02.2020;05:00;06:00;-;-;0
14.02.2020;06:00;07:00;-;-;0
14.02.2020;07:00;08:00;-;-;0
14.02.2020;08:00;09:00;-;-;0
14.02.2020;09:00;10:00;-;-;0
14.02.2020;10:00;11:00;-;-;0
14.02.2020;11:00;12:00;-;-;0
14.02.2020;12:00;13:00;-;-;0
14.02.2020;13:00;14:00;-;-;0
14.02.2020;14:00;15:00;-;-;0
14.02.2020;15:00;16:00;-;-;0
14.02.2020;16:00;17:00;-;-;0
14.02.2020;17:00;18:00;-;-;0
14.02.2020;18:00;19:00;-;-;0
14.02.2020;19:00;20:00;-;-;0
14.02.2020;20:00;21:00;-;-;0
14.02.2020;21:00;22:00;-;-;0
14.02.2020;22:00;23:00;-;-;0
14.02.2020;23:00;00:00;-;-;0
15.02.2020;00:00;01:00;-;-;0
15.02.2020;01:00;02:00;-;-;0
15.02.2020;02:00;03:00;-;-;0
15.02.2020;03:00;04:00;-;-;0
15.02.2020;04:00;05:00;-;-;0
15.02.2020;05:00;06:00;-;-;0
15.02.2020;06:00;07:00;-;-;0
15.02.2020;07:00;08:00;-;-;0
15.02.2020;08:00;09:00;-;-;0
15.02.2020;09:00;10:00;-;-;0
15.02.2020;10:00;11:00;-;-;0
15.02.2020;11:00;12:00;-;-;0
15.02.2020;12:00;13:00;-;-;0
15.02.2020;13:00;14:00;-;-;0
15.02.2020;14:00;15:00;-;-;0
15.02.2020;15:00;16:00;-;-;0
15.02.2020;16:00;17:00;-;-;0
15.02.2020;17:00;18:00;-;-;0
15.02.2020;18:00;19:00;-;-;0
15.02.2020;19:00;20:00;-;-;0
15.02.2020;20:00;21:00;-;-;0
15.02.2020;21:00;22:00;-;-;0
15.02.2020;22:00;23:00;-;-;0
15.02.2020;23:00;00:00;-;-;0
16.02.2020;00:00;01:00;-;-;0
16.02.2020;01:00;02:00;-;-;0
16.02.2020;02:00;03:00;-;-;0
16.02.2020;03:00;04:00;-;-;0
16.02.2020;04:00;05:00;-;-;0
16.02.2020;05:00;06:00;-;-;0
16.02.2020;06:00;07:00;-;-;0
16.02.2020;07:00;08:00;-;-;0
16.02.2020;08:00;09:00;-;-;0
16.02.2020;09:00;10:00;-;-;0
16.02.2020;10:00;11:00;-;-;0
16.02.2020;11:00;12:00;-;-;0
16.02.2020;12:00;13:00;-;-;0
16.02.2020;13:00;14:00;-;-;0
16.02.2020;14:00;15:00;-;-;0
16.02.2020;15:00;16:00;-;-;0
16.02.2020;16:00;17:00;-;-;0
16.02.2020;17:00;18:00;-;-;0
16.02.2020;18:00;19:00;-;-;0
16.02.2020;19:00;20:00;-;-;0
16.02.2020;20:00;21:00;-;-;0
16.02.2020;21:00;22:00;-;-;0
16.02.2020;22:00;23:00;-;-;0
16.02.2020;23:00;00:00;-;-;0
17.02.2020;00:00;01:00;-;-;0
17.02.2020;01:00;02:00;-;-;0
17.02.2020;02:00;03:00;-;-;0
17.02.2020;03:00;04:00;-;-;0
17.02.2020;04:00;05:00;-;-;0
17.02.2020;05:00;06:00;-;-;0
17.02.2020;06:00;07:00;-;-;0
17.02.2020;07:00;08:00;-;-;0
17.02.2020;08:00;09:00;-;-;0
17.02.2020;09:00;10:00;-;-;0
17.02.2020;10:00;11:00;-;-;0
17.02.2020;11:00;12:00;-;-;0
17.02.2020;12:00;13:00;-;-;0
17.02.2020;13:00;14:00;-;-;0
17.02.2020;14:00;15:00;-;-;0
17.02.2020;15:00;16:00;-;-;0
17.02.2020;16:00;17:00;-;-;0
17.02.2020;17:00;18:00;-;-;0
17.02.2020;18:00;19:00;-;-;0
17.02.2020;19:00;20:00;-;-;0
17.02.2020;20:00;21:00;-;-;0
17.02.2020;21:00;22:00;-;-;0
17.02.2020;22:00;23:00;-;-;0
17.02.2020;23:00;00:00;-;-;0
18.02.2020;00:00;01:00;-;-;0
18.02.2020;01:00;02:00;-;-;0
18.02.2020;02:00;03:00;-;-;0
18.02.2020;03:00;04:00;-;-;0
18.02.2020;04:00;05:00;-;-;0
18.02.2020;05:00;06:00;-;-;0
18.02.2020;06:00;07:00;-;-;0
18.02.2020;07:00;08:00;-;-;0
18.02.2020;08:00;09:00;-;-;0
18.02.2020;09:00;10:00;-;-;0
18.02.2020;10:00;11:00;-;-;0
18.02.2020;11:00;12:00;-;-;0
18.02.2020;12:00;13:00;-;-;0
18.02.2020;13:00;14:00;-;-;0
18.02.2020;14:00;15:00;-;-;0
18.02.2020;15:00;16:00;-;-;0
18.02.2020;16:00;17:00;-;-;0
18.02.2020;17:00;18:00;-;-;0
18.02.2020;18:00;19:00;-;-;0
18.02.2020;19:00;20:00;-;-;0
18.02.2020;20:00;21:00;-;-;0
18.02.2020;21:00;22:00;-;-;0
18.02.2020;22:00;23:00;-;-;0
18.02.2020;23:00;00:00;-;-;0
19.02.2020;00:00;01:00;-;-;0
19.02.2020;01:00;02:00;-;-;0
19.02.2020;02:00;03:00;-;-;0
19.02.2020;03:00;04:00;-;-;0
19.02.2020;04:00;05:00;-;-;0
19.02.2020;05:00;06:00;-;-;0
19.02.2020;06:00;07:00;-;-;0
19.02.2020;07:00;08:00;-;-;0
19.02.2020;08:00;09:00;-;-;0
19.02.2020;09:00;10:00;-;-;0
19.02.2020;10:00;11:00;-;-;0
19.02.2020;11:00;12:00;-;-;0
19.02.2020;12:00;13:00;-;-;0
19.02.2020;13:00;14:00;-;-;0
19.02.2020;14:00;15:00;-;-;0
19.02.2020;15:00;16:00;-;-;0
19.02.2020;16:00;17:00;-;-;0
19.02.2020;17:00;18:00;-;-;0
19.02.2020;18:00;19:00;-;-;0
19.02.2020;19:00;20:00;-;-;0
19.02.2020;20:00;21:00;-;-;0
19.02.2020;21:00;22:00;-;-;0
19.02.2020;22:00;23:00;-;-;0
19.02.2020;23:00;00:00;-;-;0
20.02.2020;00:00;01:00;-;-;0
20.02.2020;01:00;02:00;-;-;0
20.02.2020;02:00;03:00;-;-;0
20.02.2020;03:00;04:00;-;-;0
20.02.2020;04:00;05:00;-;-;0
20.02.2020;05:00;06:00;-;-;0
20.02.2020;06:00;07:00;-;-;0
20.02.2020;07:00;08:00;-;-;0
20.02.2020;08:00;09:00;-;-;0
20.02.2020;09:00;10:00;-;-;0
20.02.2020;10:00;11:00;-;-;0
20.02.2020;11:00;12:00;-;-;0
20.02.2020;12:00;13:00;-;-;0
20.02.2020;13:00;14:00;-;-;0
20.02.2020;14:00;15:00;-;-;0
20.02.2020;15:00;16:00;-;-;0
20.02.2020;16:00;17:00;-;-;0
20.02.2020;17:00;18:00;-;-;0
20.02.2020;18:00;19:00;-;-;0
20.02.2020;19:00;20:00;-;-;0
20.02.2020;20:00;21:00;-;-;0
20.02.2020;21:00;22:00;-;-;0
20.02.2020;22:00;23:00;-;-;0
20.02.2020;23:00;00:00;-;-;0
21.02.2020;00:00;01:00;-;-;0
21.02.2020;01:00;02:00;-;-;0
21.02.2020;02:00;03:00;-;-;0
21.02.2020;03:00;04:00;-;-;0
21.02.2020;04:00;05:00;-;-;0
21.02.2020;05:00;06:00;-;-;0
21.02.2020;06:00;07:00;-;-;0
21.02.2020;07:00;08:00;-;-;0
21.02.2020;08:00;09:00;-;-;100
21.02.2020;09:00;10:00;-;-;323
21.02.2020;10:00;11:00;-;-;349
21.02.2020;11:00;12:00;-;-;347
21.02.2020;12:00;13:00;-;-;349
21.02.2020;13:00;14:00;-;-;351
21.02.2020;14:00;15:00;-;-;348
21.02.2020;15:00;16:00;-;-;341
21.02.2020;16:00;17:00;-;-;273
21.02.2020;17:00;18:00;-;-;219
21.02.2020;18:00;19:00;-;-;314
21.02.2020;19:00;20:00;-;-;209
21.02.2020;20:00;21:00;-;-;216
21.02.2020;21:00;22:00;-;-;214
21.02.2020;22:00;23:00;-;-;215
21.02.2020;23:00;00:00;-;-;211
22.02.2020;00:00;01:00;-;-;0
22.02.2020;01:00;02:00;-;-;0
22.02.2020;02:00;03:00;-;-;0
22.02.2020;03:00;04:00;-;-;0
22.02.2020;04:00;05:00;-;-;0
22.02.2020;05:00;06:00;-;-;0
22.02.2020;06:00;07:00;-;-;0
22.02.2020;07:00;08:00;-;-;0
22.02.2020;08:00;09:00;-;-;0
22.02.2020;09:00;10:00;-;-;0
22.02.2020;10:00;11:00;-;-;0
22.02.2020;11:00;12:00;-;-;0
22.02.2020;12:00;13:00;-;-;0
22.02.2020;13:00;14:00;-;-;0
22.02.2020;14:00;15:00;-;-;0
22.02.2020;15:00;16:00;-;-;0
22.02.2020;16:00;17:00;-;-;0
22.02.2020;17:00;18:00;-;-;0
22.02.2020;18:00;19:00;-;-;0
22.02.2020;19:00;20:00;-;-;0
22.02.2020;20:00;21:00;-;-;0
22.02.2020;21:00;22:00;-;-;0
22.02.2020;22:00;23:00;-;-;0
22.02.2020;23:00;00:00;-;-;0
23.02.2020;00:00;01:00;-;-;0
23.02.2020;01:00;02:00;-;-;0
23.02.2020;02:00;03:00;-;-;0
23.02.2020;03:00;04:00;-;-;0
23.02.2020;04:00;05:00;-;-;0
23.02.2020;05:00;06:00;-;-;0
23.02.2020;06:00;07:00;-;-;0
23.02.2020;07:00;08:00;-;-;0
23.02.2020;08:00;09:00;-;-;0
23.02.2020;09:00;10:00;-;-;0
23.02.2020;10:00;11:00;-;-;0
23.02.2020;11:00;12:00;-;-;0
23.02.2020;12:00;13:00;-;-;0
23.02.2020;13:00;14:00;-;-;0
23.02.2020;14:00;15:00;-;-;0
23.02.2020;15:00;16:00;-;-;0
23.02.2020;16:00;17:00;-;-;0
23.02.2020;17:00;18:00;-;-;0
23.02.2020;18:00;19:00;-;-;0
23.02.2020;19:00;20:00;-;-;0
23.02.2020;20:00;21:00;-;-;0
23.02.2020;21:00;22:00;-;-;0
23.02.2020;22:00;23:00;-;-;0
23.02.2020;23:00;00:00;-;-;0
24.02.2020;00:00;01:00;-;-;0
24.02.2020;01:00;02:00;-;-;0
24.02.2020;02:00;03:00;-;-;0
24.02.2020;03:00;04:00;-;-;0
24.02.2020;04:00;05:00;-;-;0
24.02.2020;05:00;06:00;-;-;0
24.02.2020;06:00;07:00;-;-;0
24.02.2020;07:00;08:00;-;-;0
24.02.2020;08:00;09:00;-;-;0
24.02.2020;09:00;10:00;-;-;0
24.02.2020;10:00;11:00;-;-;0
24.02.2020;11:00;12:00;-;-;0
24.02.2020;12:00;13:00;-;-;0
24.02.2020;13:00;14:00;-;-;0
24.02.2020;14:00;15:00;-;-;0
24.02.2020;15:00;16:00;-;-;0
24.02.2020;16:00;17:00;-;-;0
24.02.2020;17:00;18:00;-;-;0
24.02.2020;18:00;19:00;-;-;0
24.02.2020;19:00;20:00;-;-;181
24.02.2020;20:00;21:00;-;-;311
24.02.2020;21:00;22:00;-;-;384
24.02.2020;22:00;23:00;-;-;384
24.02.2020;23:00;00:00;-;-;385
25.02.2020;00:00;01:00;-;-;385
25.02.2020;01:00;02:00;-;-;389
25.02.2020;02:00;03:00;-;-;249
25.02.2020;03:00;04:00;-;-;356
25.02.2020;04:00;05:00;-;-;280
25.02.2020;05:00;06:00;-;-;209
25.02.2020;06:00;07:00;-;-;255
25.02.2020;07:00;08:00;-;-;385
25.02.2020;08:00;09:00;-;-;378
25.02.2020;09:00;10:00;-;-;377
25.02.2020;10:00;11:00;-;-;332
25.02.2020;11:00;12:00;-;-;212
25.02.2020;12:00;13:00;-;-;212
25.02.2020;13:00;14:00;-;-;216
25.02.2020;14:00;15:00;-;-;212
25.02.2020;15:00;16:00;-;-;212
25.02.2020;16:00;17:00;-;-;213
25.02.2020;17:00;18:00;-;-;215
25.02.2020;18:00;19:00;-;-;262
25.02.2020;19:00;20:00;-;-;393
25.02.2020;20:00;21:00;-;-;387
25.02.2020;21:00;22:00;-;-;386
25.02.2020;22:00;23:00;-;-;388
25.02.2020;23:00;00:00;-;-;382
26.02.2020;00:00;01:00;-;-;278
26.02.2020;01:00;02:00;-;-;46
26.02.2020;02:00;03:00;-;-;0
26.02.2020;03:00;04:00;-;-;0
26.02.2020;04:00;05:00;-;-;0
26.02.2020;05:00;06:00;-;-;0
26.02.2020;06:00;07:00;-;-;0
26.02.2020;07:00;08:00;-;-;0
26.02.2020;08:00;09:00;-;-;0
26.02.2020;09:00;10:00;-;-;0
26.02.2020;10:00;11:00;-;-;0
26.02.2020;11:00;12:00;-;-;0
26.02.2020;12:00;13:00;-;-;0
26.02.2020;13:00;14:00;-;-;0
26.02.2020;14:00;15:00;-;-;0
26.02.2020;15:00;16:00;-;-;0
26.02.2020;16:00;17:00;-;-;0
26.02.2020;17:00;18:00;-;-;0
26.02.2020;18:00;19:00;-;-;0
26.02.2020;19:00;20:00;-;-;0
26.02.2020;20:00;21:00;-;-;0
26.02.2020;21:00;22:00;-;-;0
26.02.2020;22:00;23:00;-;-;0
26.02.2020;23:00;00:00;-;-;0
27.02.2020;00:00;01:00;-;-;0
27.02.2020;01:00;02:00;-;-;0
27.02.2020;02:00;03:00;-;-;0
27.02.2020;03:00;04:00;-;-;0
27.02.2020;04:00;05:00;-;-;0
27.02.2020;05:00;06:00;-;-;0
27.02.2020;06:00;07:00;-;-;0
27.02.2020;07:00;08:00;-;-;0
27.02.2020;08:00;09:00;-;-;0
27.02.2020;09:00;10:00;-;-;0
27.02.2020;10:00;11:00;-;-;0
27.02.2020;11:00;12:00;-;-;0
27.02.2020;12:00;13:00;-;-;0
27.02.2020;13:00;14:00;-;-;0
27.02.2020;14:00;15:00;-;-;0
27.02.2020;15:00;16:00;-;-;0
27.02.2020;16:00;17:00;-;-;0
27.02.2020;17:00;18:00;-;-;0
27.02.2020;18:00;19:00;-;-;0
27.02.2020;19:00;20:00;-;-;0
27.02.2020;20:00;21:00;-;-;0
27.02.2020;21:00;22:00;-;-;0
27.02.2020;22:00;23:00;-;-;0
27.02.2020;23:00;00:00;-;-;0
28.02.2020;00:00;01:00;-;-;0
28.02.2020;01:00;02:00;-;-;0
28.02.2020;02:00;03:00;-;-;0
28.02.2020;03:00;04:00;-;-;0
28.02.2020;04:00;05:00;-;-;0
28.02.2020;05:00;06:00;-;-;0
28.02.2020;06:00;07:00;-;-;0
28.02.2020;07:00;08:00;-;-;0
28.02.2020;08:00;09:00;-;-;109
28.02.2020;09:00;10:00;-;-;298
28.02.2020;10:00;11:00;-;-;362
28.02.2020;11:00;12:00;-;-;379
28.02.2020;12:00;13:00;-;-;359
28.02.2020;13:00;14:00;-;-;374
28.02.2020;14:00;15:00;-;-;290
28.02.2020;15:00;16:00;-;-;220
28.02.2020;16:00;17:00;-;-;222
28.02.2020;17:00;18:00;-;-;220
28.02.2020;18:00;19:00;-;-;221
28.02.2020;19:00;20:00;-;-;221
28.02.2020;20:00;21:00;-;-;224
28.02.2020;21:00;22:00;-;-;222
28.02.2020;22:00;23:00;-;-;222
28.02.2020;23:00;00:00;-;-;227
29.02.2020;00:00;01:00;-;-;1
29.02.2020;01:00;02:00;-;-;0
29.02.2020;02:00;03:00;-;-;0
29.02.2020;03:00;04:00;-;-;0
29.02.2020;04:00;05:00;-;-;0
29.02.2020;05:00;06:00;-;-;0
29.02.2020;06:00;07:00;-;-;0
29.02.2020;07:00;08:00;-;-;0
29.02.2020;08:00;09:00;-;-;0
29.02.2020;09:00;10:00;-;-;0
29.02.2020;10:00;11:00;-;-;0
29.02.2020;11:00;12:00;-;-;0
29.02.2020;12:00;13:00;-;-;0
29.02.2020;13:00;14:00;-;-;0
29.02.2020;14:00;15:00;-;-;0
29.02.2020;15:00;16:00;-;-;0
29.02.2020;16:00;17:00;-;-;0
29.02.2020;17:00;18:00;-;-;0
29.02.2020;18:00;19:00;-;-;0
29.02.2020;19:00;20:00;-;-;0
29.02.2020;20:00;21:00;-;-;0
29.02.2020;21:00;22:00;-;-;0
29.02.2020;22:00;23:00;-;-;0
29.02.2020;23:00;00:00;-;-;0
01.03.2020;00:00;01:00;-;-;0
01.03.2020;01:00;02:00;-;-;0
01.03.2020;02:00;03:00;-;-;0
01.03.2020;03:00;04:00;-;-;0
01.03.2020;04:00;05:00;-;-;0
01.03.2020;05:00;06:00;-;-;0
01.03.2020;06:00;07:00;-;-;0
01.03.2020;07:00;08:00;-;-;0
01.03.2020;08:00;09:00;-;-;0
01.03.2020;09:00;10:00;-;-;0
01.03.2020;10:00;11:00;-;-;0
01.03.2020;11:00;12:00;-;-;0
01.03.2020;12:00;13:00;-;-;0
01.03.2020;13:00;14:00;-;-;0
01.03.2020;14:00;15:00;-;-;0
01.03.2020;15:00;16:00;-;-;0
01.03.2020;16:00;17:00;-;-;0
01.03.2020;17:00;18:00;-;-;0
01.03.2020;18:00;19:00;-;-;0
01.03.2020;19:00;20:00;-;-;0
01.03.2020;20:00;21:00;-;-;0
01.03.2020;21:00;22:00;-;-;0
01.03.2020;22:00;23:00;-;-;0
01.03.2020;23:00;00:00;-;-;0
02.03.2020;00:00;01:00;-;-;0
02.03.2020;01:00;02:00;-;-;0
02.03.2020;02:00;03:00;-;-;0
02.03.2020;03:00;04:00;-;-;0
02.03.2020;04:00;05:00;-;-;0
02.03.2020;05:00;06:00;-;-;0
02.03.2020;06:00;07:00;-;-;0
02.03.2020;07:00;08:00;-;-;0
02.03.2020;08:00;09:00;-;-;0
02.03.2020;09:00;10:00;-;-;0
02.03.2020;10:00;11:00;-;-;0
02.03.2020;11:00;12:00;-;-;0
02.03.2020;12:00;13:00;-;-;0
02.03.2020;13:00;14:00;-;-;0
02.03.2020;14:00;15:00;-;-;0
02.03.2020;15:00;16:00;-;-;0
02.03.2020;16:00;17:00;-;-;0
02.03.2020;17:00;18:00;-;-;0
02.03.2020;18:00;19:00;-;-;0
02.03.2020;19:00;20:00;-;-;0
02.03.2020;20:00;21:00;-;-;0
02.03.2020;21:00;22:00;-;-;0
02.03.2020;22:00;23:00;-;-;0
02.03.2020;23:00;00:00;-;-;0
03.03.2020;00:00;01:00;-;-;0
03.03.2020;01:00;02:00;-;-;0
03.03.2020;02:00;03:00;-;-;0
03.03.2020;03:00;04:00;-;-;0
03.03.2020;04:00;05:00;-;-;0
03.03.2020;05:00;06:00;-;-;0
03.03.2020;06:00;07:00;-;-;0
03.03.2020;07:00;08:00;-;-;0
03.03.2020;08:00;09:00;-;-;0
03.03.2020;09:00;10:00;-;-;0
03.03.2020;10:00;11:00;-;-;0
03.03.2020;11:00;12:00;-;-;0
03.03.2020;12:00;13:00;-;-;0
03.03.2020;13:00;14:00;-;-;0
03.03.2020;14:00;15:00;-;-;0
03.03.2020;15:00;16:00;-;-;0
03.03.2020;16:00;17:00;-;-;0
03.03.2020;17:00;18:00;-;-;0
03.03.2020;18:00;19:00;-;-;0
03.03.2020;19:00;20:00;-;-;0
03.03.2020;20:00;21:00;-;-;0
03.03.2020;21:00;22:00;-;-;0
03.03.2020;22:00;23:00;-;-;0
03.03.2020;23:00;00:00;-;-;0
04.03.2020;00:00;01:00;-;-;0
04.03.2020;01:00;02:00;-;-;0
04.03.2020;02:00;03:00;-;-;0
04.03.2020;03:00;04:00;-;-;0
04.03.2020;04:00;05:00;-;-;0
04.03.2020;05:00;06:00;-;-;0
04.03.2020;06:00;07:00;-;-;0
04.03.2020;07:00;08:00;-;-;0
04.03.2020;08:00;09:00;-;-;0
04.03.2020;09:00;10:00;-;-;0
04.03.2020;10:00;11:00;-;-;0
04.03.2020;11:00;12:00;-;-;0
04.03.2020;12:00;13:00;-;-;0
04.03.2020;13:00;14:00;-;-;0
04.03.2020;14:00;15:00;-;-;0
04.03.2020;15:00;16:00;-;-;0
04.03.2020;16:00;17:00;-;-;0
04.03.2020;17:00;18:00;-;-;0
04.03.2020;18:00;19:00;-;-;0
04.03.2020;19:00;20:00;-;-;0
04.03.2020;20:00;21:00;-;-;0
04.03.2020;21:00;22:00;-;-;0
04.03.2020;22:00;23:00;-;-;0
04.03.2020;23:00;00:00;-;-;0
05.03.2020;00:00;01:00;-;-;0
05.03.2020;01:00;02:00;-;-;0
05.03.2020;02:00;03:00;-;-;0
05.03.2020;03:00;04:00;-;-;0
05.03.2020;04:00;05:00;-;-;0
05.03.2020;05:00;06:00;-;-;0
05.03.2020;06:00;07:00;-;-;0
05.03.2020;07:00;08:00;-;-;0
05.03.2020;08:00;09:00;-;-;0
05.03.2020;09:00;10:00;-;-;0
05.03.2020;10:00;11:00;-;-;0
05.03.2020;11:00;12:00;-;-;0
05.03.2020;12:00;13:00;-;-;0
05.03.2020;13:00;14:00;-;-;0
05.03.2020;14:00;15:00;-;-;0
05.03.2020;15:00;16:00;-;-;0
05.03.2020;16:00;17:00;-;-;0
05.03.2020;17:00;18:00;-;-;0
05.03.2020;18:00;19:00;-;-;0
05.03.2020;19:00;20:00;-;-;0
05.03.2020;20:00;21:00;-;-;0
05.03.2020;21:00;22:00;-;-;0
05.03.2020;22:00;23:00;-;-;0
05.03.2020;23:00;00:00;-;-;0
06.03.2020;00:00;01:00;-;-;0
06.03.2020;01:00;02:00;-;-;0
06.03.2020;02:00;03:00;-;-;0
06.03.2020;03:00;04:00;-;-;0
06.03.2020;04:00;05:00;-;-;0
06.03.2020;05:00;06:00;-;-;0
06.03.2020;06:00;07:00;-;-;0
06.03.2020;07:00;08:00;-;-;0
06.03.2020;08:00;09:00;-;-;0
06.03.2020;09:00;10:00;-;-;0
06.03.2020;10:00;11:00;-;-;0
06.03.2020;11:00;12:00;-;-;0
06.03.2020;12:00;13:00;-;-;0
06.03.2020;13:00;14:00;-;-;0
06.03.2020;14:00;15:00;-;-;0
06.03.2020;15:00;16:00;-;-;0
06.03.2020;16:00;17:00;-;-;0
06.03.2020;17:00;18:00;-;-;0
06.03.2020;18:00;19:00;-;-;0
06.03.2020;19:00;20:00;-;-;0
06.03.2020;20:00;21:00;-;-;0
06.03.2020;21:00;22:00;-;-;0
06.03.2020;22:00;23:00;-;-;0
06.03.2020;23:00;00:00;-;-;0
07.03.2020;00:00;01:00;-;-;0
07.03.2020;01:00;02:00;-;-;0
07.03.2020;02:00;03:00;-;-;0
07.03.2020;03:00;04:00;-;-;0
07.03.2020;04:00;05:00;-;-;0
07.03.2020;05:00;06:00;-;-;0
07.03.2020;06:00;07:00;-;-;0
07.03.2020;07:00;08:00;-;-;0
07.03.2020;08:00;09:00;-;-;0
07.03.2020;09:00;10:00;-;-;0
07.03.2020;10:00;11:00;-;-;0
07.03.2020;11:00;12:00;-;-;0
07.03.2020;12:00;13:00;-;-;0
07.03.2020;13:00;14:00;-;-;0
07.03.2020;14:00;15:00;-;-;0
07.03.2020;15:00;16:00;-;-;0
07.03.2020;16:00;17:00;-;-;0
07.03.2020;17:00;18:00;-;-;0
07.03.2020;18:00;19:00;-;-;0
07.03.2020;19:00;20:00;-;-;0
07.03.2020;20:00;21:00;-;-;0
07.03.2020;21:00;22:00;-;-;0
07.03.2020;22:00;23:00;-;-;0
07.03.2020;23:00;00:00;-;-;0
08.03.2020;00:00;01:00;-;-;0
08.03.2020;01:00;02:00;-;-;0
08.03.2020;02:00;03:00;-;-;0
08.03.2020;03:00;04:00;-;-;0
08.03.2020;04:00;05:00;-;-;0
08.03.2020;05:00;06:00;-;-;0
08.03.2020;06:00;07:00;-;-;0
08.03.2020;07:00;08:00;-;-;0
08.03.2020;08:00;09:00;-;-;0
08.03.2020;09:00;10:00;-;-;0
08.03.2020;10:00;11:00;-;-;0
08.03.2020;11:00;12:00;-;-;0
08.03.2020;12:00;13:00;-;-;0
08.03.2020;13:00;14:00;-;-;0
08.03.2020;14:00;15:00;-;-;0
08.03.2020;15:00;16:00;-;-;0
08.03.2020;16:00;17:00;-;-;0
08.03.2020;17:00;18:00;-;-;0
08.03.2020;18:00;19:00;-;-;0
08.03.2020;19:00;20:00;-;-;0
08.03.2020;20:00;21:00;-;-;0
08.03.2020;21:00;22:00;-;-;0
08.03.2020;22:00;23:00;-;-;0
08.03.2020;23:00;00:00;-;-;0
09.03.2020;00:00;01:00;-;-;0
09.03.2020;01:00;02:00;-;-;0
09.03.2020;02:00;03:00;-;-;0
09.03.2020;03:00;04:00;-;-;0
09.03.2020;04:00;05:00;-;-;0
09.03.2020;05:00;06:00;-;-;0
09.03.2020;06:00;07:00;-;-;0
09.03.2020;07:00;08:00;-;-;0
09.03.2020;08:00;09:00;-;-;0
09.03.2020;09:00;10:00;-;-;0
09.03.2020;10:00;11:00;-;-;0
09.03.2020;11:00;12:00;-;-;0
09.03.2020;12:00;13:00;-;-;0
09.03.2020;13:00;14:00;-;-;0
09.03.2020;14:00;15:00;-;-;0
09.03.2020;15:00;16:00;-;-;0
09.03.2020;16:00;17:00;-;-;0
09.03.2020;17:00;18:00;-;-;0
09.03.2020;18:00;19:00;-;-;0
09.03.2020;19:00;20:00;-;-;0
09.03.2020;20:00;21:00;-;-;0
09.03.2020;21:00;22:00;-;-;0
09.03.2020;22:00;23:00;-;-;0
09.03.2020;23:00;00:00;-;-;0
10.03.2020;00:00;01:00;-;-;0
10.03.2020;01:00;02:00;-;-;0
10.03.2020;02:00;03:00;-;-;0
10.03.2020;03:00;04:00;-;-;0
10.03.2020;04:00;05:00;-;-;0
10.03.2020;05:00;06:00;-;-;0
10.03.2020;06:00;07:00;-;-;0
10.03.2020;07:00;08:00;-;-;0
10.03.2020;08:00;09:00;-;-;0
10.03.2020;09:00;10:00;-;-;0
10.03.2020;10:00;11:00;-;-;0
10.03.2020;11:00;12:00;-;-;0
10.03.2020;12:00;13:00;-;-;0
10.03.2020;13:00;14:00;-;-;0
10.03.2020;14:00;15:00;-;-;0
10.03.2020;15:00;16:00;-;-;0
10.03.2020;16:00;17:00;-;-;0
10.03.2020;17:00;18:00;-;-;0
10.03.2020;18:00;19:00;-;-;0
10.03.2020;19:00;20:00;-;-;0
10.03.2020;20:00;21:00;-;-;0
10.03.2020;21:00;22:00;-;-;0
10.03.2020;22:00;23:00;-;-;0
10.03.2020;23:00;00:00;-;-;0
11.03.2020;00:00;01:00;-;-;0
11.03.2020;01:00;02:00;-;-;0
11.03.2020;02:00;03:00;-;-;0
11.03.2020;03:00;04:00;-;-;0
11.03.2020;04:00;05:00;-;-;0
11.03.2020;05:00;06:00;-;-;0
11.03.2020;06:00;07:00;-;-;0
11.03.2020;07:00;08:00;-;-;0
11.03.2020;08:00;09:00;-;-;0
11.03.2020;09:00;10:00;-;-;0
11.03.2020;10:00;11:00;-;-;0
11.03.2020;11:00;12:00;-;-;0
11.03.2020;12:00;13:00;-;-;0
11.03.2020;13:00;14:00;-;-;0
11.03.2020;14:00;15:00;-;-;0
11.03.2020;15:00;16:00;-;-;0
11.03.2020;16:00;17:00;-;-;0
11.03.2020;17:00;18:00;-;-;0
11.03.2020;18:00;19:00;-;-;0
11.03.2020;19:00;20:00;-;-;0
11.03.2020;20:00;21:00;-;-;0
11.03.2020;21:00;22:00;-;-;0
11.03.2020;22:00;23:00;-;-;0
11.03.2020;23:00;00:00;-;-;0
12.03.2020;00:00;01:00;-;-;0
12.03.2020;01:00;02:00;-;-;0
12.03.2020;02:00;03:00;-;-;0
12.03.2020;03:00;04:00;-;-;0
12.03.2020;04:00;05:00;-;-;0
12.03.2020;05:00;06:00;-;-;0
12.03.2020;06:00;07:00;-;-;0
12.03.2020;07:00;08:00;-;-;0
12.03.2020;08:00;09:00;-;-;0
12.03.2020;09:00;10:00;-;-;0
12.03.2020;10:00;11:00;-;-;0
12.03.2020;11:00;12:00;-;-;0
12.03.2020;12:00;13:00;-;-;0
12.03.2020;13:00;14:00;-;-;0
12.03.2020;14:00;15:00;-;-;0
12.03.2020;15:00;16:00;-;-;0
12.03.2020;16:00;17:00;-;-;0
12.03.2020;17:00;18:00;-;-;0
12.03.2020;18:00;19:00;-;-;0
12.03.2020;19:00;20:00;-;-;0
12.03.2020;20:00;21:00;-;-;0
12.03.2020;21:00;22:00;-;-;0
12.03.2020;22:00;23:00;-;-;0
12.03.2020;23:00;00:00;-;-;0
13.03.2020;00:00;01:00;-;-;0
13.03.2020;01:00;02:00;-;-;0
13.03.2020;02:00;03:00;-;-;0
13.03.2020;03:00;04:00;-;-;0
13.03.2020;04:00;05:00;-;-;0
13.03.2020;05:00;06:00;-;-;0
13.03.2020;06:00;07:00;-;-;0
13.03.2020;07:00;08:00;-;-;0
13.03.2020;08:00;09:00;-;-;0
13.03.2020;09:00;10:00;-;-;0
13.03.2020;10:00;11:00;-;-;0
13.03.2020;11:00;12:00;-;-;0
13.03.2020;12:00;13:00;-;-;0
13.03.2020;13:00;14:00;-;-;0
13.03.2020;14:00;15:00;-;-;0
13.03.2020;15:00;16:00;-;-;0
13.03.2020;16:00;17:00;-;-;0
13.03.2020;17:00;18:00;-;-;0
13.03.2020;18:00;19:00;-;-;0
13.03.2020;19:00;20:00;-;-;0
13.03.2020;20:00;21:00;-;-;0
13.03.2020;21:00;22:00;-;-;0
13.03.2020;22:00;23:00;-;-;0
13.03.2020;23:00;00:00;-;-;0
14.03.2020;00:00;01:00;-;-;0
14.03.2020;01:00;02:00;-;-;0
14.03.2020;02:00;03:00;-;-;0
14.03.2020;03:00;04:00;-;-;0
14.03.2020;04:00;05:00;-;-;0
14.03.2020;05:00;06:00;-;-;0
14.03.2020;06:00;07:00;-;-;0
14.03.2020;07:00;08:00;-;-;0
14.03.2020;08:00;09:00;-;-;0
14.03.2020;09:00;10:00;-;-;0
14.03.2020;10:00;11:00;-;-;0
14.03.2020;11:00;12:00;-;-;0
14.03.2020;12:00;13:00;-;-;0
14.03.2020;13:00;14:00;-;-;0
14.03.2020;14:00;15:00;-;-;0
14.03.2020;15:00;16:00;-;-;0
14.03.2020;16:00;17:00;-;-;0
14.03.2020;17:00;18:00;-;-;0
14.03.2020;18:00;19:00;-;-;0
14.03.2020;19:00;20:00;-;-;0
14.03.2020;20:00;21:00;-;-;0
14.03.2020;21:00;22:00;-;-;0
14.03.2020;22:00;23:00;-;-;0
14.03.2020;23:00;00:00;-;-;0
15.03.2020;00:00;01:00;-;-;0
15.03.2020;01:00;02:00;-;-;0
15.03.2020;02:00;03:00;-;-;0
15.03.2020;03:00;04:00;-;-;0
15.03.2020;04:00;05:00;-;-;0
15.03.2020;05:00;06:00;-;-;0
15.03.2020;06:00;07:00;-;-;0
15.03.2020;07:00;08:00;-;-;0
15.03.2020;08:00;09:00;-;-;0
15.03.2020;09:00;10:00;-;-;0
15.03.2020;10:00;11:00;-;-;0
15.03.2020;11:00;12:00;-;-;0
15.03.2020;12:00;13:00;-;-;0
15.03.2020;13:00;14:00;-;-;0
15.03.2020;14:00;15:00;-;-;0
15.03.2020;15:00;16:00;-;-;0
15.03.2020;16:00;17:00;-;-;0
15.03.2020;17:00;18:00;-;-;0
15.03.2020;18:00;19:00;-;-;0
15.03.2020;19:00;20:00;-;-;0
15.03.2020;20:00;21:00;-;-;0
15.03.2020;21:00;22:00;-;-;0
15.03.2020;22:00;23:00;-;-;0
15.03.2020;23:00;00:00;-;-;0
16.03.2020;00:00;01:00;-;-;0
16.03.2020;01:00;02:00;-;-;0
16.03.2020;02:00;03:00;-;-;0
16.03.2020;03:00;04:00;-;-;0
16.03.2020;04:00;05:00;-;-;0
16.03.2020;05:00;06:00;-;-;0
16.03.2020;06:00;07:00;-;-;0
16.03.2020;07:00;08:00;-;-;0
16.03.2020;08:00;09:00;-;-;0
16.03.2020;09:00;10:00;-;-;0
16.03.2020;10:00;11:00;-;-;0
16.03.2020;11:00;12:00;-;-;0
16.03.2020;12:00;13:00;-;-;0
16.03.2020;13:00;14:00;-;-;0
16.03.2020;14:00;15:00;-;-;0
16.03.2020;15:00;16:00;-;-;0
16.03.2020;16:00;17:00;-;-;0
16.03.2020;17:00;18:00;-;-;0
16.03.2020;18:00;19:00;-;-;0
16.03.2020;19:00;20:00;-;-;0
16.03.2020;20:00;21:00;-;-;0
16.03.2020;21:00;22:00;-;-;0
16.03.2020;22:00;23:00;-;-;0
16.03.2020;23:00;00:00;-;-;0
17.03.2020;00:00;01:00;-;-;0
17.03.2020;01:00;02:00;-;-;0
17.03.2020;02:00;03:00;-;-;0
17.03.2020;03:00;04:00;-;-;0
17.03.2020;04:00;05:00;-;-;0
17.03.2020;05:00;06:00;-;-;0
17.03.2020;06:00;07:00;-;-;0
17.03.2020;07:00;08:00;-;-;0
17.03.2020;08:00;09:00;-;-;0
17.03.2020;09:00;10:00;-;-;0
17.03.2020;10:00;11:00;-;-;0
17.03.2020;11:00;12:00;-;-;0
17.03.2020;12:00;13:00;-;-;0
17.03.2020;13:00;14:00;-;-;0
17.03.2020;14:00;15:00;-;-;0
17.03.2020;15:00;16:00;-;-;0
17.03.2020;16:00;17:00;-;-;0
17.03.2020;17:00;18:00;-;-;0
17.03.2020;18:00;19:00;-;-;0
17.03.2020;19:00;20:00;-;-;0
17.03.2020;20:00;21:00;-;-;0
17.03.2020;21:00;22:00;-;-;0
17.03.2020;22:00;23:00;-;-;0
17.03.2020;23:00;00:00;-;-;0
18.03.2020;00:00;01:00;-;-;0
18.03.2020;01:00;02:00;-;-;0
18.03.2020;02:00;03:00;-;-;0
18.03.2020;03:00;04:00;-;-;0
18.03.2020;04:00;05:00;-;-;0
18.03.2020;05:00;06:00;-;-;0
18.03.2020;06:00;07:00;-;-;0
18.03.2020;07:00;08:00;-;-;0
18.03.2020;08:00;09:00;-;-;0
18.03.2020;09:00;10:00;-;-;0
18.03.2020;10:00;11:00;-;-;0
18.03.2020;11:00;12:00;-;-;0
18.03.2020;12:00;13:00;-;-;0
18.03.2020;13:00;14:00;-;-;0
18.03.2020;14:00;15:00;-;-;0
18.03.2020;15:00;16:00;-;-;0
18.03.2020;16:00;17:00;-;-;0
18.03.2020;17:00;18:00;-;-;0
18.03.2020;18:00;19:00;-;-;0
18.03.2020;19:00;20:00;-;-;0
18.03.2020;20:00;21:00;-;-;0
18.03.2020;21:00;22:00;-;-;0
18.03.2020;22:00;23:00;-;-;0
18.03.2020;23:00;00:00;-;-;0
19.03.2020;00:00;01:00;-;-;0
19.03.2020;01:00;02:00;-;-;0
19.03.2020;02:00;03:00;-;-;0
19.03.2020;03:00;04:00;-;-;0
19.03.2020;04:00;05:00;-;-;0
19.03.2020;05:00;06:00;-;-;0
19.03.2020;06:00;07:00;-;-;0
19.03.2020;07:00;08:00;-;-;0
19.03.2020;08:00;09:00;-;-;0
19.03.2020;09:00;10:00;-;-;0
19.03.2020;10:00;11:00;-;-;0
19.03.2020;11:00;12:00;-;-;0
19.03.2020;12:00;13:00;-;-;0
19.03.2020;13:00;14:00;-;-;0
19.03.2020;14:00;15:00;-;-;0
19.03.2020;15:00;16:00;-;-;0
19.03.2020;16:00;17:00;-;-;0
19.03.2020;17:00;18:00;-;-;0
19.03.2020;18:00;19:00;-;-;0
19.03.2020;19:00;20:00;-;-;0
19.03.2020;20:00;21:00;-;-;0
19.03.2020;21:00;22:00;-;-;0
19.03.2020;22:00;23:00;-;-;0
19.03.2020;23:00;00:00;-;-;0
20.03.2020;00:00;01:00;-;-;0
20.03.2020;01:00;02:00;-;-;0
20.03.2020;02:00;03:00;-;-;0
20.03.2020;03:00;04:00;-;-;0
20.03.2020;04:00;05:00;-;-;0
20.03.2020;05:00;06:00;-;-;0
20.03.2020;06:00;07:00;-;-;0
20.03.2020;07:00;08:00;-;-;0
20.03.2020;08:00;09:00;-;-;0
20.03.2020;09:00;10:00;-;-;0
20.03.2020;10:00;11:00;-;-;0
20.03.2020;11:00;12:00;-;-;0
20.03.2020;12:00;13:00;-;-;0
20.03.2020;13:00;14:00;-;-;0
20.03.2020;14:00;15:00;-;-;0
20.03.2020;15:00;16:00;-;-;0
20.03.2020;16:00;17:00;-;-;0
20.03.2020;17:00;18:00;-;-;0
20.03.2020;18:00;19:00;-;-;0
20.03.2020;19:00;20:00;-;-;0
20.03.2020;20:00;21:00;-;-;0
20.03.2020;21:00;22:00;-;-;0
20.03.2020;22:00;23:00;-;-;0
20.03.2020;23:00;00:00;-;-;0
21.03.2020;00:00;01:00;-;-;0
21.03.2020;01:00;02:00;-;-;0
21.03.2020;02:00;03:00;-;-;0
21.03.2020;03:00;04:00;-;-;0
21.03.2020;04:00;05:00;-;-;0
21.03.2020;05:00;06:00;-;-;0
21.03.2020;06:00;07:00;-;-;0
21.03.2020;07:00;08:00;-;-;0
21.03.2020;08:00;09:00;-;-;0
21.03.2020;09:00;10:00;-;-;0
21.03.2020;10:00;11:00;-;-;0
21.03.2020;11:00;12:00;-;-;0
21.03.2020;12:00;13:00;-;-;0
21.03.2020;13:00;14:00;-;-;0
21.03.2020;14:00;15:00;-;-;0
21.03.2020;15:00;16:00;-;-;0
21.03.2020;16:00;17:00;-;-;0
21.03.2020;17:00;18:00;-;-;0
21.03.2020;18:00;19:00;-;-;0
21.03.2020;19:00;20:00;-;-;0
21.03.2020;20:00;21:00;-;-;0
21.03.2020;21:00;22:00;-;-;0
21.03.2020;22:00;23:00;-;-;0
21.03.2020;23:00;00:00;-;-;0
22.03.2020;00:00;01:00;-;-;0
22.03.2020;01:00;02:00;-;-;0
22.03.2020;02:00;03:00;-;-;0
22.03.2020;03:00;04:00;-;-;0
22.03.2020;04:00;05:00;-;-;0
22.03.2020;05:00;06:00;-;-;0
22.03.2020;06:00;07:00;-;-;0
22.03.2020;07:00;08:00;-;-;0
22.03.2020;08:00;09:00;-;-;0
22.03.2020;09:00;10:00;-;-;0
22.03.2020;10:00;11:00;-;-;0
22.03.2020;11:00;12:00;-;-;0
22.03.2020;12:00;13:00;-;-;0
22.03.2020;13:00;14:00;-;-;0
22.03.2020;14:00;15:00;-;-;0
22.03.2020;15:00;16:00;-;-;0
22.03.2020;16:00;17:00;-;-;0
22.03.2020;17:00;18:00;-;-;0
22.03.2020;18:00;19:00;-;-;0
22.03.2020;19:00;20:00;-;-;0
22.03.2020;20:00;21:00;-;-;0
22.03.2020;21:00;22:00;-;-;0
22.03.2020;22:00;23:00;-;-;0
22.03.2020;23:00;00:00;-;-;0
23.03.2020;00:00;01:00;-;-;0
23.03.2020;01:00;02:00;-;-;0
23.03.2020;02:00;03:00;-;-;0
23.03.2020;03:00;04:00;-;-;0
23.03.2020;04:00;05:00;-;-;0
23.03.2020;05:00;06:00;-;-;0
23.03.2020;06:00;07:00;-;-;0
23.03.2020;07:00;08:00;-;-;0
23.03.2020;08:00;09:00;-;-;0
23.03.2020;09:00;10:00;-;-;0
23.03.2020;10:00;11:00;-;-;0
23.03.2020;11:00;12:00;-;-;0
23.03.2020;12:00;13:00;-;-;0
23.03.2020;13:00;14:00;-;-;0
23.03.2020;14:00;15:00;-;-;0
23.03.2020;15:00;16:00;-;-;0
23.03.2020;16:00;17:00;-;-;0
23.03.2020;17:00;18:00;-;-;0
23.03.2020;18:00;19:00;-;-;0
23.03.2020;19:00;20:00;-;-;0
23.03.2020;20:00;21:00;-;-;0
23.03.2020;21:00;22:00;-;-;0
23.03.2020;22:00;23:00;-;-;0
23.03.2020;23:00;00:00;-;-;0
24.03.2020;00:00;01:00;-;-;0
24.03.2020;01:00;02:00;-;-;0
24.03.2020;02:00;03:00;-;-;0
24.03.2020;03:00;04:00;-;-;0
24.03.2020;04:00;05:00;-;-;0
24.03.2020;05:00;06:00;-;-;0
24.03.2020;06:00;07:00;-;-;0
24.03.2020;07:00;08:00;-;-;0
24.03.2020;08:00;09:00;-;-;0
24.03.2020;09:00;10:00;-;-;0
24.03.2020;10:00;11:00;-;-;0
24.03.2020;11:00;12:00;-;-;0
24.03.2020;12:00;13:00;-;-;0
24.03.2020;13:00;14:00;-;-;0
24.03.2020;14:00;15:00;-;-;0
24.03.2020;15:00;16:00;-;-;0
24.03.2020;16:00;17:00;-;-;0
24.03.2020;17:00;18:00;-;-;0
24.03.2020;18:00;19:00;-;-;0
24.03.2020;19:00;20:00;-;-;0
24.03.2020;20:00;21:00;-;-;0
24.03.2020;21:00;22:00;-;-;0
24.03.2020;22:00;23:00;-;-;0
24.03.2020;23:00;00:00;-;-;0
25.03.2020;00:00;01:00;-;-;0
25.03.2020;01:00;02:00;-;-;0
25.03.2020;02:00;03:00;-;-;0
25.03.2020;03:00;04:00;-;-;0
25.03.2020;04:00;05:00;-;-;0
25.03.2020;05:00;06:00;-;-;0
25.03.2020;06:00;07:00;-;-;0
25.03.2020;07:00;08:00;-;-;0
25.03.2020;08:00;09:00;-;-;0
25.03.2020;09:00;10:00;-;-;0
25.03.2020;10:00;11:00;-;-;0
25.03.2020;11:00;12:00;-;-;0
25.03.2020;12:00;13:00;-;-;0
25.03.2020;13:00;14:00;-;-;0
25.03.2020;14:00;15:00;-;-;0
25.03.2020;15:00;16:00;-;-;0
25.03.2020;16:00;17:00;-;-;0
25.03.2020;17:00;18:00;-;-;0
25.03.2020;18:00;19:00;-;-;0
25.03.2020;19:00;20:00;-;-;0
25.03.2020;20:00;21:00;-;-;0
25.03.2020;21:00;22:00;-;-;0
25.03.2020;22:00;23:00;-;-;0
25.03.2020;23:00;00:00;-;-;0
26.03.2020;00:00;01:00;-;-;0
26.03.2020;01:00;02:00;-;-;0
26.03.2020;02:00;03:00;-;-;0
26.03.2020;03:00;04:00;-;-;0
26.03.2020;04:00;05:00;-;-;0
26.03.2020;05:00;06:00;-;-;0
26.03.2020;06:00;07:00;-;-;0
26.03.2020;07:00;08:00;-;-;0
26.03.2020;08:00;09:00;-;-;0
26.03.2020;09:00;10:00;-;-;0
26.03.2020;10:00;11:00;-;-;0
26.03.2020;11:00;12:00;-;-;0
26.03.2020;12:00;13:00;-;-;0
26.03.2020;13:00;14:00;-;-;0
26.03.2020;14:00;15:00;-;-;0
26.03.2020;15:00;16:00;-;-;0
26.03.2020;16:00;17:00;-;-;0
26.03.2020;17:00;18:00;-;-;0
26.03.2020;18:00;19:00;-;-;0
26.03.2020;19:00;20:00;-;-;0
26.03.2020;20:00;21:00;-;-;0
26.03.2020;21:00;22:00;-;-;0
26.03.2020;22:00;23:00;-;-;0
26.03.2020;23:00;00:00;-;-;0
27.03.2020;00:00;01:00;-;-;0
27.03.2020;01:00;02:00;-;-;0
27.03.2020;02:00;03:00;-;-;0
27.03.2020;03:00;04:00;-;-;0
27.03.2020;04:00;05:00;-;-;0
27.03.2020;05:00;06:00;-;-;0
27.03.2020;06:00;07:00;-;-;0
27.03.2020;07:00;08:00;-;-;0
27.03.2020;08:00;09:00;-;-;0
27.03.2020;09:00;10:00;-;-;0
27.03.2020;10:00;11:00;-;-;0
27.03.2020;11:00;12:00;-;-;0
27.03.2020;12:00;13:00;-;-;0
27.03.2020;13:00;14:00;-;-;0
27.03.2020;14:00;15:00;-;-;0
27.03.2020;15:00;16:00;-;-;0
27.03.2020;16:00;17:00;-;-;0
27.03.2020;17:00;18:00;-;-;0
27.03.2020;18:00;19:00;-;-;0
27.03.2020;19:00;20:00;-;-;0
27.03.2020;20:00;21:00;-;-;0
27.03.2020;21:00;22:00;-;-;0
27.03.2020;22:00;23:00;-;-;0
27.03.2020;23:00;00:00;-;-;0
28.03.2020;00:00;01:00;-;-;0
28.03.2020;01:00;02:00;-;-;0
28.03.2020;02:00;03:00;-;-;0
28.03.2020;03:00;04:00;-;-;0
28.03.2020;04:00;05:00;-;-;0
28.03.2020;05:00;06:00;-;-;0
28.03.2020;06:00;07:00;-;-;0
28.03.2020;07:00;08:00;-;-;0
28.03.2020;08:00;09:00;-;-;0
28.03.2020;09:00;10:00;-;-;0
28.03.2020;10:00;11:00;-;-;0
28.03.2020;11:00;12:00;-;-;0
28.03.2020;12:00;13:00;-;-;0
28.03.2020;13:00;14:00;-;-;0
28.03.2020;14:00;15:00;-;-;0
28.03.2020;15:00;16:00;-;-;0
28.03.2020;16:00;17:00;-;-;0
28.03.2020;17:00;18:00;-;-;0
28.03.2020;18:00;19:00;-;-;0
28.03.2020;19:00;20:00;-;-;0
28.03.2020;20:00;21:00;-;-;0
28.03.2020;21:00;22:00;-;-;0
28.03.2020;22:00;23:00;-;-;0
28.03.2020;23:00;00:00;-;-;0
29.03.2020;00:00;01:00;-;-;0
29.03.2020;01:00;02:00;-;-;0
29.03.2020;03:00;04:00;-;-;0
29.03.2020;04:00;05:00;-;-;0
29.03.2020;05:00;06:00;-;-;0
29.03.2020;06:00;07:00;-;-;0
29.03.2020;07:00;08:00;-;-;0
29.03.2020;08:00;09:00;-;-;0
29.03.2020;09:00;10:00;-;-;0
29.03.2020;10:00;11:00;-;-;0
29.03.2020;11:00;12:00;-;-;0
29.03.2020;12:00;13:00;-;-;0
29.03.2020;13:00;14:00;-;-;0
29.03.2020;14:00;15:00;-;-;0
29.03.2020;15:00;16:00;-;-;0
29.03.2020;16:00;17:00;-;-;0
29.03.2020;17:00;18:00;-;-;0
29.03.2020;18:00;19:00;-;-;0
29.03.2020;19:00;20:00;-;-;0
29.03.2020;20:00;21:00;-;-;0
29.03.2020;21:00;22:00;-;-;0
29.03.2020;22:00;23:00;-;-;0
29.03.2020;23:00;00:00;-;-;0
30.03.2020;00:00;01:00;-;-;0
30.03.2020;01:00;02:00;-;-;0
30.03.2020;02:00;03:00;-;-;0
30.03.2020;03:00;04:00;-;-;0
30.03.2020;04:00;05:00;-;-;0
30.03.2020;05:00;06:00;-;-;0
30.03.2020;06:00;07:00;-;-;0
30.03.2020;07:00;08:00;-;-;0
30.03.2020;08:00;09:00;-;-;0
30.03.2020;09:00;10:00;-;-;0
30.03.2020;10:00;11:00;-;-;0
30.03.2020;11:00;12:00;-;-;0
30.03.2020;12:00;13:00;-;-;0
30.03.2020;13:00;14:00;-;-;0
30.03.2020;14:00;15:00;-;-;0
30.03.2020;15:00;16:00;-;-;0
30.03.2020;16:00;17:00;-;-;0
30.03.2020;17:00;18:00;-;-;0
30.03.2020;18:00;19:00;-;-;0
30.03.2020;19:00;20:00;-;-;0
30.03.2020;20:00;21:00;-;-;0
30.03.2020;21:00;22:00;-;-;0
30.03.2020;22:00;23:00;-;-;0
30.03.2020;23:00;00:00;-;-;0
31.03.2020;00:00;01:00;-;-;0
31.03.2020;01:00;02:00;-;-;0
31.03.2020;02:00;03:00;-;-;0
31.03.2020;03:00;04:00;-;-;0
31.03.2020;04:00;05:00;-;-;0
31.03.2020;05:00;06:00;-;-;0
31.03.2020;06:00;07:00;-;-;0
31.03.2020;07:00;08:00;-;-;0
31.03.2020;08:00;09:00;-;-;0
31.03.2020;09:00;10:00;-;-;0
31.03.2020;10:00;11:00;-;-;0
31.03.2020;11:00;12:00;-;-;0
31.03.2020;12:00;13:00;-;-;0
31.03.2020;13:00;14:00;-;-;0
31.03.2020;14:00;15:00;-;-;0
31.03.2020;15:00;16:00;-;-;0
31.03.2020;16:00;17:00;-;-;0
31.03.2020;17:00;18:00;-;-;0
31.03.2020;18:00;19:00;-;-;0
31.03.2020;19:00;20:00;-;-;0
31.03.2020;20:00;21:00;-;-;0
31.03.2020;21:00;22:00;-;-;0
31.03.2020;22:00;23:00;-;-;0
31.03.2020;23:00;00:00;-;-;0
01.04.2020;00:00;01:00;-;-;0
01.04.2020;01:00;02:00;-;-;0
01.04.2020;02:00;03:00;-;-;0
01.04.2020;03:00;04:00;-;-;0
01.04.2020;04:00;05:00;-;-;0
01.04.2020;05:00;06:00;-;-;0
01.04.2020;06:00;07:00;-;-;0
01.04.2020;07:00;08:00;-;-;0
01.04.2020;08:00;09:00;-;-;0
01.04.2020;09:00;10:00;-;-;0
01.04.2020;10:00;11:00;-;-;0
01.04.2020;11:00;12:00;-;-;0
01.04.2020;12:00;13:00;-;-;0
01.04.2020;13:00;14:00;-;-;0
01.04.2020;14:00;15:00;-;-;0
01.04.2020;15:00;16:00;-;-;0
01.04.2020;16:00;17:00;-;-;0
01.04.2020;17:00;18:00;-;-;0
01.04.2020;18:00;19:00;-;-;0
01.04.2020;19:00;20:00;-;-;0
01.04.2020;20:00;21:00;-;-;0
01.04.2020;21:00;22:00;-;-;0
01.04.2020;22:00;23:00;-;-;0
01.04.2020;23:00;00:00;-;-;0
02.04.2020;00:00;01:00;-;-;0
02.04.2020;01:00;02:00;-;-;0
02.04.2020;02:00;03:00;-;-;0
02.04.2020;03:00;04:00;-;-;0
02.04.2020;04:00;05:00;-;-;0
02.04.2020;05:00;06:00;-;-;0
02.04.2020;06:00;07:00;-;-;0
02.04.2020;07:00;08:00;-;-;0
02.04.2020;08:00;09:00;-;-;0
02.04.2020;09:00;10:00;-;-;0
02.04.2020;10:00;11:00;-;-;0
02.04.2020;11:00;12:00;-;-;0
02.04.2020;12:00;13:00;-;-;0
02.04.2020;13:00;14:00;-;-;0
02.04.2020;14:00;15:00;-;-;0
02.04.2020;15:00;16:00;-;-;0
02.04.2020;16:00;17:00;-;-;0
02.04.2020;17:00;18:00;-;-;0
02.04.2020;18:00;19:00;-;-;0
02.04.2020;19:00;20:00;-;-;41
02.04.2020;20:00;21:00;-;-;175
02.04.2020;21:00;22:00;-;-;213
02.04.2020;22:00;23:00;-;-;351
02.04.2020;23:00;00:00;-;-;403
03.04.2020;00:00;01:00;-;-;401
03.04.2020;01:00;02:00;-;-;321
03.04.2020;02:00;03:00;-;-;219
03.04.2020;03:00;04:00;-;-;7
03.04.2020;04:00;05:00;-;-;0
03.04.2020;05:00;06:00;-;-;0
03.04.2020;06:00;07:00;-;-;0
03.04.2020;07:00;08:00;-;-;0
03.04.2020;08:00;09:00;-;-;0
03.04.2020;09:00;10:00;-;-;0
03.04.2020;10:00;11:00;-;-;0
03.04.2020;11:00;12:00;-;-;0
03.04.2020;12:00;13:00;-;-;0
03.04.2020;13:00;14:00;-;-;0
03.04.2020;14:00;15:00;-;-;0
03.04.2020;15:00;16:00;-;-;0
03.04.2020;16:00;17:00;-;-;0
03.04.2020;17:00;18:00;-;-;0
03.04.2020;18:00;19:00;-;-;0
03.04.2020;19:00;20:00;-;-;0
03.04.2020;20:00;21:00;-;-;0
03.04.2020;21:00;22:00;-;-;0
03.04.2020;22:00;23:00;-;-;0
03.04.2020;23:00;00:00;-;-;0
04.04.2020;00:00;01:00;-;-;0
04.04.2020;01:00;02:00;-;-;0
04.04.2020;02:00;03:00;-;-;0
04.04.2020;03:00;04:00;-;-;0
04.04.2020;04:00;05:00;-;-;0
04.04.2020;05:00;06:00;-;-;0
04.04.2020;06:00;07:00;-;-;0
04.04.2020;07:00;08:00;-;-;0
04.04.2020;08:00;09:00;-;-;0
04.04.2020;09:00;10:00;-;-;0
04.04.2020;10:00;11:00;-;-;0
04.04.2020;11:00;12:00;-;-;0
04.04.2020;12:00;13:00;-;-;0
04.04.2020;13:00;14:00;-;-;0
04.04.2020;14:00;15:00;-;-;0
04.04.2020;15:00;16:00;-;-;0
04.04.2020;16:00;17:00;-;-;0
04.04.2020;17:00;18:00;-;-;0
04.04.2020;18:00;19:00;-;-;0
04.04.2020;19:00;20:00;-;-;0
04.04.2020;20:00;21:00;-;-;0
04.04.2020;21:00;22:00;-;-;0
04.04.2020;22:00;23:00;-;-;0
04.04.2020;23:00;00:00;-;-;0
05.04.2020;00:00;01:00;-;-;0
05.04.2020;01:00;02:00;-;-;0
05.04.2020;02:00;03:00;-;-;0
05.04.2020;03:00;04:00;-;-;0
05.04.2020;04:00;05:00;-;-;0
05.04.2020;05:00;06:00;-;-;0
05.04.2020;06:00;07:00;-;-;0
05.04.2020;07:00;08:00;-;-;0
05.04.2020;08:00;09:00;-;-;0
05.04.2020;09:00;10:00;-;-;0
05.04.2020;10:00;11:00;-;-;0
05.04.2020;11:00;12:00;-;-;0
05.04.2020;12:00;13:00;-;-;0
05.04.2020;13:00;14:00;-;-;0
05.04.2020;14:00;15:00;-;-;0
05.04.2020;15:00;16:00;-;-;0
05.04.2020;16:00;17:00;-;-;0
05.04.2020;17:00;18:00;-;-;0
05.04.2020;18:00;19:00;-;-;0
05.04.2020;19:00;20:00;-;-;0
05.04.2020;20:00;21:00;-;-;0
05.04.2020;21:00;22:00;-;-;0
05.04.2020;22:00;23:00;-;-;0
05.04.2020;23:00;00:00;-;-;0
06.04.2020;00:00;01:00;-;-;0
06.04.2020;01:00;02:00;-;-;0
06.04.2020;02:00;03:00;-;-;0
06.04.2020;03:00;04:00;-;-;0
06.04.2020;04:00;05:00;-;-;0
06.04.2020;05:00;06:00;-;-;0
06.04.2020;06:00;07:00;-;-;0
06.04.2020;07:00;08:00;-;-;0
06.04.2020;08:00;09:00;-;-;0
06.04.2020;09:00;10:00;-;-;0
06.04.2020;10:00;11:00;-;-;0
06.04.2020;11:00;12:00;-;-;0
06.04.2020;12:00;13:00;-;-;0
06.04.2020;13:00;14:00;-;-;0
06.04.2020;14:00;15:00;-;-;0
06.04.2020;15:00;16:00;-;-;0
06.04.2020;16:00;17:00;-;-;0
06.04.2020;17:00;18:00;-;-;0
06.04.2020;18:00;19:00;-;-;0
06.04.2020;19:00;20:00;-;-;0
06.04.2020;20:00;21:00;-;-;0
06.04.2020;21:00;22:00;-;-;0
06.04.2020;22:00;23:00;-;-;0
06.04.2020;23:00;00:00;-;-;0
07.04.2020;00:00;01:00;-;-;0
07.04.2020;01:00;02:00;-;-;0
07.04.2020;02:00;03:00;-;-;0
07.04.2020;03:00;04:00;-;-;0
07.04.2020;04:00;05:00;-;-;0
07.04.2020;05:00;06:00;-;-;0
07.04.2020;06:00;07:00;-;-;0
07.04.2020;07:00;08:00;-;-;0
07.04.2020;08:00;09:00;-;-;0
07.04.2020;09:00;10:00;-;-;0
07.04.2020;10:00;11:00;-;-;0
07.04.2020;11:00;12:00;-;-;0
07.04.2020;12:00;13:00;-;-;0
07.04.2020;13:00;14:00;-;-;0
07.04.2020;14:00;15:00;-;-;0
07.04.2020;15:00;16:00;-;-;0
07.04.2020;16:00;17:00;-;-;0
07.04.2020;17:00;18:00;-;-;0
07.04.2020;18:00;19:00;-;-;0
07.04.2020;19:00;20:00;-;-;0
07.04.2020;20:00;21:00;-;-;0
07.04.2020;21:00;22:00;-;-;0
07.04.2020;22:00;23:00;-;-;0
07.04.2020;23:00;00:00;-;-;0
08.04.2020;00:00;01:00;-;-;0
08.04.2020;01:00;02:00;-;-;0
08.04.2020;02:00;03:00;-;-;0
08.04.2020;03:00;04:00;-;-;0
08.04.2020;04:00;05:00;-;-;0
08.04.2020;05:00;06:00;-;-;0
08.04.2020;06:00;07:00;-;-;0
08.04.2020;07:00;08:00;-;-;0
08.04.2020;08:00;09:00;-;-;0
08.04.2020;09:00;10:00;-;-;0
08.04.2020;10:00;11:00;-;-;0
08.04.2020;11:00;12:00;-;-;0
08.04.2020;12:00;13:00;-;-;0
08.04.2020;13:00;14:00;-;-;0
08.04.2020;14:00;15:00;-;-;0
08.04.2020;15:00;16:00;-;-;0
08.04.2020;16:00;17:00;-;-;0
08.04.2020;17:00;18:00;-;-;0
08.04.2020;18:00;19:00;-;-;0
08.04.2020;19:00;20:00;-;-;0
08.04.2020;20:00;21:00;-;-;0
08.04.2020;21:00;22:00;-;-;0
08.04.2020;22:00;23:00;-;-;0
08.04.2020;23:00;00:00;-;-;0
09.04.2020;00:00;01:00;-;-;0
09.04.2020;01:00;02:00;-;-;0
09.04.2020;02:00;03:00;-;-;0
09.04.2020;03:00;04:00;-;-;0
09.04.2020;04:00;05:00;-;-;0
09.04.2020;05:00;06:00;-;-;0
09.04.2020;06:00;07:00;-;-;0
09.04.2020;07:00;08:00;-;-;0
09.04.2020;08:00;09:00;-;-;0
09.04.2020;09:00;10:00;-;-;0
09.04.2020;10:00;11:00;-;-;0
09.04.2020;11:00;12:00;-;-;0
09.04.2020;12:00;13:00;-;-;0
09.04.2020;13:00;14:00;-;-;0
09.04.2020;14:00;15:00;-;-;0
09.04.2020;15:00;16:00;-;-;0
09.04.2020;16:00;17:00;-;-;0
09.04.2020;17:00;18:00;-;-;0
09.04.2020;18:00;19:00;-;-;0
09.04.2020;19:00;20:00;-;-;0
09.04.2020;20:00;21:00;-;-;0
09.04.2020;21:00;22:00;-;-;0
09.04.2020;22:00;23:00;-;-;0
09.04.2020;23:00;00:00;-;-;0
10.04.2020;00:00;01:00;-;-;0
10.04.2020;01:00;02:00;-;-;0
10.04.2020;02:00;03:00;-;-;0
10.04.2020;03:00;04:00;-;-;0
10.04.2020;04:00;05:00;-;-;0
10.04.2020;05:00;06:00;-;-;0
10.04.2020;06:00;07:00;-;-;0
10.04.2020;07:00;08:00;-;-;0
10.04.2020;08:00;09:00;-;-;0
10.04.2020;09:00;10:00;-;-;0
10.04.2020;10:00;11:00;-;-;0
10.04.2020;11:00;12:00;-;-;0
10.04.2020;12:00;13:00;-;-;0
10.04.2020;13:00;14:00;-;-;0
10.04.2020;14:00;15:00;-;-;0
10.04.2020;15:00;16:00;-;-;0
10.04.2020;16:00;17:00;-;-;0
10.04.2020;17:00;18:00;-;-;0
10.04.2020;18:00;19:00;-;-;0
10.04.2020;19:00;20:00;-;-;0
10.04.2020;20:00;21:00;-;-;0
10.04.2020;21:00;22:00;-;-;0
10.04.2020;22:00;23:00;-;-;0
10.04.2020;23:00;00:00;-;-;0
11.04.2020;00:00;01:00;-;-;0
11.04.2020;01:00;02:00;-;-;0
11.04.2020;02:00;03:00;-;-;0
11.04.2020;03:00;04:00;-;-;0
11.04.2020;04:00;05:00;-;-;0
11.04.2020;05:00;06:00;-;-;0
11.04.2020;06:00;07:00;-;-;0
11.04.2020;07:00;08:00;-;-;0
11.04.2020;08:00;09:00;-;-;0
11.04.2020;09:00;10:00;-;-;0
11.04.2020;10:00;11:00;-;-;0
11.04.2020;11:00;12:00;-;-;0
11.04.2020;12:00;13:00;-;-;0
11.04.2020;13:00;14:00;-;-;0
11.04.2020;14:00;15:00;-;-;0
11.04.2020;15:00;16:00;-;-;0
11.04.2020;16:00;17:00;-;-;0
11.04.2020;17:00;18:00;-;-;0
11.04.2020;18:00;19:00;-;-;0
11.04.2020;19:00;20:00;-;-;0
11.04.2020;20:00;21:00;-;-;0
11.04.2020;21:00;22:00;-;-;0
11.04.2020;22:00;23:00;-;-;0
11.04.2020;23:00;00:00;-;-;0
12.04.2020;00:00;01:00;-;-;0
12.04.2020;01:00;02:00;-;-;0
12.04.2020;02:00;03:00;-;-;0
12.04.2020;03:00;04:00;-;-;0
12.04.2020;04:00;05:00;-;-;0
12.04.2020;05:00;06:00;-;-;0
12.04.2020;06:00;07:00;-;-;0
12.04.2020;07:00;08:00;-;-;0
12.04.2020;08:00;09:00;-;-;0
12.04.2020;09:00;10:00;-;-;0
12.04.2020;10:00;11:00;-;-;0
12.04.2020;11:00;12:00;-;-;0
12.04.2020;12:00;13:00;-;-;0
12.04.2020;13:00;14:00;-;-;0
12.04.2020;14:00;15:00;-;-;0
12.04.2020;15:00;16:00;-;-;0
12.04.2020;16:00;17:00;-;-;0
12.04.2020;17:00;18:00;-;-;0
12.04.2020;18:00;19:00;-;-;0
12.04.2020;19:00;20:00;-;-;0
12.04.2020;20:00;21:00;-;-;0
12.04.2020;21:00;22:00;-;-;0
12.04.2020;22:00;23:00;-;-;0
12.04.2020;23:00;00:00;-;-;0
13.04.2020;00:00;01:00;-;-;0
13.04.2020;01:00;02:00;-;-;0
13.04.2020;02:00;03:00;-;-;0
13.04.2020;03:00;04:00;-;-;0
13.04.2020;04:00;05:00;-;-;0
13.04.2020;05:00;06:00;-;-;0
13.04.2020;06:00;07:00;-;-;0
13.04.2020;07:00;08:00;-;-;0
13.04.2020;08:00;09:00;-;-;0
13.04.2020;09:00;10:00;-;-;0
13.04.2020;10:00;11:00;-;-;0
13.04.2020;11:00;12:00;-;-;0
13.04.2020;12:00;13:00;-;-;0
13.04.2020;13:00;14:00;-;-;0
13.04.2020;14:00;15:00;-;-;0
13.04.2020;15:00;16:00;-;-;0
13.04.2020;16:00;17:00;-;-;0
13.04.2020;17:00;18:00;-;-;0
13.04.2020;18:00;19:00;-;-;0
13.04.2020;19:00;20:00;-;-;0
13.04.2020;20:00;21:00;-;-;0
13.04.2020;21:00;22:00;-;-;0
13.04.2020;22:00;23:00;-;-;0
13.04.2020;23:00;00:00;-;-;0
14.04.2020;00:00;01:00;-;-;0
14.04.2020;01:00;02:00;-;-;0
14.04.2020;02:00;03:00;-;-;0
14.04.2020;03:00;04:00;-;-;0
14.04.2020;04:00;05:00;-;-;0
14.04.2020;05:00;06:00;-;-;0
14.04.2020;06:00;07:00;-;-;0
14.04.2020;07:00;08:00;-;-;0
14.04.2020;08:00;09:00;-;-;0
14.04.2020;09:00;10:00;-;-;0
14.04.2020;10:00;11:00;-;-;0
14.04.2020;11:00;12:00;-;-;0
14.04.2020;12:00;13:00;-;-;0
14.04.2020;13:00;14:00;-;-;0
14.04.2020;14:00;15:00;-;-;0
14.04.2020;15:00;16:00;-;-;0
14.04.2020;16:00;17:00;-;-;0
14.04.2020;17:00;18:00;-;-;0
14.04.2020;18:00;19:00;-;-;0
14.04.2020;19:00;20:00;-;-;0
14.04.2020;20:00;21:00;-;-;0
14.04.2020;21:00;22:00;-;-;0
14.04.2020;22:00;23:00;-;-;0
14.04.2020;23:00;00:00;-;-;0
15.04.2020;00:00;01:00;-;-;0
15.04.2020;01:00;02:00;-;-;0
15.04.2020;02:00;03:00;-;-;0
15.04.2020;03:00;04:00;-;-;0
15.04.2020;04:00;05:00;-;-;0
15.04.2020;05:00;06:00;-;-;0
15.04.2020;06:00;07:00;-;-;0
15.04.2020;07:00;08:00;-;-;0
15.04.2020;08:00;09:00;-;-;0
15.04.2020;09:00;10:00;-;-;0
15.04.2020;10:00;11:00;-;-;0
15.04.2020;11:00;12:00;-;-;0
15.04.2020;12:00;13:00;-;-;0
15.04.2020;13:00;14:00;-;-;0
15.04.2020;14:00;15:00;-;-;0
15.04.2020;15:00;16:00;-;-;0
15.04.2020;16:00;17:00;-;-;0
15.04.2020;17:00;18:00;-;-;0
15.04.2020;18:00;19:00;-;-;0
15.04.2020;19:00;20:00;-;-;0
15.04.2020;20:00;21:00;-;-;0
15.04.2020;21:00;22:00;-;-;0
15.04.2020;22:00;23:00;-;-;0
15.04.2020;23:00;00:00;-;-;0
16.04.2020;00:00;01:00;-;-;0
16.04.2020;01:00;02:00;-;-;0
16.04.2020;02:00;03:00;-;-;0
16.04.2020;03:00;04:00;-;-;0
16.04.2020;04:00;05:00;-;-;0
16.04.2020;05:00;06:00;-;-;0
16.04.2020;06:00;07:00;-;-;0
16.04.2020;07:00;08:00;-;-;0
16.04.2020;08:00;09:00;-;-;0
16.04.2020;09:00;10:00;-;-;0
16.04.2020;10:00;11:00;-;-;0
16.04.2020;11:00;12:00;-;-;0
16.04.2020;12:00;13:00;-;-;0
16.04.2020;13:00;14:00;-;-;0
16.04.2020;14:00;15:00;-;-;0
16.04.2020;15:00;16:00;-;-;0
16.04.2020;16:00;17:00;-;-;0
16.04.2020;17:00;18:00;-;-;0
16.04.2020;18:00;19:00;-;-;0
16.04.2020;19:00;20:00;-;-;0
16.04.2020;20:00;21:00;-;-;0
16.04.2020;21:00;22:00;-;-;0
16.04.2020;22:00;23:00;-;-;0
16.04.2020;23:00;00:00;-;-;0
17.04.2020;00:00;01:00;-;-;0
17.04.2020;01:00;02:00;-;-;0
17.04.2020;02:00;03:00;-;-;0
17.04.2020;03:00;04:00;-;-;0
17.04.2020;04:00;05:00;-;-;0
17.04.2020;05:00;06:00;-;-;0
17.04.2020;06:00;07:00;-;-;0
17.04.2020;07:00;08:00;-;-;0
17.04.2020;08:00;09:00;-;-;0
17.04.2020;09:00;10:00;-;-;0
17.04.2020;10:00;11:00;-;-;0
17.04.2020;11:00;12:00;-;-;0
17.04.2020;12:00;13:00;-;-;0
17.04.2020;13:00;14:00;-;-;0
17.04.2020;14:00;15:00;-;-;0
17.04.2020;15:00;16:00;-;-;0
17.04.2020;16:00;17:00;-;-;0
17.04.2020;17:00;18:00;-;-;0
17.04.2020;18:00;19:00;-;-;0
17.04.2020;19:00;20:00;-;-;0
17.04.2020;20:00;21:00;-;-;0
17.04.2020;21:00;22:00;-;-;0
17.04.2020;22:00;23:00;-;-;0
17.04.2020;23:00;00:00;-;-;0
18.04.2020;00:00;01:00;-;-;0
18.04.2020;01:00;02:00;-;-;0
18.04.2020;02:00;03:00;-;-;0
18.04.2020;03:00;04:00;-;-;0
18.04.2020;04:00;05:00;-;-;0
18.04.2020;05:00;06:00;-;-;0
18.04.2020;06:00;07:00;-;-;0
18.04.2020;07:00;08:00;-;-;0
18.04.2020;08:00;09:00;-;-;0
18.04.2020;09:00;10:00;-;-;0
18.04.2020;10:00;11:00;-;-;0
18.04.2020;11:00;12:00;-;-;0
18.04.2020;12:00;13:00;-;-;0
18.04.2020;13:00;14:00;-;-;0
18.04.2020;14:00;15:00;-;-;0
18.04.2020;15:00;16:00;-;-;0
18.04.2020;16:00;17:00;-;-;0
18.04.2020;17:00;18:00;-;-;0
18.04.2020;18:00;19:00;-;-;0
18.04.2020;19:00;20:00;-;-;0
18.04.2020;20:00;21:00;-;-;0
18.04.2020;21:00;22:00;-;-;0
18.04.2020;22:00;23:00;-;-;0
18.04.2020;23:00;00:00;-;-;0
19.04.2020;00:00;01:00;-;-;0
19.04.2020;01:00;02:00;-;-;0
19.04.2020;02:00;03:00;-;-;0
19.04.2020;03:00;04:00;-;-;0
19.04.2020;04:00;05:00;-;-;0
19.04.2020;05:00;06:00;-;-;0
19.04.2020;06:00;07:00;-;-;0
19.04.2020;07:00;08:00;-;-;0
19.04.2020;08:00;09:00;-;-;0
19.04.2020;09:00;10:00;-;-;0
19.04.2020;10:00;11:00;-;-;0
19.04.2020;11:00;12:00;-;-;0
19.04.2020;12:00;13:00;-;-;0
19.04.2020;13:00;14:00;-;-;0
19.04.2020;14:00;15:00;-;-;0
19.04.2020;15:00;16:00;-;-;0
19.04.2020;16:00;17:00;-;-;0
19.04.2020;17:00;18:00;-;-;0
19.04.2020;18:00;19:00;-;-;0
19.04.2020;19:00;20:00;-;-;0
19.04.2020;20:00;21:00;-;-;0
19.04.2020;21:00;22:00;-;-;0
19.04.2020;22:00;23:00;-;-;0
19.04.2020;23:00;00:00;-;-;0
20.04.2020;00:00;01:00;-;-;0
20.04.2020;01:00;02:00;-;-;0
20.04.2020;02:00;03:00;-;-;0
20.04.2020;03:00;04:00;-;-;0
20.04.2020;04:00;05:00;-;-;0
20.04.2020;05:00;06:00;-;-;0
20.04.2020;06:00;07:00;-;-;0
20.04.2020;07:00;08:00;-;-;0
20.04.2020;08:00;09:00;-;-;0
20.04.2020;09:00;10:00;-;-;0
20.04.2020;10:00;11:00;-;-;0
20.04.2020;11:00;12:00;-;-;0
20.04.2020;12:00;13:00;-;-;0
20.04.2020;13:00;14:00;-;-;0
20.04.2020;14:00;15:00;-;-;0
20.04.2020;15:00;16:00;-;-;0
20.04.2020;16:00;17:00;-;-;0
20.04.2020;17:00;18:00;-;-;0
20.04.2020;18:00;19:00;-;-;0
20.04.2020;19:00;20:00;-;-;0
20.04.2020;20:00;21:00;-;-;0
20.04.2020;21:00;22:00;-;-;0
20.04.2020;22:00;23:00;-;-;0
20.04.2020;23:00;00:00;-;-;0
21.04.2020;00:00;01:00;-;-;0
21.04.2020;01:00;02:00;-;-;0
21.04.2020;02:00;03:00;-;-;0
21.04.2020;03:00;04:00;-;-;0
21.04.2020;04:00;05:00;-;-;0
21.04.2020;05:00;06:00;-;-;0
21.04.2020;06:00;07:00;-;-;0
21.04.2020;07:00;08:00;-;-;0
21.04.2020;08:00;09:00;-;-;0
21.04.2020;09:00;10:00;-;-;0
21.04.2020;10:00;11:00;-;-;0
21.04.2020;11:00;12:00;-;-;0
21.04.2020;12:00;13:00;-;-;0
21.04.2020;13:00;14:00;-;-;0
21.04.2020;14:00;15:00;-;-;0
21.04.2020;15:00;16:00;-;-;0
21.04.2020;16:00;17:00;-;-;0
21.04.2020;17:00;18:00;-;-;0
21.04.2020;18:00;19:00;-;-;0
21.04.2020;19:00;20:00;-;-;0
21.04.2020;20:00;21:00;-;-;0
21.04.2020;21:00;22:00;-;-;0
21.04.2020;22:00;23:00;-;-;0
21.04.2020;23:00;00:00;-;-;0
22.04.2020;00:00;01:00;-;-;0
22.04.2020;01:00;02:00;-;-;0
22.04.2020;02:00;03:00;-;-;0
22.04.2020;03:00;04:00;-;-;0
22.04.2020;04:00;05:00;-;-;0
22.04.2020;05:00;06:00;-;-;0
22.04.2020;06:00;07:00;-;-;0
22.04.2020;07:00;08:00;-;-;0
22.04.2020;08:00;09:00;-;-;0
22.04.2020;09:00;10:00;-;-;0
22.04.2020;10:00;11:00;-;-;0
22.04.2020;11:00;12:00;-;-;0
22.04.2020;12:00;13:00;-;-;0
22.04.2020;13:00;14:00;-;-;0
22.04.2020;14:00;15:00;-;-;0
22.04.2020;15:00;16:00;-;-;0
22.04.2020;16:00;17:00;-;-;0
22.04.2020;17:00;18:00;-;-;0
22.04.2020;18:00;19:00;-;-;0
22.04.2020;19:00;20:00;-;-;0
22.04.2020;20:00;21:00;-;-;0
22.04.2020;21:00;22:00;-;-;0
22.04.2020;22:00;23:00;-;-;0
22.04.2020;23:00;00:00;-;-;0
23.04.2020;00:00;01:00;-;-;0
23.04.2020;01:00;02:00;-;-;0
23.04.2020;02:00;03:00;-;-;0
23.04.2020;03:00;04:00;-;-;0
23.04.2020;04:00;05:00;-;-;0
23.04.2020;05:00;06:00;-;-;0
23.04.2020;06:00;07:00;-;-;0
23.04.2020;07:00;08:00;-;-;0
23.04.2020;08:00;09:00;-;-;0
23.04.2020;09:00;10:00;-;-;0
23.04.2020;10:00;11:00;-;-;0
23.04.2020;11:00;12:00;-;-;0
23.04.2020;12:00;13:00;-;-;0
23.04.2020;13:00;14:00;-;-;0
23.04.2020;14:00;15:00;-;-;0
23.04.2020;15:00;16:00;-;-;0
23.04.2020;16:00;17:00;-;-;0
23.04.2020;17:00;18:00;-;-;0
23.04.2020;18:00;19:00;-;-;0
23.04.2020;19:00;20:00;-;-;0
23.04.2020;20:00;21:00;-;-;0
23.04.2020;21:00;22:00;-;-;0
23.04.2020;22:00;23:00;-;-;0
23.04.2020;23:00;00:00;-;-;0
24.04.2020;00:00;01:00;-;-;0
24.04.2020;01:00;02:00;-;-;0
24.04.2020;02:00;03:00;-;-;0
24.04.2020;03:00;04:00;-;-;0
24.04.2020;04:00;05:00;-;-;0
24.04.2020;05:00;06:00;-;-;0
24.04.2020;06:00;07:00;-;-;0
24.04.2020;07:00;08:00;-;-;0
24.04.2020;08:00;09:00;-;-;0
24.04.2020;09:00;10:00;-;-;0
24.04.2020;10:00;11:00;-;-;0
24.04.2020;11:00;12:00;-;-;0
24.04.2020;12:00;13:00;-;-;0
24.04.2020;13:00;14:00;-;-;0
24.04.2020;14:00;15:00;-;-;0
24.04.2020;15:00;16:00;-;-;0
24.04.2020;16:00;17:00;-;-;0
24.04.2020;17:00;18:00;-;-;0
24.04.2020;18:00;19:00;-;-;0
24.04.2020;19:00;20:00;-;-;0
24.04.2020;20:00;21:00;-;-;0
24.04.2020;21:00;22:00;-;-;0
24.04.2020;22:00;23:00;-;-;0
24.04.2020;23:00;00:00;-;-;0
25.04.2020;00:00;01:00;-;-;0
25.04.2020;01:00;02:00;-;-;0
25.04.2020;02:00;03:00;-;-;0
25.04.2020;03:00;04:00;-;-;0
25.04.2020;04:00;05:00;-;-;0
25.04.2020;05:00;06:00;-;-;0
25.04.2020;06:00;07:00;-;-;0
25.04.2020;07:00;08:00;-;-;0
25.04.2020;08:00;09:00;-;-;0
25.04.2020;09:00;10:00;-;-;0
25.04.2020;10:00;11:00;-;-;0
25.04.2020;11:00;12:00;-;-;0
25.04.2020;12:00;13:00;-;-;0
25.04.2020;13:00;14:00;-;-;0
25.04.2020;14:00;15:00;-;-;0
25.04.2020;15:00;16:00;-;-;0
25.04.2020;16:00;17:00;-;-;0
25.04.2020;17:00;18:00;-;-;0
25.04.2020;18:00;19:00;-;-;0
25.04.2020;19:00;20:00;-;-;0
25.04.2020;20:00;21:00;-;-;0
25.04.2020;21:00;22:00;-;-;0
25.04.2020;22:00;23:00;-;-;0
25.04.2020;23:00;00:00;-;-;0
26.04.2020;00:00;01:00;-;-;0
26.04.2020;01:00;02:00;-;-;0
26.04.2020;02:00;03:00;-;-;0
26.04.2020;03:00;04:00;-;-;0
26.04.2020;04:00;05:00;-;-;0
26.04.2020;05:00;06:00;-;-;0
26.04.2020;06:00;07:00;-;-;0
26.04.2020;07:00;08:00;-;-;0
26.04.2020;08:00;09:00;-;-;0
26.04.2020;09:00;10:00;-;-;0
26.04.2020;10:00;11:00;-;-;0
26.04.2020;11:00;12:00;-;-;0
26.04.2020;12:00;13:00;-;-;0
26.04.2020;13:00;14:00;-;-;0
26.04.2020;14:00;15:00;-;-;0
26.04.2020;15:00;16:00;-;-;0
26.04.2020;16:00;17:00;-;-;0
26.04.2020;17:00;18:00;-;-;0
26.04.2020;18:00;19:00;-;-;0
26.04.2020;19:00;20:00;-;-;0
26.04.2020;20:00;21:00;-;-;0
26.04.2020;21:00;22:00;-;-;0
26.04.2020;22:00;23:00;-;-;0
26.04.2020;23:00;00:00;-;-;0
27.04.2020;00:00;01:00;-;-;0
27.04.2020;01:00;02:00;-;-;0
27.04.2020;02:00;03:00;-;-;0
27.04.2020;03:00;04:00;-;-;0
27.04.2020;04:00;05:00;-;-;0
27.04.2020;05:00;06:00;-;-;0
27.04.2020;06:00;07:00;-;-;0
27.04.2020;07:00;08:00;-;-;0
27.04.2020;08:00;09:00;-;-;0
27.04.2020;09:00;10:00;-;-;0
27.04.2020;10:00;11:00;-;-;0
27.04.2020;11:00;12:00;-;-;0
27.04.2020;12:00;13:00;-;-;0
27.04.2020;13:00;14:00;-;-;0
27.04.2020;14:00;15:00;-;-;0
27.04.2020;15:00;16:00;-;-;0
27.04.2020;16:00;17:00;-;-;0
27.04.2020;17:00;18:00;-;-;0
27.04.2020;18:00;19:00;-;-;0
27.04.2020;19:00;20:00;-;-;0
27.04.2020;20:00;21:00;-;-;0
27.04.2020;21:00;22:00;-;-;0
27.04.2020;22:00;23:00;-;-;0
27.04.2020;23:00;00:00;-;-;0
28.04.2020;00:00;01:00;-;-;0
28.04.2020;01:00;02:00;-;-;0
28.04.2020;02:00;03:00;-;-;0
28.04.2020;03:00;04:00;-;-;0
28.04.2020;04:00;05:00;-;-;0
28.04.2020;05:00;06:00;-;-;0
28.04.2020;06:00;07:00;-;-;0
28.04.2020;07:00;08:00;-;-;0
28.04.2020;08:00;09:00;-;-;0
28.04.2020;09:00;10:00;-;-;0
28.04.2020;10:00;11:00;-;-;0
28.04.2020;11:00;12:00;-;-;0
28.04.2020;12:00;13:00;-;-;0
28.04.2020;13:00;14:00;-;-;0
28.04.2020;14:00;15:00;-;-;0
28.04.2020;15:00;16:00;-;-;0
28.04.2020;16:00;17:00;-;-;0
28.04.2020;17:00;18:00;-;-;0
28.04.2020;18:00;19:00;-;-;0
28.04.2020;19:00;20:00;-;-;0
28.04.2020;20:00;21:00;-;-;0
28.04.2020;21:00;22:00;-;-;0
28.04.2020;22:00;23:00;-;-;0
28.04.2020;23:00;00:00;-;-;0
29.04.2020;00:00;01:00;-;-;0
29.04.2020;01:00;02:00;-;-;0
29.04.2020;02:00;03:00;-;-;0
29.04.2020;03:00;04:00;-;-;0
29.04.2020;04:00;05:00;-;-;0
29.04.2020;05:00;06:00;-;-;0
29.04.2020;06:00;07:00;-;-;0
29.04.2020;07:00;08:00;-;-;0
29.04.2020;08:00;09:00;-;-;0
29.04.2020;09:00;10:00;-;-;0
29.04.2020;10:00;11:00;-;-;0
29.04.2020;11:00;12:00;-;-;0
29.04.2020;12:00;13:00;-;-;0
29.04.2020;13:00;14:00;-;-;0
29.04.2020;14:00;15:00;-;-;0
29.04.2020;15:00;16:00;-;-;0
29.04.2020;16:00;17:00;-;-;0
29.04.2020;17:00;18:00;-;-;0
29.04.2020;18:00;19:00;-;-;0
29.04.2020;19:00;20:00;-;-;0
29.04.2020;20:00;21:00;-;-;0
29.04.2020;21:00;22:00;-;-;0
29.04.2020;22:00;23:00;-;-;0
29.04.2020;23:00;00:00;-;-;0
30.04.2020;00:00;01:00;-;-;0
30.04.2020;01:00;02:00;-;-;0
30.04.2020;02:00;03:00;-;-;0
30.04.2020;03:00;04:00;-;-;0
30.04.2020;04:00;05:00;-;-;0
30.04.2020;05:00;06:00;-;-;0
30.04.2020;06:00;07:00;-;-;0
30.04.2020;07:00;08:00;-;-;0
30.04.2020;08:00;09:00;-;-;0
30.04.2020;09:00;10:00;-;-;0
30.04.2020;10:00;11:00;-;-;0
30.04.2020;11:00;12:00;-;-;0
30.04.2020;12:00;13:00;-;-;0
30.04.2020;13:00;14:00;-;-;0
30.04.2020;14:00;15:00;-;-;0
30.04.2020;15:00;16:00;-;-;0
30.04.2020;16:00;17:00;-;-;0
30.04.2020;17:00;18:00;-;-;0
30.04.2020;18:00;19:00;-;-;0
30.04.2020;19:00;20:00;-;-;0
30.04.2020;20:00;21:00;-;-;0
30.04.2020;21:00;22:00;-;-;0
30.04.2020;22:00;23:00;-;-;0
30.04.2020;23:00;00:00;-;-;0
01.05.2020;00:00;01:00;-;-;0
01.05.2020;01:00;02:00;-;-;0
01.05.2020;02:00;03:00;-;-;0
01.05.2020;03:00;04:00;-;-;0
01.05.2020;04:00;05:00;-;-;0
01.05.2020;05:00;06:00;-;-;0
01.05.2020;06:00;07:00;-;-;0
01.05.2020;07:00;08:00;-;-;0
01.05.2020;08:00;09:00;-;-;0
01.05.2020;09:00;10:00;-;-;0
01.05.2020;10:00;11:00;-;-;0
01.05.2020;11:00;12:00;-;-;0
01.05.2020;12:00;13:00;-;-;0
01.05.2020;13:00;14:00;-;-;0
01.05.2020;14:00;15:00;-;-;0
01.05.2020;15:00;16:00;-;-;0
01.05.2020;16:00;17:00;-;-;0
01.05.2020;17:00;18:00;-;-;0
01.05.2020;18:00;19:00;-;-;0
01.05.2020;19:00;20:00;-;-;0
01.05.2020;20:00;21:00;-;-;0
01.05.2020;21:00;22:00;-;-;0
01.05.2020;22:00;23:00;-;-;0
01.05.2020;23:00;00:00;-;-;0
02.05.2020;00:00;01:00;-;-;0
02.05.2020;01:00;02:00;-;-;0
02.05.2020;02:00;03:00;-;-;0
02.05.2020;03:00;04:00;-;-;0
02.05.2020;04:00;05:00;-;-;0
02.05.2020;05:00;06:00;-;-;0
02.05.2020;06:00;07:00;-;-;0
02.05.2020;07:00;08:00;-;-;0
02.05.2020;08:00;09:00;-;-;0
02.05.2020;09:00;10:00;-;-;0
02.05.2020;10:00;11:00;-;-;0
02.05.2020;11:00;12:00;-;-;0
02.05.2020;12:00;13:00;-;-;0
02.05.2020;13:00;14:00;-;-;0
02.05.2020;14:00;15:00;-;-;0
02.05.2020;15:00;16:00;-;-;0
02.05.2020;16:00;17:00;-;-;0
02.05.2020;17:00;18:00;-;-;0
02.05.2020;18:00;19:00;-;-;0
02.05.2020;19:00;20:00;-;-;0
02.05.2020;20:00;21:00;-;-;0
02.05.2020;21:00;22:00;-;-;0
02.05.2020;22:00;23:00;-;-;0
02.05.2020;23:00;00:00;-;-;0
03.05.2020;00:00;01:00;-;-;0
03.05.2020;01:00;02:00;-;-;0
03.05.2020;02:00;03:00;-;-;0
03.05.2020;03:00;04:00;-;-;0
03.05.2020;04:00;05:00;-;-;0
03.05.2020;05:00;06:00;-;-;0
03.05.2020;06:00;07:00;-;-;0
03.05.2020;07:00;08:00;-;-;0
03.05.2020;08:00;09:00;-;-;0
03.05.2020;09:00;10:00;-;-;0
03.05.2020;10:00;11:00;-;-;0
03.05.2020;11:00;12:00;-;-;0
03.05.2020;12:00;13:00;-;-;0
03.05.2020;13:00;14:00;-;-;0
03.05.2020;14:00;15:00;-;-;0
03.05.2020;15:00;16:00;-;-;0
03.05.2020;16:00;17:00;-;-;0
03.05.2020;17:00;18:00;-;-;0
03.05.2020;18:00;19:00;-;-;0
03.05.2020;19:00;20:00;-;-;0
03.05.2020;20:00;21:00;-;-;0
03.05.2020;21:00;22:00;-;-;0
03.05.2020;22:00;23:00;-;-;0
03.05.2020;23:00;00:00;-;-;0
04.05.2020;00:00;01:00;-;-;0
04.05.2020;01:00;02:00;-;-;0
04.05.2020;02:00;03:00;-;-;0
04.05.2020;03:00;04:00;-;-;0
04.05.2020;04:00;05:00;-;-;0
04.05.2020;05:00;06:00;-;-;0
04.05.2020;06:00;07:00;-;-;0
04.05.2020;07:00;08:00;-;-;0
04.05.2020;08:00;09:00;-;-;0
04.05.2020;09:00;10:00;-;-;0
04.05.2020;10:00;11:00;-;-;0
04.05.2020;11:00;12:00;-;-;0
04.05.2020;12:00;13:00;-;-;0
04.05.2020;13:00;14:00;-;-;0
04.05.2020;14:00;15:00;-;-;0
04.05.2020;15:00;16:00;-;-;0
04.05.2020;16:00;17:00;-;-;0
04.05.2020;17:00;18:00;-;-;0
04.05.2020;18:00;19:00;-;-;0
04.05.2020;19:00;20:00;-;-;0
04.05.2020;20:00;21:00;-;-;0
04.05.2020;21:00;22:00;-;-;0
04.05.2020;22:00;23:00;-;-;0
04.05.2020;23:00;00:00;-;-;0
05.05.2020;00:00;01:00;-;-;0
05.05.2020;01:00;02:00;-;-;0
05.05.2020;02:00;03:00;-;-;0
05.05.2020;03:00;04:00;-;-;0
05.05.2020;04:00;05:00;-;-;0
05.05.2020;05:00;06:00;-;-;0
05.05.2020;06:00;07:00;-;-;0
05.05.2020;07:00;08:00;-;-;0
05.05.2020;08:00;09:00;-;-;0
05.05.2020;09:00;10:00;-;-;0
05.05.2020;10:00;11:00;-;-;0
05.05.2020;11:00;12:00;-;-;0
05.05.2020;12:00;13:00;-;-;0
05.05.2020;13:00;14:00;-;-;0
05.05.2020;14:00;15:00;-;-;0
05.05.2020;15:00;16:00;-;-;0
05.05.2020;16:00;17:00;-;-;0
05.05.2020;17:00;18:00;-;-;0
05.05.2020;18:00;19:00;-;-;0
05.05.2020;19:00;20:00;-;-;0
05.05.2020;20:00;21:00;-;-;0
05.05.2020;21:00;22:00;-;-;0
05.05.2020;22:00;23:00;-;-;0
05.05.2020;23:00;00:00;-;-;0
06.05.2020;00:00;01:00;-;-;0
06.05.2020;01:00;02:00;-;-;0
06.05.2020;02:00;03:00;-;-;0
06.05.2020;03:00;04:00;-;-;0
06.05.2020;04:00;05:00;-;-;0
06.05.2020;05:00;06:00;-;-;0
06.05.2020;06:00;07:00;-;-;0
06.05.2020;07:00;08:00;-;-;0
06.05.2020;08:00;09:00;-;-;0
06.05.2020;09:00;10:00;-;-;0
06.05.2020;10:00;11:00;-;-;0
06.05.2020;11:00;12:00;-;-;0
06.05.2020;12:00;13:00;-;-;0
06.05.2020;13:00;14:00;-;-;0
06.05.2020;14:00;15:00;-;-;0
06.05.2020;15:00;16:00;-;-;0
06.05.2020;16:00;17:00;-;-;0
06.05.2020;17:00;18:00;-;-;0
06.05.2020;18:00;19:00;-;-;0
06.05.2020;19:00;20:00;-;-;0
06.05.2020;20:00;21:00;-;-;0
06.05.2020;21:00;22:00;-;-;0
06.05.2020;22:00;23:00;-;-;0
06.05.2020;23:00;00:00;-;-;0
07.05.2020;00:00;01:00;-;-;0
07.05.2020;01:00;02:00;-;-;0
07.05.2020;02:00;03:00;-;-;0
07.05.2020;03:00;04:00;-;-;0
07.05.2020;04:00;05:00;-;-;0
07.05.2020;05:00;06:00;-;-;0
07.05.2020;06:00;07:00;-;-;0
07.05.2020;07:00;08:00;-;-;0
07.05.2020;08:00;09:00;-;-;0
07.05.2020;09:00;10:00;-;-;0
07.05.2020;10:00;11:00;-;-;0
07.05.2020;11:00;12:00;-;-;0
07.05.2020;12:00;13:00;-;-;0
07.05.2020;13:00;14:00;-;-;0
07.05.2020;14:00;15:00;-;-;0
07.05.2020;15:00;16:00;-;-;0
07.05.2020;16:00;17:00;-;-;0
07.05.2020;17:00;18:00;-;-;0
07.05.2020;18:00;19:00;-;-;0
07.05.2020;19:00;20:00;-;-;0
07.05.2020;20:00;21:00;-;-;0
07.05.2020;21:00;22:00;-;-;0
07.05.2020;22:00;23:00;-;-;0
07.05.2020;23:00;00:00;-;-;0
08.05.2020;00:00;01:00;-;-;0
08.05.2020;01:00;02:00;-;-;0
08.05.2020;02:00;03:00;-;-;0
08.05.2020;03:00;04:00;-;-;0
08.05.2020;04:00;05:00;-;-;0
08.05.2020;05:00;06:00;-;-;0
08.05.2020;06:00;07:00;-;-;0
08.05.2020;07:00;08:00;-;-;0
08.05.2020;08:00;09:00;-;-;0
08.05.2020;09:00;10:00;-;-;0
08.05.2020;10:00;11:00;-;-;0
08.05.2020;11:00;12:00;-;-;0
08.05.2020;12:00;13:00;-;-;0
08.05.2020;13:00;14:00;-;-;0
08.05.2020;14:00;15:00;-;-;0
08.05.2020;15:00;16:00;-;-;0
08.05.2020;16:00;17:00;-;-;0
08.05.2020;17:00;18:00;-;-;0
08.05.2020;18:00;19:00;-;-;0
08.05.2020;19:00;20:00;-;-;0
08.05.2020;20:00;21:00;-;-;0
08.05.2020;21:00;22:00;-;-;0
08.05.2020;22:00;23:00;-;-;0
08.05.2020;23:00;00:00;-;-;0
09.05.2020;00:00;01:00;-;-;0
09.05.2020;01:00;02:00;-;-;0
09.05.2020;02:00;03:00;-;-;0
09.05.2020;03:00;04:00;-;-;0
09.05.2020;04:00;05:00;-;-;0
09.05.2020;05:00;06:00;-;-;0
09.05.2020;06:00;07:00;-;-;0
09.05.2020;07:00;08:00;-;-;0
09.05.2020;08:00;09:00;-;-;0
09.05.2020;09:00;10:00;-;-;0
09.05.2020;10:00;11:00;-;-;0
09.05.2020;11:00;12:00;-;-;0
09.05.2020;12:00;13:00;-;-;0
09.05.2020;13:00;14:00;-;-;0
09.05.2020;14:00;15:00;-;-;0
09.05.2020;15:00;16:00;-;-;0
09.05.2020;16:00;17:00;-;-;0
09.05.2020;17:00;18:00;-;-;0
09.05.2020;18:00;19:00;-;-;0
09.05.2020;19:00;20:00;-;-;0
09.05.2020;20:00;21:00;-;-;0
09.05.2020;21:00;22:00;-;-;0
09.05.2020;22:00;23:00;-;-;0
09.05.2020;23:00;00:00;-;-;0
10.05.2020;00:00;01:00;-;-;0
10.05.2020;01:00;02:00;-;-;0
10.05.2020;02:00;03:00;-;-;0
10.05.2020;03:00;04:00;-;-;0
10.05.2020;04:00;05:00;-;-;0
10.05.2020;05:00;06:00;-;-;0
10.05.2020;06:00;07:00;-;-;0
10.05.2020;07:00;08:00;-;-;0
10.05.2020;08:00;09:00;-;-;0
10.05.2020;09:00;10:00;-;-;0
10.05.2020;10:00;11:00;-;-;0
10.05.2020;11:00;12:00;-;-;0
10.05.2020;12:00;13:00;-;-;0
10.05.2020;13:00;14:00;-;-;0
10.05.2020;14:00;15:00;-;-;0
10.05.2020;15:00;16:00;-;-;0
10.05.2020;16:00;17:00;-;-;0
10.05.2020;17:00;18:00;-;-;0
10.05.2020;18:00;19:00;-;-;0
10.05.2020;19:00;20:00;-;-;0
10.05.2020;20:00;21:00;-;-;0
10.05.2020;21:00;22:00;-;-;0
10.05.2020;22:00;23:00;-;-;0
10.05.2020;23:00;00:00;-;-;0
11.05.2020;00:00;01:00;-;-;0
11.05.2020;01:00;02:00;-;-;0
11.05.2020;02:00;03:00;-;-;0
11.05.2020;03:00;04:00;-;-;0
11.05.2020;04:00;05:00;-;-;0
11.05.2020;05:00;06:00;-;-;0
11.05.2020;06:00;07:00;-;-;0
11.05.2020;07:00;08:00;-;-;0
11.05.2020;08:00;09:00;-;-;0
11.05.2020;09:00;10:00;-;-;0
11.05.2020;10:00;11:00;-;-;0
11.05.2020;11:00;12:00;-;-;0
11.05.2020;12:00;13:00;-;-;0
11.05.2020;13:00;14:00;-;-;0
11.05.2020;14:00;15:00;-;-;0
11.05.2020;15:00;16:00;-;-;0
11.05.2020;16:00;17:00;-;-;0
11.05.2020;17:00;18:00;-;-;0
11.05.2020;18:00;19:00;-;-;0
11.05.2020;19:00;20:00;-;-;0
11.05.2020;20:00;21:00;-;-;0
11.05.2020;21:00;22:00;-;-;0
11.05.2020;22:00;23:00;-;-;0
11.05.2020;23:00;00:00;-;-;0
12.05.2020;00:00;01:00;-;-;0
12.05.2020;01:00;02:00;-;-;0
12.05.2020;02:00;03:00;-;-;0
12.05.2020;03:00;04:00;-;-;0
12.05.2020;04:00;05:00;-;-;0
12.05.2020;05:00;06:00;-;-;0
12.05.2020;06:00;07:00;-;-;0
12.05.2020;07:00;08:00;-;-;0
12.05.2020;08:00;09:00;-;-;0
12.05.2020;09:00;10:00;-;-;0
12.05.2020;10:00;11:00;-;-;0
12.05.2020;11:00;12:00;-;-;0
12.05.2020;12:00;13:00;-;-;0
12.05.2020;13:00;14:00;-;-;0
12.05.2020;14:00;15:00;-;-;0
12.05.2020;15:00;16:00;-;-;0
12.05.2020;16:00;17:00;-;-;0
12.05.2020;17:00;18:00;-;-;0
12.05.2020;18:00;19:00;-;-;0
12.05.2020;19:00;20:00;-;-;0
12.05.2020;20:00;21:00;-;-;0
12.05.2020;21:00;22:00;-;-;0
12.05.2020;22:00;23:00;-;-;0
12.05.2020;23:00;00:00;-;-;0
13.05.2020;00:00;01:00;-;-;0
13.05.2020;01:00;02:00;-;-;0
13.05.2020;02:00;03:00;-;-;0
13.05.2020;03:00;04:00;-;-;0
13.05.2020;04:00;05:00;-;-;0
13.05.2020;05:00;06:00;-;-;0
13.05.2020;06:00;07:00;-;-;0
13.05.2020;07:00;08:00;-;-;0
13.05.2020;08:00;09:00;-;-;0
13.05.2020;09:00;10:00;-;-;0
13.05.2020;10:00;11:00;-;-;0
13.05.2020;11:00;12:00;-;-;0
13.05.2020;12:00;13:00;-;-;0
13.05.2020;13:00;14:00;-;-;0
13.05.2020;14:00;15:00;-;-;0
13.05.2020;15:00;16:00;-;-;0
13.05.2020;16:00;17:00;-;-;0
13.05.2020;17:00;18:00;-;-;0
13.05.2020;18:00;19:00;-;-;0
13.05.2020;19:00;20:00;-;-;0
13.05.2020;20:00;21:00;-;-;0
13.05.2020;21:00;22:00;-;-;0
13.05.2020;22:00;23:00;-;-;0
13.05.2020;23:00;00:00;-;-;0
14.05.2020;00:00;01:00;-;-;0
14.05.2020;01:00;02:00;-;-;0
14.05.2020;02:00;03:00;-;-;0
14.05.2020;03:00;04:00;-;-;0
14.05.2020;04:00;05:00;-;-;0
14.05.2020;05:00;06:00;-;-;0
14.05.2020;06:00;07:00;-;-;0
14.05.2020;07:00;08:00;-;-;0
14.05.2020;08:00;09:00;-;-;0
14.05.2020;09:00;10:00;-;-;0
14.05.2020;10:00;11:00;-;-;0
14.05.2020;11:00;12:00;-;-;0
14.05.2020;12:00;13:00;-;-;0
14.05.2020;13:00;14:00;-;-;0
14.05.2020;14:00;15:00;-;-;0
14.05.2020;15:00;16:00;-;-;0
14.05.2020;16:00;17:00;-;-;0
14.05.2020;17:00;18:00;-;-;0
14.05.2020;18:00;19:00;-;-;0
14.05.2020;19:00;20:00;-;-;0
14.05.2020;20:00;21:00;-;-;0
14.05.2020;21:00;22:00;-;-;0
14.05.2020;22:00;23:00;-;-;0
14.05.2020;23:00;00:00;-;-;0
15.05.2020;00:00;01:00;-;-;0
15.05.2020;01:00;02:00;-;-;0
15.05.2020;02:00;03:00;-;-;0
15.05.2020;03:00;04:00;-;-;0
15.05.2020;04:00;05:00;-;-;0
15.05.2020;05:00;06:00;-;-;0
15.05.2020;06:00;07:00;-;-;0
15.05.2020;07:00;08:00;-;-;0
15.05.2020;08:00;09:00;-;-;0
15.05.2020;09:00;10:00;-;-;0
15.05.2020;10:00;11:00;-;-;0
15.05.2020;11:00;12:00;-;-;0
15.05.2020;12:00;13:00;-;-;0
15.05.2020;13:00;14:00;-;-;0
15.05.2020;14:00;15:00;-;-;0
15.05.2020;15:00;16:00;-;-;0
15.05.2020;16:00;17:00;-;-;0
15.05.2020;17:00;18:00;-;-;0
15.05.2020;18:00;19:00;-;-;0
15.05.2020;19:00;20:00;-;-;0
15.05.2020;20:00;21:00;-;-;0
15.05.2020;21:00;22:00;-;-;0
15.05.2020;22:00;23:00;-;-;0
15.05.2020;23:00;00:00;-;-;0
16.05.2020;00:00;01:00;-;-;0
16.05.2020;01:00;02:00;-;-;0
16.05.2020;02:00;03:00;-;-;0
16.05.2020;03:00;04:00;-;-;0
16.05.2020;04:00;05:00;-;-;0
16.05.2020;05:00;06:00;-;-;0
16.05.2020;06:00;07:00;-;-;0
16.05.2020;07:00;08:00;-;-;0
16.05.2020;08:00;09:00;-;-;0
16.05.2020;09:00;10:00;-;-;0
16.05.2020;10:00;11:00;-;-;0
16.05.2020;11:00;12:00;-;-;0
16.05.2020;12:00;13:00;-;-;0
16.05.2020;13:00;14:00;-;-;0
16.05.2020;14:00;15:00;-;-;0
16.05.2020;15:00;16:00;-;-;0
16.05.2020;16:00;17:00;-;-;0
16.05.2020;17:00;18:00;-;-;0
16.05.2020;18:00;19:00;-;-;0
16.05.2020;19:00;20:00;-;-;0
16.05.2020;20:00;21:00;-;-;0
16.05.2020;21:00;22:00;-;-;0
16.05.2020;22:00;23:00;-;-;0
16.05.2020;23:00;00:00;-;-;0
17.05.2020;00:00;01:00;-;-;0
17.05.2020;01:00;02:00;-;-;0
17.05.2020;02:00;03:00;-;-;0
17.05.2020;03:00;04:00;-;-;0
17.05.2020;04:00;05:00;-;-;0
17.05.2020;05:00;06:00;-;-;0
17.05.2020;06:00;07:00;-;-;0
17.05.2020;07:00;08:00;-;-;0
17.05.2020;08:00;09:00;-;-;0
17.05.2020;09:00;10:00;-;-;0
17.05.2020;10:00;11:00;-;-;0
17.05.2020;11:00;12:00;-;-;0
17.05.2020;12:00;13:00;-;-;0
17.05.2020;13:00;14:00;-;-;0
17.05.2020;14:00;15:00;-;-;0
17.05.2020;15:00;16:00;-;-;0
17.05.2020;16:00;17:00;-;-;0
17.05.2020;17:00;18:00;-;-;0
17.05.2020;18:00;19:00;-;-;0
17.05.2020;19:00;20:00;-;-;0
17.05.2020;20:00;21:00;-;-;0
17.05.2020;21:00;22:00;-;-;0
17.05.2020;22:00;23:00;-;-;0
17.05.2020;23:00;00:00;-;-;0
18.05.2020;00:00;01:00;-;-;0
18.05.2020;01:00;02:00;-;-;0
18.05.2020;02:00;03:00;-;-;0
18.05.2020;03:00;04:00;-;-;0
18.05.2020;04:00;05:00;-;-;0
18.05.2020;05:00;06:00;-;-;0
18.05.2020;06:00;07:00;-;-;0
18.05.2020;07:00;08:00;-;-;0
18.05.2020;08:00;09:00;-;-;0
18.05.2020;09:00;10:00;-;-;0
18.05.2020;10:00;11:00;-;-;0
18.05.2020;11:00;12:00;-;-;0
18.05.2020;12:00;13:00;-;-;0
18.05.2020;13:00;14:00;-;-;0
18.05.2020;14:00;15:00;-;-;0
18.05.2020;15:00;16:00;-;-;0
18.05.2020;16:00;17:00;-;-;0
18.05.2020;17:00;18:00;-;-;0
18.05.2020;18:00;19:00;-;-;0
18.05.2020;19:00;20:00;-;-;0
18.05.2020;20:00;21:00;-;-;0
18.05.2020;21:00;22:00;-;-;0
18.05.2020;22:00;23:00;-;-;0
18.05.2020;23:00;00:00;-;-;0
19.05.2020;00:00;01:00;-;-;0
19.05.2020;01:00;02:00;-;-;0
19.05.2020;02:00;03:00;-;-;0
19.05.2020;03:00;04:00;-;-;0
19.05.2020;04:00;05:00;-;-;0
19.05.2020;05:00;06:00;-;-;0
19.05.2020;06:00;07:00;-;-;0
19.05.2020;07:00;08:00;-;-;0
19.05.2020;08:00;09:00;-;-;0
19.05.2020;09:00;10:00;-;-;0
19.05.2020;10:00;11:00;-;-;0
19.05.2020;11:00;12:00;-;-;0
19.05.2020;12:00;13:00;-;-;0
19.05.2020;13:00;14:00;-;-;0
19.05.2020;14:00;15:00;-;-;0
19.05.2020;15:00;16:00;-;-;0
19.05.2020;16:00;17:00;-;-;0
19.05.2020;17:00;18:00;-;-;0
19.05.2020;18:00;19:00;-;-;0
19.05.2020;19:00;20:00;-;-;0
19.05.2020;20:00;21:00;-;-;0
19.05.2020;21:00;22:00;-;-;0
19.05.2020;22:00;23:00;-;-;0
19.05.2020;23:00;00:00;-;-;0
20.05.2020;00:00;01:00;-;-;0
20.05.2020;01:00;02:00;-;-;0
20.05.2020;02:00;03:00;-;-;0
20.05.2020;03:00;04:00;-;-;0
20.05.2020;04:00;05:00;-;-;0
20.05.2020;05:00;06:00;-;-;0
20.05.2020;06:00;07:00;-;-;0
20.05.2020;07:00;08:00;-;-;0
20.05.2020;08:00;09:00;-;-;0
20.05.2020;09:00;10:00;-;-;0
20.05.2020;10:00;11:00;-;-;0
20.05.2020;11:00;12:00;-;-;0
20.05.2020;12:00;13:00;-;-;0
20.05.2020;13:00;14:00;-;-;0
20.05.2020;14:00;15:00;-;-;0
20.05.2020;15:00;16:00;-;-;0
20.05.2020;16:00;17:00;-;-;0
20.05.2020;17:00;18:00;-;-;0
20.05.2020;18:00;19:00;-;-;0
20.05.2020;19:00;20:00;-;-;0
20.05.2020;20:00;21:00;-;-;0
20.05.2020;21:00;22:00;-;-;0
20.05.2020;22:00;23:00;-;-;0
20.05.2020;23:00;00:00;-;-;0
21.05.2020;00:00;01:00;-;-;0
21.05.2020;01:00;02:00;-;-;0
21.05.2020;02:00;03:00;-;-;0
21.05.2020;03:00;04:00;-;-;0
21.05.2020;04:00;05:00;-;-;0
21.05.2020;05:00;06:00;-;-;0
21.05.2020;06:00;07:00;-;-;0
21.05.2020;07:00;08:00;-;-;0
21.05.2020;08:00;09:00;-;-;0
21.05.2020;09:00;10:00;-;-;0
21.05.2020;10:00;11:00;-;-;0
21.05.2020;11:00;12:00;-;-;0
21.05.2020;12:00;13:00;-;-;0
21.05.2020;13:00;14:00;-;-;0
21.05.2020;14:00;15:00;-;-;0
21.05.2020;15:00;16:00;-;-;0
21.05.2020;16:00;17:00;-;-;0
21.05.2020;17:00;18:00;-;-;0
21.05.2020;18:00;19:00;-;-;0
21.05.2020;19:00;20:00;-;-;0
21.05.2020;20:00;21:00;-;-;0
21.05.2020;21:00;22:00;-;-;0
21.05.2020;22:00;23:00;-;-;0
21.05.2020;23:00;00:00;-;-;0
22.05.2020;00:00;01:00;-;-;0
22.05.2020;01:00;02:00;-;-;0
22.05.2020;02:00;03:00;-;-;0
22.05.2020;03:00;04:00;-;-;0
22.05.2020;04:00;05:00;-;-;0
22.05.2020;05:00;06:00;-;-;0
22.05.2020;06:00;07:00;-;-;0
22.05.2020;07:00;08:00;-;-;0
22.05.2020;08:00;09:00;-;-;0
22.05.2020;09:00;10:00;-;-;0
22.05.2020;10:00;11:00;-;-;0
22.05.2020;11:00;12:00;-;-;0
22.05.2020;12:00;13:00;-;-;0
22.05.2020;13:00;14:00;-;-;0
22.05.2020;14:00;15:00;-;-;0
22.05.2020;15:00;16:00;-;-;0
22.05.2020;16:00;17:00;-;-;0
22.05.2020;17:00;18:00;-;-;0
22.05.2020;18:00;19:00;-;-;0
22.05.2020;19:00;20:00;-;-;0
22.05.2020;20:00;21:00;-;-;0
22.05.2020;21:00;22:00;-;-;0
22.05.2020;22:00;23:00;-;-;0
22.05.2020;23:00;00:00;-;-;0
23.05.2020;00:00;01:00;-;-;0
23.05.2020;01:00;02:00;-;-;0
23.05.2020;02:00;03:00;-;-;0
23.05.2020;03:00;04:00;-;-;0
23.05.2020;04:00;05:00;-;-;0
23.05.2020;05:00;06:00;-;-;0
23.05.2020;06:00;07:00;-;-;0
23.05.2020;07:00;08:00;-;-;0
23.05.2020;08:00;09:00;-;-;0
23.05.2020;09:00;10:00;-;-;0
23.05.2020;10:00;11:00;-;-;0
23.05.2020;11:00;12:00;-;-;0
23.05.2020;12:00;13:00;-;-;0
23.05.2020;13:00;14:00;-;-;0
23.05.2020;14:00;15:00;-;-;0
23.05.2020;15:00;16:00;-;-;0
23.05.2020;16:00;17:00;-;-;0
23.05.2020;17:00;18:00;-;-;0
23.05.2020;18:00;19:00;-;-;0
23.05.2020;19:00;20:00;-;-;0
23.05.2020;20:00;21:00;-;-;0
23.05.2020;21:00;22:00;-;-;0
23.05.2020;22:00;23:00;-;-;0
23.05.2020;23:00;00:00;-;-;0
24.05.2020;00:00;01:00;-;-;0
24.05.2020;01:00;02:00;-;-;0
24.05.2020;02:00;03:00;-;-;0
24.05.2020;03:00;04:00;-;-;0
24.05.2020;04:00;05:00;-;-;0
24.05.2020;05:00;06:00;-;-;0
24.05.2020;06:00;07:00;-;-;0
24.05.2020;07:00;08:00;-;-;0
24.05.2020;08:00;09:00;-;-;0
24.05.2020;09:00;10:00;-;-;0
24.05.2020;10:00;11:00;-;-;0
24.05.2020;11:00;12:00;-;-;0
24.05.2020;12:00;13:00;-;-;0
24.05.2020;13:00;14:00;-;-;0
24.05.2020;14:00;15:00;-;-;0
24.05.2020;15:00;16:00;-;-;0
24.05.2020;16:00;17:00;-;-;0
24.05.2020;17:00;18:00;-;-;0
24.05.2020;18:00;19:00;-;-;0
24.05.2020;19:00;20:00;-;-;0
24.05.2020;20:00;21:00;-;-;0
24.05.2020;21:00;22:00;-;-;0
24.05.2020;22:00;23:00;-;-;0
24.05.2020;23:00;00:00;-;-;0
25.05.2020;00:00;01:00;-;-;0
25.05.2020;01:00;02:00;-;-;0
25.05.2020;02:00;03:00;-;-;0
25.05.2020;03:00;04:00;-;-;0
25.05.2020;04:00;05:00;-;-;0
25.05.2020;05:00;06:00;-;-;0
25.05.2020;06:00;07:00;-;-;0
25.05.2020;07:00;08:00;-;-;0
25.05.2020;08:00;09:00;-;-;0
25.05.2020;09:00;10:00;-;-;0
25.05.2020;10:00;11:00;-;-;0
25.05.2020;11:00;12:00;-;-;0
25.05.2020;12:00;13:00;-;-;0
25.05.2020;13:00;14:00;-;-;0
25.05.2020;14:00;15:00;-;-;0
25.05.2020;15:00;16:00;-;-;0
25.05.2020;16:00;17:00;-;-;0
25.05.2020;17:00;18:00;-;-;0
25.05.2020;18:00;19:00;-;-;0
25.05.2020;19:00;20:00;-;-;0
25.05.2020;20:00;21:00;-;-;0
25.05.2020;21:00;22:00;-;-;0
25.05.2020;22:00;23:00;-;-;0
25.05.2020;23:00;00:00;-;-;0
26.05.2020;00:00;01:00;-;-;0
26.05.2020;01:00;02:00;-;-;0
26.05.2020;02:00;03:00;-;-;0
26.05.2020;03:00;04:00;-;-;0
26.05.2020;04:00;05:00;-;-;0
26.05.2020;05:00;06:00;-;-;0
26.05.2020;06:00;07:00;-;-;0
26.05.2020;07:00;08:00;-;-;0
26.05.2020;08:00;09:00;-;-;0
26.05.2020;09:00;10:00;-;-;0
26.05.2020;10:00;11:00;-;-;0
26.05.2020;11:00;12:00;-;-;0
26.05.2020;12:00;13:00;-;-;0
26.05.2020;13:00;14:00;-;-;0
26.05.2020;14:00;15:00;-;-;0
26.05.2020;15:00;16:00;-;-;0
26.05.2020;16:00;17:00;-;-;0
26.05.2020;17:00;18:00;-;-;0
26.05.2020;18:00;19:00;-;-;0
26.05.2020;19:00;20:00;-;-;0
26.05.2020;20:00;21:00;-;-;0
26.05.2020;21:00;22:00;-;-;0
26.05.2020;22:00;23:00;-;-;0
26.05.2020;23:00;00:00;-;-;0
27.05.2020;00:00;01:00;-;-;0
27.05.2020;01:00;02:00;-;-;0
27.05.2020;02:00;03:00;-;-;0
27.05.2020;03:00;04:00;-;-;0
27.05.2020;04:00;05:00;-;-;0
27.05.2020;05:00;06:00;-;-;0
27.05.2020;06:00;07:00;-;-;0
27.05.2020;07:00;08:00;-;-;0
27.05.2020;08:00;09:00;-;-;0
27.05.2020;09:00;10:00;-;-;0
27.05.2020;10:00;11:00;-;-;0
27.05.2020;11:00;12:00;-;-;0
27.05.2020;12:00;13:00;-;-;0
27.05.2020;13:00;14:00;-;-;0
27.05.2020;14:00;15:00;-;-;0
27.05.2020;15:00;16:00;-;-;0
27.05.2020;16:00;17:00;-;-;0
27.05.2020;17:00;18:00;-;-;0
27.05.2020;18:00;19:00;-;-;0
27.05.2020;19:00;20:00;-;-;0
27.05.2020;20:00;21:00;-;-;0
27.05.2020;21:00;22:00;-;-;0
27.05.2020;22:00;23:00;-;-;0
27.05.2020;23:00;00:00;-;-;0
28.05.2020;00:00;01:00;-;-;0
28.05.2020;01:00;02:00;-;-;0
28.05.2020;02:00;03:00;-;-;0
28.05.2020;03:00;04:00;-;-;0
28.05.2020;04:00;05:00;-;-;0
28.05.2020;05:00;06:00;-;-;0
28.05.2020;06:00;07:00;-;-;0
28.05.2020;07:00;08:00;-;-;0
28.05.2020;08:00;09:00;-;-;0
28.05.2020;09:00;10:00;-;-;0
28.05.2020;10:00;11:00;-;-;0
28.05.2020;11:00;12:00;-;-;0
28.05.2020;12:00;13:00;-;-;0
28.05.2020;13:00;14:00;-;-;0
28.05.2020;14:00;15:00;-;-;0
28.05.2020;15:00;16:00;-;-;0
28.05.2020;16:00;17:00;-;-;0
28.05.2020;17:00;18:00;-;-;0
28.05.2020;18:00;19:00;-;-;0
28.05.2020;19:00;20:00;-;-;0
28.05.2020;20:00;21:00;-;-;0
28.05.2020;21:00;22:00;-;-;0
28.05.2020;22:00;23:00;-;-;0
28.05.2020;23:00;00:00;-;-;0
29.05.2020;00:00;01:00;-;-;0
29.05.2020;01:00;02:00;-;-;0
29.05.2020;02:00;03:00;-;-;0
29.05.2020;03:00;04:00;-;-;0
29.05.2020;04:00;05:00;-;-;0
29.05.2020;05:00;06:00;-;-;0
29.05.2020;06:00;07:00;-;-;0
29.05.2020;07:00;08:00;-;-;0
29.05.2020;08:00;09:00;-;-;0
29.05.2020;09:00;10:00;-;-;0
29.05.2020;10:00;11:00;-;-;0
29.05.2020;11:00;12:00;-;-;0
29.05.2020;12:00;13:00;-;-;0
29.05.2020;13:00;14:00;-;-;0
29.05.2020;14:00;15:00;-;-;0
29.05.2020;15:00;16:00;-;-;0
29.05.2020;16:00;17:00;-;-;0
29.05.2020;17:00;18:00;-;-;0
29.05.2020;18:00;19:00;-;-;0
29.05.2020;19:00;20:00;-;-;0
29.05.2020;20:00;21:00;-;-;0
29.05.2020;21:00;22:00;-;-;0
29.05.2020;22:00;23:00;-;-;0
29.05.2020;23:00;00:00;-;-;0
30.05.2020;00:00;01:00;-;-;0
30.05.2020;01:00;02:00;-;-;0
30.05.2020;02:00;03:00;-;-;0
30.05.2020;03:00;04:00;-;-;0
30.05.2020;04:00;05:00;-;-;0
30.05.2020;05:00;06:00;-;-;0
30.05.2020;06:00;07:00;-;-;0
30.05.2020;07:00;08:00;-;-;0
30.05.2020;08:00;09:00;-;-;0
30.05.2020;09:00;10:00;-;-;0
30.05.2020;10:00;11:00;-;-;0
30.05.2020;11:00;12:00;-;-;0
30.05.2020;12:00;13:00;-;-;0
30.05.2020;13:00;14:00;-;-;0
30.05.2020;14:00;15:00;-;-;0
30.05.2020;15:00;16:00;-;-;0
30.05.2020;16:00;17:00;-;-;0
30.05.2020;17:00;18:00;-;-;0
30.05.2020;18:00;19:00;-;-;0
30.05.2020;19:00;20:00;-;-;0
30.05.2020;20:00;21:00;-;-;0
30.05.2020;21:00;22:00;-;-;0
30.05.2020;22:00;23:00;-;-;0
30.05.2020;23:00;00:00;-;-;0
31.05.2020;00:00;01:00;-;-;0
31.05.2020;01:00;02:00;-;-;0
31.05.2020;02:00;03:00;-;-;0
31.05.2020;03:00;04:00;-;-;0
31.05.2020;04:00;05:00;-;-;0
31.05.2020;05:00;06:00;-;-;0
31.05.2020;06:00;07:00;-;-;0
31.05.2020;07:00;08:00;-;-;0
31.05.2020;08:00;09:00;-;-;0
31.05.2020;09:00;10:00;-;-;0
31.05.2020;10:00;11:00;-;-;0
31.05.2020;11:00;12:00;-;-;0
31.05.2020;12:00;13:00;-;-;0
31.05.2020;13:00;14:00;-;-;0
31.05.2020;14:00;15:00;-;-;0
31.05.2020;15:00;16:00;-;-;0
31.05.2020;16:00;17:00;-;-;0
31.05.2020;17:00;18:00;-;-;0
31.05.2020;18:00;19:00;-;-;0
31.05.2020;19:00;20:00;-;-;0
31.05.2020;20:00;21:00;-;-;0
31.05.2020;21:00;22:00;-;-;0
31.05.2020;22:00;23:00;-;-;0
31.05.2020;23:00;00:00;-;-;0
01.06.2020;00:00;01:00;-;-;0
01.06.2020;01:00;02:00;-;-;0
01.06.2020;02:00;03:00;-;-;0
01.06.2020;03:00;04:00;-;-;0
01.06.2020;04:00;05:00;-;-;0
01.06.2020;05:00;06:00;-;-;0
01.06.2020;06:00;07:00;-;-;0
01.06.2020;07:00;08:00;-;-;0
01.06.2020;08:00;09:00;-;-;0
01.06.2020;09:00;10:00;-;-;0
01.06.2020;10:00;11:00;-;-;0
01.06.2020;11:00;12:00;-;-;0
01.06.2020;12:00;13:00;-;-;0
01.06.2020;13:00;14:00;-;-;0
01.06.2020;14:00;15:00;-;-;0
01.06.2020;15:00;16:00;-;-;0
01.06.2020;16:00;17:00;-;-;0
01.06.2020;17:00;18:00;-;-;0
01.06.2020;18:00;19:00;-;-;0
01.06.2020;19:00;20:00;-;-;0
01.06.2020;20:00;21:00;-;-;0
01.06.2020;21:00;22:00;-;-;0
01.06.2020;22:00;23:00;-;-;0
01.06.2020;23:00;00:00;-;-;0
02.06.2020;00:00;01:00;-;-;0
02.06.2020;01:00;02:00;-;-;0
02.06.2020;02:00;03:00;-;-;0
02.06.2020;03:00;04:00;-;-;0
02.06.2020;04:00;05:00;-;-;0
02.06.2020;05:00;06:00;-;-;0
02.06.2020;06:00;07:00;-;-;0
02.06.2020;07:00;08:00;-;-;0
02.06.2020;08:00;09:00;-;-;0
02.06.2020;09:00;10:00;-;-;0
02.06.2020;10:00;11:00;-;-;0
02.06.2020;11:00;12:00;-;-;0
02.06.2020;12:00;13:00;-;-;0
02.06.2020;13:00;14:00;-;-;0
02.06.2020;14:00;15:00;-;-;0
02.06.2020;15:00;16:00;-;-;0
02.06.2020;16:00;17:00;-;-;0
02.06.2020;17:00;18:00;-;-;0
02.06.2020;18:00;19:00;-;-;0
02.06.2020;19:00;20:00;-;-;0
02.06.2020;20:00;21:00;-;-;0
02.06.2020;21:00;22:00;-;-;0
02.06.2020;22:00;23:00;-;-;0
02.06.2020;23:00;00:00;-;-;0
03.06.2020;00:00;01:00;-;-;0
03.06.2020;01:00;02:00;-;-;0
03.06.2020;02:00;03:00;-;-;0
03.06.2020;03:00;04:00;-;-;0
03.06.2020;04:00;05:00;-;-;0
03.06.2020;05:00;06:00;-;-;0
03.06.2020;06:00;07:00;-;-;0
03.06.2020;07:00;08:00;-;-;0
03.06.2020;08:00;09:00;-;-;0
03.06.2020;09:00;10:00;-;-;0
03.06.2020;10:00;11:00;-;-;0
03.06.2020;11:00;12:00;-;-;0
03.06.2020;12:00;13:00;-;-;0
03.06.2020;13:00;14:00;-;-;0
03.06.2020;14:00;15:00;-;-;0
03.06.2020;15:00;16:00;-;-;0
03.06.2020;16:00;17:00;-;-;0
03.06.2020;17:00;18:00;-;-;0
03.06.2020;18:00;19:00;-;-;0
03.06.2020;19:00;20:00;-;-;0
03.06.2020;20:00;21:00;-;-;0
03.06.2020;21:00;22:00;-;-;0
03.06.2020;22:00;23:00;-;-;0
03.06.2020;23:00;00:00;-;-;0
04.06.2020;00:00;01:00;-;-;0
04.06.2020;01:00;02:00;-;-;0
04.06.2020;02:00;03:00;-;-;0
04.06.2020;03:00;04:00;-;-;0
04.06.2020;04:00;05:00;-;-;0
04.06.2020;05:00;06:00;-;-;0
04.06.2020;06:00;07:00;-;-;0
04.06.2020;07:00;08:00;-;-;0
04.06.2020;08:00;09:00;-;-;0
04.06.2020;09:00;10:00;-;-;0
04.06.2020;10:00;11:00;-;-;0
04.06.2020;11:00;12:00;-;-;0
04.06.2020;12:00;13:00;-;-;0
04.06.2020;13:00;14:00;-;-;0
04.06.2020;14:00;15:00;-;-;0
04.06.2020;15:00;16:00;-;-;0
04.06.2020;16:00;17:00;-;-;0
04.06.2020;17:00;18:00;-;-;0
04.06.2020;18:00;19:00;-;-;0
04.06.2020;19:00;20:00;-;-;0
04.06.2020;20:00;21:00;-;-;0
04.06.2020;21:00;22:00;-;-;0
04.06.2020;22:00;23:00;-;-;0
04.06.2020;23:00;00:00;-;-;0
05.06.2020;00:00;01:00;-;-;0
05.06.2020;01:00;02:00;-;-;0
05.06.2020;02:00;03:00;-;-;0
05.06.2020;03:00;04:00;-;-;0
05.06.2020;04:00;05:00;-;-;0
05.06.2020;05:00;06:00;-;-;0
05.06.2020;06:00;07:00;-;-;0
05.06.2020;07:00;08:00;-;-;0
05.06.2020;08:00;09:00;-;-;0
05.06.2020;09:00;10:00;-;-;0
05.06.2020;10:00;11:00;-;-;0
05.06.2020;11:00;12:00;-;-;0
05.06.2020;12:00;13:00;-;-;0
05.06.2020;13:00;14:00;-;-;0
05.06.2020;14:00;15:00;-;-;0
05.06.2020;15:00;16:00;-;-;0
05.06.2020;16:00;17:00;-;-;0
05.06.2020;17:00;18:00;-;-;0
05.06.2020;18:00;19:00;-;-;0
05.06.2020;19:00;20:00;-;-;0
05.06.2020;20:00;21:00;-;-;0
05.06.2020;21:00;22:00;-;-;0
05.06.2020;22:00;23:00;-;-;0
05.06.2020;23:00;00:00;-;-;0
06.06.2020;00:00;01:00;-;-;0
06.06.2020;01:00;02:00;-;-;0
06.06.2020;02:00;03:00;-;-;0
06.06.2020;03:00;04:00;-;-;0
06.06.2020;04:00;05:00;-;-;0
06.06.2020;05:00;06:00;-;-;0
06.06.2020;06:00;07:00;-;-;0
06.06.2020;07:00;08:00;-;-;0
06.06.2020;08:00;09:00;-;-;0
06.06.2020;09:00;10:00;-;-;0
06.06.2020;10:00;11:00;-;-;0
06.06.2020;11:00;12:00;-;-;0
06.06.2020;12:00;13:00;-;-;0
06.06.2020;13:00;14:00;-;-;0
06.06.2020;14:00;15:00;-;-;0
06.06.2020;15:00;16:00;-;-;0
06.06.2020;16:00;17:00;-;-;0
06.06.2020;17:00;18:00;-;-;0
06.06.2020;18:00;19:00;-;-;0
06.06.2020;19:00;20:00;-;-;0
06.06.2020;20:00;21:00;-;-;0
06.06.2020;21:00;22:00;-;-;0
06.06.2020;22:00;23:00;-;-;0
06.06.2020;23:00;00:00;-;-;0
07.06.2020;00:00;01:00;-;-;0
07.06.2020;01:00;02:00;-;-;0
07.06.2020;02:00;03:00;-;-;0
07.06.2020;03:00;04:00;-;-;0
07.06.2020;04:00;05:00;-;-;0
07.06.2020;05:00;06:00;-;-;0
07.06.2020;06:00;07:00;-;-;0
07.06.2020;07:00;08:00;-;-;0
07.06.2020;08:00;09:00;-;-;0
07.06.2020;09:00;10:00;-;-;0
07.06.2020;10:00;11:00;-;-;0
07.06.2020;11:00;12:00;-;-;0
07.06.2020;12:00;13:00;-;-;0
07.06.2020;13:00;14:00;-;-;0
07.06.2020;14:00;15:00;-;-;0
07.06.2020;15:00;16:00;-;-;0
07.06.2020;16:00;17:00;-;-;0
07.06.2020;17:00;18:00;-;-;0
07.06.2020;18:00;19:00;-;-;0
07.06.2020;19:00;20:00;-;-;0
07.06.2020;20:00;21:00;-;-;0
07.06.2020;21:00;22:00;-;-;0
07.06.2020;22:00;23:00;-;-;0
07.06.2020;23:00;00:00;-;-;0
08.06.2020;00:00;01:00;-;-;0
08.06.2020;01:00;02:00;-;-;0
08.06.2020;02:00;03:00;-;-;0
08.06.2020;03:00;04:00;-;-;0
08.06.2020;04:00;05:00;-;-;0
08.06.2020;05:00;06:00;-;-;0
08.06.2020;06:00;07:00;-;-;0
08.06.2020;07:00;08:00;-;-;0
08.06.2020;08:00;09:00;-;-;0
08.06.2020;09:00;10:00;-;-;0
08.06.2020;10:00;11:00;-;-;0
08.06.2020;11:00;12:00;-;-;0
08.06.2020;12:00;13:00;-;-;0
08.06.2020;13:00;14:00;-;-;0
08.06.2020;14:00;15:00;-;-;0
08.06.2020;15:00;16:00;-;-;0
08.06.2020;16:00;17:00;-;-;0
08.06.2020;17:00;18:00;-;-;0
08.06.2020;18:00;19:00;-;-;0
08.06.2020;19:00;20:00;-;-;0
08.06.2020;20:00;21:00;-;-;0
08.06.2020;21:00;22:00;-;-;0
08.06.2020;22:00;23:00;-;-;0
08.06.2020;23:00;00:00;-;-;0
09.06.2020;00:00;01:00;-;-;0
09.06.2020;01:00;02:00;-;-;0
09.06.2020;02:00;03:00;-;-;0
09.06.2020;03:00;04:00;-;-;0
09.06.2020;04:00;05:00;-;-;0
09.06.2020;05:00;06:00;-;-;0
09.06.2020;06:00;07:00;-;-;0
09.06.2020;07:00;08:00;-;-;0
09.06.2020;08:00;09:00;-;-;0
09.06.2020;09:00;10:00;-;-;0
09.06.2020;10:00;11:00;-;-;0
09.06.2020;11:00;12:00;-;-;0
09.06.2020;12:00;13:00;-;-;0
09.06.2020;13:00;14:00;-;-;0
09.06.2020;14:00;15:00;-;-;0
09.06.2020;15:00;16:00;-;-;0
09.06.2020;16:00;17:00;-;-;0
09.06.2020;17:00;18:00;-;-;0
09.06.2020;18:00;19:00;-;-;0
09.06.2020;19:00;20:00;-;-;0
09.06.2020;20:00;21:00;-;-;0
09.06.2020;21:00;22:00;-;-;0
09.06.2020;22:00;23:00;-;-;0
09.06.2020;23:00;00:00;-;-;0
10.06.2020;00:00;01:00;-;-;0
10.06.2020;01:00;02:00;-;-;0
10.06.2020;02:00;03:00;-;-;0
10.06.2020;03:00;04:00;-;-;0
10.06.2020;04:00;05:00;-;-;0
10.06.2020;05:00;06:00;-;-;0
10.06.2020;06:00;07:00;-;-;0
10.06.2020;07:00;08:00;-;-;0
10.06.2020;08:00;09:00;-;-;0
10.06.2020;09:00;10:00;-;-;0
10.06.2020;10:00;11:00;-;-;0
10.06.2020;11:00;12:00;-;-;0
10.06.2020;12:00;13:00;-;-;0
10.06.2020;13:00;14:00;-;-;0
10.06.2020;14:00;15:00;-;-;0
10.06.2020;15:00;16:00;-;-;0
10.06.2020;16:00;17:00;-;-;0
10.06.2020;17:00;18:00;-;-;0
10.06.2020;18:00;19:00;-;-;0
10.06.2020;19:00;20:00;-;-;0
10.06.2020;20:00;21:00;-;-;0
10.06.2020;21:00;22:00;-;-;0
10.06.2020;22:00;23:00;-;-;0
10.06.2020;23:00;00:00;-;-;0
11.06.2020;00:00;01:00;-;-;0
11.06.2020;01:00;02:00;-;-;0
11.06.2020;02:00;03:00;-;-;0
11.06.2020;03:00;04:00;-;-;0
11.06.2020;04:00;05:00;-;-;0
11.06.2020;05:00;06:00;-;-;0
11.06.2020;06:00;07:00;-;-;0
11.06.2020;07:00;08:00;-;-;0
11.06.2020;08:00;09:00;-;-;0
11.06.2020;09:00;10:00;-;-;0
11.06.2020;10:00;11:00;-;-;0
11.06.2020;11:00;12:00;-;-;0
11.06.2020;12:00;13:00;-;-;0
11.06.2020;13:00;14:00;-;-;0
11.06.2020;14:00;15:00;-;-;0
11.06.2020;15:00;16:00;-;-;0
11.06.2020;16:00;17:00;-;-;0
11.06.2020;17:00;18:00;-;-;0
11.06.2020;18:00;19:00;-;-;0
11.06.2020;19:00;20:00;-;-;0
11.06.2020;20:00;21:00;-;-;0
11.06.2020;21:00;22:00;-;-;0
11.06.2020;22:00;23:00;-;-;0
11.06.2020;23:00;00:00;-;-;0
12.06.2020;00:00;01:00;-;-;0
12.06.2020;01:00;02:00;-;-;0
12.06.2020;02:00;03:00;-;-;0
12.06.2020;03:00;04:00;-;-;0
12.06.2020;04:00;05:00;-;-;0
12.06.2020;05:00;06:00;-;-;0
12.06.2020;06:00;07:00;-;-;0
12.06.2020;07:00;08:00;-;-;0
12.06.2020;08:00;09:00;-;-;0
12.06.2020;09:00;10:00;-;-;0
12.06.2020;10:00;11:00;-;-;0
12.06.2020;11:00;12:00;-;-;0
12.06.2020;12:00;13:00;-;-;0
12.06.2020;13:00;14:00;-;-;0
12.06.2020;14:00;15:00;-;-;0
12.06.2020;15:00;16:00;-;-;0
12.06.2020;16:00;17:00;-;-;0
12.06.2020;17:00;18:00;-;-;0
12.06.2020;18:00;19:00;-;-;0
12.06.2020;19:00;20:00;-;-;0
12.06.2020;20:00;21:00;-;-;0
12.06.2020;21:00;22:00;-;-;0
12.06.2020;22:00;23:00;-;-;0
12.06.2020;23:00;00:00;-;-;0
13.06.2020;00:00;01:00;-;-;0
13.06.2020;01:00;02:00;-;-;0
13.06.2020;02:00;03:00;-;-;0
13.06.2020;03:00;04:00;-;-;0
13.06.2020;04:00;05:00;-;-;0
13.06.2020;05:00;06:00;-;-;0
13.06.2020;06:00;07:00;-;-;0
13.06.2020;07:00;08:00;-;-;0
13.06.2020;08:00;09:00;-;-;0
13.06.2020;09:00;10:00;-;-;0
13.06.2020;10:00;11:00;-;-;0
13.06.2020;11:00;12:00;-;-;0
13.06.2020;12:00;13:00;-;-;0
13.06.2020;13:00;14:00;-;-;0
13.06.2020;14:00;15:00;-;-;0
13.06.2020;15:00;16:00;-;-;0
13.06.2020;16:00;17:00;-;-;0
13.06.2020;17:00;18:00;-;-;0
13.06.2020;18:00;19:00;-;-;0
13.06.2020;19:00;20:00;-;-;0
13.06.2020;20:00;21:00;-;-;0
13.06.2020;21:00;22:00;-;-;0
13.06.2020;22:00;23:00;-;-;0
13.06.2020;23:00;00:00;-;-;0
14.06.2020;00:00;01:00;-;-;0
14.06.2020;01:00;02:00;-;-;0
14.06.2020;02:00;03:00;-;-;0
14.06.2020;03:00;04:00;-;-;0
14.06.2020;04:00;05:00;-;-;0
14.06.2020;05:00;06:00;-;-;0
14.06.2020;06:00;07:00;-;-;0
14.06.2020;07:00;08:00;-;-;0
14.06.2020;08:00;09:00;-;-;0
14.06.2020;09:00;10:00;-;-;0
14.06.2020;10:00;11:00;-;-;0
14.06.2020;11:00;12:00;-;-;0
14.06.2020;12:00;13:00;-;-;0
14.06.2020;13:00;14:00;-;-;0
14.06.2020;14:00;15:00;-;-;0
14.06.2020;15:00;16:00;-;-;0
14.06.2020;16:00;17:00;-;-;0
14.06.2020;17:00;18:00;-;-;0
14.06.2020;18:00;19:00;-;-;0
14.06.2020;19:00;20:00;-;-;0
14.06.2020;20:00;21:00;-;-;0
14.06.2020;21:00;22:00;-;-;0
14.06.2020;22:00;23:00;-;-;0
14.06.2020;23:00;00:00;-;-;0
15.06.2020;00:00;01:00;-;-;0
15.06.2020;01:00;02:00;-;-;0
15.06.2020;02:00;03:00;-;-;0
15.06.2020;03:00;04:00;-;-;0
15.06.2020;04:00;05:00;-;-;0
15.06.2020;05:00;06:00;-;-;0
15.06.2020;06:00;07:00;-;-;0
15.06.2020;07:00;08:00;-;-;0
15.06.2020;08:00;09:00;-;-;0
15.06.2020;09:00;10:00;-;-;0
15.06.2020;10:00;11:00;-;-;0
15.06.2020;11:00;12:00;-;-;0
15.06.2020;12:00;13:00;-;-;0
15.06.2020;13:00;14:00;-;-;0
15.06.2020;14:00;15:00;-;-;0
15.06.2020;15:00;16:00;-;-;0
15.06.2020;16:00;17:00;-;-;0
15.06.2020;17:00;18:00;-;-;0
15.06.2020;18:00;19:00;-;-;0
15.06.2020;19:00;20:00;-;-;0
15.06.2020;20:00;21:00;-;-;0
15.06.2020;21:00;22:00;-;-;0
15.06.2020;22:00;23:00;-;-;0
15.06.2020;23:00;00:00;-;-;0
16.06.2020;00:00;01:00;-;-;0
16.06.2020;01:00;02:00;-;-;0
16.06.2020;02:00;03:00;-;-;0
16.06.2020;03:00;04:00;-;-;0
16.06.2020;04:00;05:00;-;-;0
16.06.2020;05:00;06:00;-;-;0
16.06.2020;06:00;07:00;-;-;0
16.06.2020;07:00;08:00;-;-;0
16.06.2020;08:00;09:00;-;-;0
16.06.2020;09:00;10:00;-;-;0
16.06.2020;10:00;11:00;-;-;0
16.06.2020;11:00;12:00;-;-;0
16.06.2020;12:00;13:00;-;-;0
16.06.2020;13:00;14:00;-;-;0
16.06.2020;14:00;15:00;-;-;0
16.06.2020;15:00;16:00;-;-;0
16.06.2020;16:00;17:00;-;-;0
16.06.2020;17:00;18:00;-;-;0
16.06.2020;18:00;19:00;-;-;0
16.06.2020;19:00;20:00;-;-;0
16.06.2020;20:00;21:00;-;-;0
16.06.2020;21:00;22:00;-;-;0
16.06.2020;22:00;23:00;-;-;0
16.06.2020;23:00;00:00;-;-;0
17.06.2020;00:00;01:00;-;-;0
17.06.2020;01:00;02:00;-;-;0
17.06.2020;02:00;03:00;-;-;0
17.06.2020;03:00;04:00;-;-;0
17.06.2020;04:00;05:00;-;-;0
17.06.2020;05:00;06:00;-;-;0
17.06.2020;06:00;07:00;-;-;0
17.06.2020;07:00;08:00;-;-;0
17.06.2020;08:00;09:00;-;-;0
17.06.2020;09:00;10:00;-;-;0
17.06.2020;10:00;11:00;-;-;0
17.06.2020;11:00;12:00;-;-;0
17.06.2020;12:00;13:00;-;-;0
17.06.2020;13:00;14:00;-;-;0
17.06.2020;14:00;15:00;-;-;0
17.06.2020;15:00;16:00;-;-;0
17.06.2020;16:00;17:00;-;-;0
17.06.2020;17:00;18:00;-;-;0
17.06.2020;18:00;19:00;-;-;0
17.06.2020;19:00;20:00;-;-;0
17.06.2020;20:00;21:00;-;-;0
17.06.2020;21:00;22:00;-;-;0
17.06.2020;22:00;23:00;-;-;0
17.06.2020;23:00;00:00;-;-;0
18.06.2020;00:00;01:00;-;-;0
18.06.2020;01:00;02:00;-;-;0
18.06.2020;02:00;03:00;-;-;0
18.06.2020;03:00;04:00;-;-;0
18.06.2020;04:00;05:00;-;-;0
18.06.2020;05:00;06:00;-;-;0
18.06.2020;06:00;07:00;-;-;0
18.06.2020;07:00;08:00;-;-;0
18.06.2020;08:00;09:00;-;-;0
18.06.2020;09:00;10:00;-;-;0
18.06.2020;10:00;11:00;-;-;0
18.06.2020;11:00;12:00;-;-;0
18.06.2020;12:00;13:00;-;-;0
18.06.2020;13:00;14:00;-;-;0
18.06.2020;14:00;15:00;-;-;0
18.06.2020;15:00;16:00;-;-;0
18.06.2020;16:00;17:00;-;-;0
18.06.2020;17:00;18:00;-;-;0
18.06.2020;18:00;19:00;-;-;0
18.06.2020;19:00;20:00;-;-;0
18.06.2020;20:00;21:00;-;-;0
18.06.2020;21:00;22:00;-;-;0
18.06.2020;22:00;23:00;-;-;0
18.06.2020;23:00;00:00;-;-;0
19.06.2020;00:00;01:00;-;-;0
19.06.2020;01:00;02:00;-;-;0
19.06.2020;02:00;03:00;-;-;0
19.06.2020;03:00;04:00;-;-;0
19.06.2020;04:00;05:00;-;-;0
19.06.2020;05:00;06:00;-;-;0
19.06.2020;06:00;07:00;-;-;0
19.06.2020;07:00;08:00;-;-;0
19.06.2020;08:00;09:00;-;-;0
19.06.2020;09:00;10:00;-;-;0
19.06.2020;10:00;11:00;-;-;0
19.06.2020;11:00;12:00;-;-;0
19.06.2020;12:00;13:00;-;-;0
19.06.2020;13:00;14:00;-;-;0
19.06.2020;14:00;15:00;-;-;0
19.06.2020;15:00;16:00;-;-;0
19.06.2020;16:00;17:00;-;-;0
19.06.2020;17:00;18:00;-;-;0
19.06.2020;18:00;19:00;-;-;0
19.06.2020;19:00;20:00;-;-;0
19.06.2020;20:00;21:00;-;-;0
19.06.2020;21:00;22:00;-;-;0
19.06.2020;22:00;23:00;-;-;0
19.06.2020;23:00;00:00;-;-;0
20.06.2020;00:00;01:00;-;-;128
20.06.2020;01:00;02:00;-;-;286
20.06.2020;02:00;03:00;-;-;340
20.06.2020;03:00;04:00;-;-;381
20.06.2020;04:00;05:00;-;-;389
20.06.2020;05:00;06:00;-;-;388
20.06.2020;06:00;07:00;-;-;318
20.06.2020;07:00;08:00;-;-;217
20.06.2020;08:00;09:00;-;-;216
20.06.2020;09:00;10:00;-;-;216
20.06.2020;10:00;11:00;-;-;216
20.06.2020;11:00;12:00;-;-;216
20.06.2020;12:00;13:00;-;-;217
20.06.2020;13:00;14:00;-;-;217
20.06.2020;14:00;15:00;-;-;216
20.06.2020;15:00;16:00;-;-;214
20.06.2020;16:00;17:00;-;-;214
20.06.2020;17:00;18:00;-;-;217
20.06.2020;18:00;19:00;-;-;218
20.06.2020;19:00;20:00;-;-;216
20.06.2020;20:00;21:00;-;-;217
20.06.2020;21:00;22:00;-;-;217
20.06.2020;22:00;23:00;-;-;217
20.06.2020;23:00;00:00;-;-;216
21.06.2020;00:00;01:00;-;-;216
21.06.2020;01:00;02:00;-;-;218
21.06.2020;02:00;03:00;-;-;155
21.06.2020;03:00;04:00;-;-;0
21.06.2020;04:00;05:00;-;-;0
21.06.2020;05:00;06:00;-;-;0
21.06.2020;06:00;07:00;-;-;0
21.06.2020;07:00;08:00;-;-;0
21.06.2020;08:00;09:00;-;-;0
21.06.2020;09:00;10:00;-;-;0
21.06.2020;10:00;11:00;-;-;0
21.06.2020;11:00;12:00;-;-;0
21.06.2020;12:00;13:00;-;-;0
21.06.2020;13:00;14:00;-;-;0
21.06.2020;14:00;15:00;-;-;0
21.06.2020;15:00;16:00;-;-;0
21.06.2020;16:00;17:00;-;-;0
21.06.2020;17:00;18:00;-;-;0
21.06.2020;18:00;19:00;-;-;0
21.06.2020;19:00;20:00;-;-;0
21.06.2020;20:00;21:00;-;-;0
21.06.2020;21:00;22:00;-;-;0
21.06.2020;22:00;23:00;-;-;0
21.06.2020;23:00;00:00;-;-;0
22.06.2020;00:00;01:00;-;-;0
22.06.2020;01:00;02:00;-;-;0
22.06.2020;02:00;03:00;-;-;0
22.06.2020;03:00;04:00;-;-;0
22.06.2020;04:00;05:00;-;-;0
22.06.2020;05:00;06:00;-;-;0
22.06.2020;06:00;07:00;-;-;0
22.06.2020;07:00;08:00;-;-;0
22.06.2020;08:00;09:00;-;-;0
22.06.2020;09:00;10:00;-;-;0
22.06.2020;10:00;11:00;-;-;0
22.06.2020;11:00;12:00;-;-;3
22.06.2020;12:00;13:00;-;-;290
22.06.2020;13:00;14:00;-;-;384
22.06.2020;14:00;15:00;-;-;401
22.06.2020;15:00;16:00;-;-;404
22.06.2020;16:00;17:00;-;-;382
22.06.2020;17:00;18:00;-;-;215
22.06.2020;18:00;19:00;-;-;217
22.06.2020;19:00;20:00;-;-;0
22.06.2020;20:00;21:00;-;-;0
22.06.2020;21:00;22:00;-;-;0
22.06.2020;22:00;23:00;-;-;0
22.06.2020;23:00;00:00;-;-;0
23.06.2020;00:00;01:00;-;-;0
23.06.2020;01:00;02:00;-;-;0
23.06.2020;02:00;03:00;-;-;0
23.06.2020;03:00;04:00;-;-;0
23.06.2020;04:00;05:00;-;-;0
23.06.2020;05:00;06:00;-;-;0
23.06.2020;06:00;07:00;-;-;0
23.06.2020;07:00;08:00;-;-;0
23.06.2020;08:00;09:00;-;-;0
23.06.2020;09:00;10:00;-;-;0
23.06.2020;10:00;11:00;-;-;0
23.06.2020;11:00;12:00;-;-;0
23.06.2020;12:00;13:00;-;-;0
23.06.2020;13:00;14:00;-;-;0
23.06.2020;14:00;15:00;-;-;0
23.06.2020;15:00;16:00;-;-;0
23.06.2020;16:00;17:00;-;-;0
23.06.2020;17:00;18:00;-;-;0
23.06.2020;18:00;19:00;-;-;0
23.06.2020;19:00;20:00;-;-;0
23.06.2020;20:00;21:00;-;-;0
23.06.2020;21:00;22:00;-;-;0
23.06.2020;22:00;23:00;-;-;108
23.06.2020;23:00;00:00;-;-;305
24.06.2020;00:00;01:00;-;-;275
24.06.2020;01:00;02:00;-;-;272
24.06.2020;02:00;03:00;-;-;309
24.06.2020;03:00;04:00;-;-;288
24.06.2020;04:00;05:00;-;-;201
24.06.2020;05:00;06:00;-;-;214
24.06.2020;06:00;07:00;-;-;228
24.06.2020;07:00;08:00;-;-;380
24.06.2020;08:00;09:00;-;-;240
24.06.2020;09:00;10:00;-;-;0
24.06.2020;10:00;11:00;-;-;0
24.06.2020;11:00;12:00;-;-;0
24.06.2020;12:00;13:00;-;-;0
24.06.2020;13:00;14:00;-;-;0
24.06.2020;14:00;15:00;-;-;0
24.06.2020;15:00;16:00;-;-;0
24.06.2020;16:00;17:00;-;-;0
24.06.2020;17:00;18:00;-;-;0
24.06.2020;18:00;19:00;-;-;0
24.06.2020;19:00;20:00;-;-;0
24.06.2020;20:00;21:00;-;-;0
24.06.2020;21:00;22:00;-;-;0
24.06.2020;22:00;23:00;-;-;0
24.06.2020;23:00;00:00;-;-;0
25.06.2020;00:00;01:00;-;-;199
25.06.2020;01:00;02:00;-;-;369
25.06.2020;02:00;03:00;-;-;366
25.06.2020;03:00;04:00;-;-;323
25.06.2020;04:00;05:00;-;-;212
25.06.2020;05:00;06:00;-;-;216
25.06.2020;06:00;07:00;-;-;217
25.06.2020;07:00;08:00;-;-;63
25.06.2020;08:00;09:00;-;-;0
25.06.2020;09:00;10:00;-;-;0
25.06.2020;10:00;11:00;-;-;0
25.06.2020;11:00;12:00;-;-;0
25.06.2020;12:00;13:00;-;-;0
25.06.2020;13:00;14:00;-;-;0
25.06.2020;14:00;15:00;-;-;0
25.06.2020;15:00;16:00;-;-;0
25.06.2020;16:00;17:00;-;-;0
25.06.2020;17:00;18:00;-;-;0
25.06.2020;18:00;19:00;-;-;0
25.06.2020;19:00;20:00;-;-;0
25.06.2020;20:00;21:00;-;-;0
25.06.2020;21:00;22:00;-;-;0
25.06.2020;22:00;23:00;-;-;0
25.06.2020;23:00;00:00;-;-;0
26.06.2020;00:00;01:00;-;-;0
26.06.2020;01:00;02:00;-;-;0
26.06.2020;02:00;03:00;-;-;0
26.06.2020;03:00;04:00;-;-;0
26.06.2020;04:00;05:00;-;-;0
26.06.2020;05:00;06:00;-;-;0
26.06.2020;06:00;07:00;-;-;0
26.06.2020;07:00;08:00;-;-;0
26.06.2020;08:00;09:00;-;-;0
26.06.2020;09:00;10:00;-;-;0
26.06.2020;10:00;11:00;-;-;0
26.06.2020;11:00;12:00;-;-;0
26.06.2020;12:00;13:00;-;-;0
26.06.2020;13:00;14:00;-;-;0
26.06.2020;14:00;15:00;-;-;0
26.06.2020;15:00;16:00;-;-;0
26.06.2020;16:00;17:00;-;-;0
26.06.2020;17:00;18:00;-;-;0
26.06.2020;18:00;19:00;-;-;0
26.06.2020;19:00;20:00;-;-;0
26.06.2020;20:00;21:00;-;-;0
26.06.2020;21:00;22:00;-;-;0
26.06.2020;22:00;23:00;-;-;0
26.06.2020;23:00;00:00;-;-;0
27.06.2020;00:00;01:00;-;-;0
27.06.2020;01:00;02:00;-;-;0
27.06.2020;02:00;03:00;-;-;0
27.06.2020;03:00;04:00;-;-;0
27.06.2020;04:00;05:00;-;-;0
27.06.2020;05:00;06:00;-;-;0
27.06.2020;06:00;07:00;-;-;0
27.06.2020;07:00;08:00;-;-;0
27.06.2020;08:00;09:00;-;-;0
27.06.2020;09:00;10:00;-;-;0
27.06.2020;10:00;11:00;-;-;0
27.06.2020;11:00;12:00;-;-;0
27.06.2020;12:00;13:00;-;-;0
27.06.2020;13:00;14:00;-;-;0
27.06.2020;14:00;15:00;-;-;0
27.06.2020;15:00;16:00;-;-;0
27.06.2020;16:00;17:00;-;-;0
27.06.2020;17:00;18:00;-;-;0
27.06.2020;18:00;19:00;-;-;0
27.06.2020;19:00;20:00;-;-;0
27.06.2020;20:00;21:00;-;-;0
27.06.2020;21:00;22:00;-;-;0
27.06.2020;22:00;23:00;-;-;0
27.06.2020;23:00;00:00;-;-;123
28.06.2020;00:00;01:00;-;-;232
28.06.2020;01:00;02:00;-;-;285
28.06.2020;02:00;03:00;-;-;311
28.06.2020;03:00;04:00;-;-;246
28.06.2020;04:00;05:00;-;-;252
28.06.2020;05:00;06:00;-;-;252
28.06.2020;06:00;07:00;-;-;254
28.06.2020;07:00;08:00;-;-;253
28.06.2020;08:00;09:00;-;-;254
28.06.2020;09:00;10:00;-;-;254
28.06.2020;10:00;11:00;-;-;254
28.06.2020;11:00;12:00;-;-;255
28.06.2020;12:00;13:00;-;-;267
28.06.2020;13:00;14:00;-;-;271
28.06.2020;14:00;15:00;-;-;230
28.06.2020;15:00;16:00;-;-;223
28.06.2020;16:00;17:00;-;-;221
28.06.2020;17:00;18:00;-;-;221
28.06.2020;18:00;19:00;-;-;221
28.06.2020;19:00;20:00;-;-;221
28.06.2020;20:00;21:00;-;-;221
28.06.2020;21:00;22:00;-;-;221
28.06.2020;22:00;23:00;-;-;222
28.06.2020;23:00;00:00;-;-;221
29.06.2020;00:00;01:00;-;-;221
29.06.2020;01:00;02:00;-;-;220
29.06.2020;02:00;03:00;-;-;221
29.06.2020;03:00;04:00;-;-;222
29.06.2020;04:00;05:00;-;-;222
29.06.2020;05:00;06:00;-;-;223
29.06.2020;06:00;07:00;-;-;220
29.06.2020;07:00;08:00;-;-;142
29.06.2020;08:00;09:00;-;-;0
29.06.2020;09:00;10:00;-;-;0
29.06.2020;10:00;11:00;-;-;0
29.06.2020;11:00;12:00;-;-;0
29.06.2020;12:00;13:00;-;-;0
29.06.2020;13:00;14:00;-;-;0
29.06.2020;14:00;15:00;-;-;0
29.06.2020;15:00;16:00;-;-;0
29.06.2020;16:00;17:00;-;-;0
29.06.2020;17:00;18:00;-;-;0
29.06.2020;18:00;19:00;-;-;0
29.06.2020;19:00;20:00;-;-;0
29.06.2020;20:00;21:00;-;-;0
29.06.2020;21:00;22:00;-;-;0
29.06.2020;22:00;23:00;-;-;0
29.06.2020;23:00;00:00;-;-;0
30.06.2020;00:00;01:00;-;-;0
30.06.2020;01:00;02:00;-;-;0
30.06.2020;02:00;03:00;-;-;0
30.06.2020;03:00;04:00;-;-;0
30.06.2020;04:00;05:00;-;-;0
30.06.2020;05:00;06:00;-;-;0
30.06.2020;06:00;07:00;-;-;0
30.06.2020;07:00;08:00;-;-;255
30.06.2020;08:00;09:00;-;-;381
30.06.2020;09:00;10:00;-;-;398
30.06.2020;10:00;11:00;-;-;391
30.06.2020;11:00;12:00;-;-;395
30.06.2020;12:00;13:00;-;-;400
30.06.2020;13:00;14:00;-;-;342
30.06.2020;14:00;15:00;-;-;0
30.06.2020;15:00;16:00;-;-;0
30.06.2020;16:00;17:00;-;-;0
30.06.2020;17:00;18:00;-;-;0
30.06.2020;18:00;19:00;-;-;0
30.06.2020;19:00;20:00;-;-;0
30.06.2020;20:00;21:00;-;-;0
30.06.2020;21:00;22:00;-;-;0
30.06.2020;22:00;23:00;-;-;0
30.06.2020;23:00;00:00;-;-;0
01.07.2020;00:00;01:00;-;-;0
01.07.2020;01:00;02:00;-;-;0
01.07.2020;02:00;03:00;-;-;0
01.07.2020;03:00;04:00;-;-;0
01.07.2020;04:00;05:00;-;-;0
01.07.2020;05:00;06:00;-;-;0
01.07.2020;06:00;07:00;-;-;0
01.07.2020;07:00;08:00;-;-;0
01.07.2020;08:00;09:00;-;-;0
01.07.2020;09:00;10:00;-;-;0
01.07.2020;10:00;11:00;-;-;0
01.07.2020;11:00;12:00;-;-;0
01.07.2020;12:00;13:00;-;-;0
01.07.2020;13:00;14:00;-;-;0
01.07.2020;14:00;15:00;-;-;0
01.07.2020;15:00;16:00;-;-;0
01.07.2020;16:00;17:00;-;-;0
01.07.2020;17:00;18:00;-;-;0
01.07.2020;18:00;19:00;-;-;0
01.07.2020;19:00;20:00;-;-;0
01.07.2020;20:00;21:00;-;-;0
01.07.2020;21:00;22:00;-;-;0
01.07.2020;22:00;23:00;-;-;0
01.07.2020;23:00;00:00;-;-;0
02.07.2020;00:00;01:00;-;-;0
02.07.2020;01:00;02:00;-;-;0
02.07.2020;02:00;03:00;-;-;0
02.07.2020;03:00;04:00;-;-;0
02.07.2020;04:00;05:00;-;-;0
02.07.2020;05:00;06:00;-;-;0
02.07.2020;06:00;07:00;-;-;0
02.07.2020;07:00;08:00;-;-;0
02.07.2020;08:00;09:00;-;-;0
02.07.2020;09:00;10:00;-;-;0
02.07.2020;10:00;11:00;-;-;0
02.07.2020;11:00;12:00;-;-;0
02.07.2020;12:00;13:00;-;-;0
02.07.2020;13:00;14:00;-;-;0
02.07.2020;14:00;15:00;-;-;0
02.07.2020;15:00;16:00;-;-;0
02.07.2020;16:00;17:00;-;-;0
02.07.2020;17:00;18:00;-;-;0
02.07.2020;18:00;19:00;-;-;0
02.07.2020;19:00;20:00;-;-;0
02.07.2020;20:00;21:00;-;-;0
02.07.2020;21:00;22:00;-;-;0
02.07.2020;22:00;23:00;-;-;0
02.07.2020;23:00;00:00;-;-;0
03.07.2020;00:00;01:00;-;-;0
03.07.2020;01:00;02:00;-;-;0
03.07.2020;02:00;03:00;-;-;0
03.07.2020;03:00;04:00;-;-;0
03.07.2020;04:00;05:00;-;-;0
03.07.2020;05:00;06:00;-;-;0
03.07.2020;06:00;07:00;-;-;0
03.07.2020;07:00;08:00;-;-;0
03.07.2020;08:00;09:00;-;-;0
03.07.2020;09:00;10:00;-;-;0
03.07.2020;10:00;11:00;-;-;0
03.07.2020;11:00;12:00;-;-;0
03.07.2020;12:00;13:00;-;-;0
03.07.2020;13:00;14:00;-;-;0
03.07.2020;14:00;15:00;-;-;0
03.07.2020;15:00;16:00;-;-;0
03.07.2020;16:00;17:00;-;-;0
03.07.2020;17:00;18:00;-;-;0
03.07.2020;18:00;19:00;-;-;0
03.07.2020;19:00;20:00;-;-;0
03.07.2020;20:00;21:00;-;-;0
03.07.2020;21:00;22:00;-;-;0
03.07.2020;22:00;23:00;-;-;0
03.07.2020;23:00;00:00;-;-;0
04.07.2020;00:00;01:00;-;-;0
04.07.2020;01:00;02:00;-;-;0
04.07.2020;02:00;03:00;-;-;0
04.07.2020;03:00;04:00;-;-;0
04.07.2020;04:00;05:00;-;-;0
04.07.2020;05:00;06:00;-;-;0
04.07.2020;06:00;07:00;-;-;0
04.07.2020;07:00;08:00;-;-;0
04.07.2020;08:00;09:00;-;-;0
04.07.2020;09:00;10:00;-;-;0
04.07.2020;10:00;11:00;-;-;0
04.07.2020;11:00;12:00;-;-;0
04.07.2020;12:00;13:00;-;-;0
04.07.2020;13:00;14:00;-;-;0
04.07.2020;14:00;15:00;-;-;0
04.07.2020;15:00;16:00;-;-;0
04.07.2020;16:00;17:00;-;-;0
04.07.2020;17:00;18:00;-;-;0
04.07.2020;18:00;19:00;-;-;0
04.07.2020;19:00;20:00;-;-;0
04.07.2020;20:00;21:00;-;-;0
04.07.2020;21:00;22:00;-;-;0
04.07.2020;22:00;23:00;-;-;0
04.07.2020;23:00;00:00;-;-;0
05.07.2020;00:00;01:00;-;-;0
05.07.2020;01:00;02:00;-;-;0
05.07.2020;02:00;03:00;-;-;0
05.07.2020;03:00;04:00;-;-;0
05.07.2020;04:00;05:00;-;-;0
05.07.2020;05:00;06:00;-;-;0
05.07.2020;06:00;07:00;-;-;0
05.07.2020;07:00;08:00;-;-;0
05.07.2020;08:00;09:00;-;-;0
05.07.2020;09:00;10:00;-;-;0
05.07.2020;10:00;11:00;-;-;0
05.07.2020;11:00;12:00;-;-;0
05.07.2020;12:00;13:00;-;-;0
05.07.2020;13:00;14:00;-;-;0
05.07.2020;14:00;15:00;-;-;0
05.07.2020;15:00;16:00;-;-;0
05.07.2020;16:00;17:00;-;-;0
05.07.2020;17:00;18:00;-;-;0
05.07.2020;18:00;19:00;-;-;0
05.07.2020;19:00;20:00;-;-;0
05.07.2020;20:00;21:00;-;-;0
05.07.2020;21:00;22:00;-;-;0
05.07.2020;22:00;23:00;-;-;0
05.07.2020;23:00;00:00;-;-;0
06.07.2020;00:00;01:00;-;-;0
06.07.2020;01:00;02:00;-;-;0
06.07.2020;02:00;03:00;-;-;0
06.07.2020;03:00;04:00;-;-;0
06.07.2020;04:00;05:00;-;-;0
06.07.2020;05:00;06:00;-;-;0
06.07.2020;06:00;07:00;-;-;0
06.07.2020;07:00;08:00;-;-;0
06.07.2020;08:00;09:00;-;-;0
06.07.2020;09:00;10:00;-;-;0
06.07.2020;10:00;11:00;-;-;0
06.07.2020;11:00;12:00;-;-;0
06.07.2020;12:00;13:00;-;-;0
06.07.2020;13:00;14:00;-;-;0
06.07.2020;14:00;15:00;-;-;0
06.07.2020;15:00;16:00;-;-;0
06.07.2020;16:00;17:00;-;-;0
06.07.2020;17:00;18:00;-;-;0
06.07.2020;18:00;19:00;-;-;0
06.07.2020;19:00;20:00;-;-;0
06.07.2020;20:00;21:00;-;-;0
06.07.2020;21:00;22:00;-;-;0
06.07.2020;22:00;23:00;-;-;0
06.07.2020;23:00;00:00;-;-;0
07.07.2020;00:00;01:00;-;-;0
07.07.2020;01:00;02:00;-;-;0
07.07.2020;02:00;03:00;-;-;0
07.07.2020;03:00;04:00;-;-;0
07.07.2020;04:00;05:00;-;-;0
07.07.2020;05:00;06:00;-;-;0
07.07.2020;06:00;07:00;-;-;0
07.07.2020;07:00;08:00;-;-;0
07.07.2020;08:00;09:00;-;-;0
07.07.2020;09:00;10:00;-;-;0
07.07.2020;10:00;11:00;-;-;0
07.07.2020;11:00;12:00;-;-;0
07.07.2020;12:00;13:00;-;-;0
07.07.2020;13:00;14:00;-;-;0
07.07.2020;14:00;15:00;-;-;0
07.07.2020;15:00;16:00;-;-;0
07.07.2020;16:00;17:00;-;-;0
07.07.2020;17:00;18:00;-;-;0
07.07.2020;18:00;19:00;-;-;0
07.07.2020;19:00;20:00;-;-;0
07.07.2020;20:00;21:00;-;-;0
07.07.2020;21:00;22:00;-;-;0
07.07.2020;22:00;23:00;-;-;0
07.07.2020;23:00;00:00;-;-;0
08.07.2020;00:00;01:00;-;-;0
08.07.2020;01:00;02:00;-;-;0
08.07.2020;02:00;03:00;-;-;0
08.07.2020;03:00;04:00;-;-;0
08.07.2020;04:00;05:00;-;-;0
08.07.2020;05:00;06:00;-;-;0
08.07.2020;06:00;07:00;-;-;0
08.07.2020;07:00;08:00;-;-;0
08.07.2020;08:00;09:00;-;-;0
08.07.2020;09:00;10:00;-;-;0
08.07.2020;10:00;11:00;-;-;0
08.07.2020;11:00;12:00;-;-;0
08.07.2020;12:00;13:00;-;-;0
08.07.2020;13:00;14:00;-;-;0
08.07.2020;14:00;15:00;-;-;0
08.07.2020;15:00;16:00;-;-;0
08.07.2020;16:00;17:00;-;-;0
08.07.2020;17:00;18:00;-;-;0
08.07.2020;18:00;19:00;-;-;0
08.07.2020;19:00;20:00;-;-;0
08.07.2020;20:00;21:00;-;-;0
08.07.2020;21:00;22:00;-;-;0
08.07.2020;22:00;23:00;-;-;0
08.07.2020;23:00;00:00;-;-;0
09.07.2020;00:00;01:00;-;-;0
09.07.2020;01:00;02:00;-;-;0
09.07.2020;02:00;03:00;-;-;0
09.07.2020;03:00;04:00;-;-;0
09.07.2020;04:00;05:00;-;-;0
09.07.2020;05:00;06:00;-;-;0
09.07.2020;06:00;07:00;-;-;0
09.07.2020;07:00;08:00;-;-;0
09.07.2020;08:00;09:00;-;-;0
09.07.2020;09:00;10:00;-;-;0
09.07.2020;10:00;11:00;-;-;0
09.07.2020;11:00;12:00;-;-;0
09.07.2020;12:00;13:00;-;-;0
09.07.2020;13:00;14:00;-;-;0
09.07.2020;14:00;15:00;-;-;0
09.07.2020;15:00;16:00;-;-;0
09.07.2020;16:00;17:00;-;-;0
09.07.2020;17:00;18:00;-;-;0
09.07.2020;18:00;19:00;-;-;0
09.07.2020;19:00;20:00;-;-;0
09.07.2020;20:00;21:00;-;-;0
09.07.2020;21:00;22:00;-;-;0
09.07.2020;22:00;23:00;-;-;0
09.07.2020;23:00;00:00;-;-;0
10.07.2020;00:00;01:00;-;-;0
10.07.2020;01:00;02:00;-;-;0
10.07.2020;02:00;03:00;-;-;0
10.07.2020;03:00;04:00;-;-;0
10.07.2020;04:00;05:00;-;-;0
10.07.2020;05:00;06:00;-;-;0
10.07.2020;06:00;07:00;-;-;0
10.07.2020;07:00;08:00;-;-;0
10.07.2020;08:00;09:00;-;-;0
10.07.2020;09:00;10:00;-;-;0
10.07.2020;10:00;11:00;-;-;0
10.07.2020;11:00;12:00;-;-;0
10.07.2020;12:00;13:00;-;-;0
10.07.2020;13:00;14:00;-;-;0
10.07.2020;14:00;15:00;-;-;0
10.07.2020;15:00;16:00;-;-;0
10.07.2020;16:00;17:00;-;-;0
10.07.2020;17:00;18:00;-;-;0
10.07.2020;18:00;19:00;-;-;0
10.07.2020;19:00;20:00;-;-;0
10.07.2020;20:00;21:00;-;-;0
10.07.2020;21:00;22:00;-;-;0
10.07.2020;22:00;23:00;-;-;0
10.07.2020;23:00;00:00;-;-;0
11.07.2020;00:00;01:00;-;-;0
11.07.2020;01:00;02:00;-;-;0
11.07.2020;02:00;03:00;-;-;0
11.07.2020;03:00;04:00;-;-;0
11.07.2020;04:00;05:00;-;-;0
11.07.2020;05:00;06:00;-;-;0
11.07.2020;06:00;07:00;-;-;0
11.07.2020;07:00;08:00;-;-;0
11.07.2020;08:00;09:00;-;-;0
11.07.2020;09:00;10:00;-;-;0
11.07.2020;10:00;11:00;-;-;0
11.07.2020;11:00;12:00;-;-;0
11.07.2020;12:00;13:00;-;-;0
11.07.2020;13:00;14:00;-;-;0
11.07.2020;14:00;15:00;-;-;0
11.07.2020;15:00;16:00;-;-;0
11.07.2020;16:00;17:00;-;-;0
11.07.2020;17:00;18:00;-;-;0
11.07.2020;18:00;19:00;-;-;0
11.07.2020;19:00;20:00;-;-;0
11.07.2020;20:00;21:00;-;-;0
11.07.2020;21:00;22:00;-;-;0
11.07.2020;22:00;23:00;-;-;0
11.07.2020;23:00;00:00;-;-;0
12.07.2020;00:00;01:00;-;-;0
12.07.2020;01:00;02:00;-;-;0
12.07.2020;02:00;03:00;-;-;0
12.07.2020;03:00;04:00;-;-;0
12.07.2020;04:00;05:00;-;-;0
12.07.2020;05:00;06:00;-;-;0
12.07.2020;06:00;07:00;-;-;0
12.07.2020;07:00;08:00;-;-;0
12.07.2020;08:00;09:00;-;-;0
12.07.2020;09:00;10:00;-;-;0
12.07.2020;10:00;11:00;-;-;0
12.07.2020;11:00;12:00;-;-;0
12.07.2020;12:00;13:00;-;-;17
12.07.2020;13:00;14:00;-;-;220
12.07.2020;14:00;15:00;-;-;330
12.07.2020;15:00;16:00;-;-;336
12.07.2020;16:00;17:00;-;-;348
12.07.2020;17:00;18:00;-;-;350
12.07.2020;18:00;19:00;-;-;344
12.07.2020;19:00;20:00;-;-;311
12.07.2020;20:00;21:00;-;-;211
12.07.2020;21:00;22:00;-;-;214
12.07.2020;22:00;23:00;-;-;215
12.07.2020;23:00;00:00;-;-;215
13.07.2020;00:00;01:00;-;-;214
13.07.2020;01:00;02:00;-;-;213
13.07.2020;02:00;03:00;-;-;215
13.07.2020;03:00;04:00;-;-;216
13.07.2020;04:00;05:00;-;-;212
13.07.2020;05:00;06:00;-;-;212
13.07.2020;06:00;07:00;-;-;218
13.07.2020;07:00;08:00;-;-;2
13.07.2020;08:00;09:00;-;-;0
13.07.2020;09:00;10:00;-;-;0
13.07.2020;10:00;11:00;-;-;0
13.07.2020;11:00;12:00;-;-;0
13.07.2020;12:00;13:00;-;-;0
13.07.2020;13:00;14:00;-;-;0
13.07.2020;14:00;15:00;-;-;0
13.07.2020;15:00;16:00;-;-;0
13.07.2020;16:00;17:00;-;-;0
13.07.2020;17:00;18:00;-;-;0
13.07.2020;18:00;19:00;-;-;0
13.07.2020;19:00;20:00;-;-;0
13.07.2020;20:00;21:00;-;-;0
13.07.2020;21:00;22:00;-;-;0
13.07.2020;22:00;23:00;-;-;0
13.07.2020;23:00;00:00;-;-;0
14.07.2020;00:00;01:00;-;-;0
14.07.2020;01:00;02:00;-;-;0
14.07.2020;02:00;03:00;-;-;0
14.07.2020;03:00;04:00;-;-;0
14.07.2020;04:00;05:00;-;-;0
14.07.2020;05:00;06:00;-;-;0
14.07.2020;06:00;07:00;-;-;0
14.07.2020;07:00;08:00;-;-;0
14.07.2020;08:00;09:00;-;-;0
14.07.2020;09:00;10:00;-;-;0
14.07.2020;10:00;11:00;-;-;0
14.07.2020;11:00;12:00;-;-;0
14.07.2020;12:00;13:00;-;-;0
14.07.2020;13:00;14:00;-;-;0
14.07.2020;14:00;15:00;-;-;0
14.07.2020;15:00;16:00;-;-;0
14.07.2020;16:00;17:00;-;-;0
14.07.2020;17:00;18:00;-;-;0
14.07.2020;18:00;19:00;-;-;0
14.07.2020;19:00;20:00;-;-;0
14.07.2020;20:00;21:00;-;-;0
14.07.2020;21:00;22:00;-;-;0
14.07.2020;22:00;23:00;-;-;0
14.07.2020;23:00;00:00;-;-;0
15.07.2020;00:00;01:00;-;-;0
15.07.2020;01:00;02:00;-;-;0
15.07.2020;02:00;03:00;-;-;0
15.07.2020;03:00;04:00;-;-;0
15.07.2020;04:00;05:00;-;-;0
15.07.2020;05:00;06:00;-;-;0
15.07.2020;06:00;07:00;-;-;0
15.07.2020;07:00;08:00;-;-;0
15.07.2020;08:00;09:00;-;-;0
15.07.2020;09:00;10:00;-;-;0
15.07.2020;10:00;11:00;-;-;0
15.07.2020;11:00;12:00;-;-;0
15.07.2020;12:00;13:00;-;-;0
15.07.2020;13:00;14:00;-;-;0
15.07.2020;14:00;15:00;-;-;0
15.07.2020;15:00;16:00;-;-;0
15.07.2020;16:00;17:00;-;-;0
15.07.2020;17:00;18:00;-;-;0
15.07.2020;18:00;19:00;-;-;0
15.07.2020;19:00;20:00;-;-;0
15.07.2020;20:00;21:00;-;-;0
15.07.2020;21:00;22:00;-;-;0
15.07.2020;22:00;23:00;-;-;0
15.07.2020;23:00;00:00;-;-;0
16.07.2020;00:00;01:00;-;-;0
16.07.2020;01:00;02:00;-;-;0
16.07.2020;02:00;03:00;-;-;0
16.07.2020;03:00;04:00;-;-;0
16.07.2020;04:00;05:00;-;-;0
16.07.2020;05:00;06:00;-;-;0
16.07.2020;06:00;07:00;-;-;0
16.07.2020;07:00;08:00;-;-;0
16.07.2020;08:00;09:00;-;-;0
16.07.2020;09:00;10:00;-;-;0
16.07.2020;10:00;11:00;-;-;119
16.07.2020;11:00;12:00;-;-;284
16.07.2020;12:00;13:00;-;-;81
16.07.2020;13:00;14:00;-;-;0
16.07.2020;14:00;15:00;-;-;0
16.07.2020;15:00;16:00;-;-;0
16.07.2020;16:00;17:00;-;-;0
16.07.2020;17:00;18:00;-;-;0
16.07.2020;18:00;19:00;-;-;0
16.07.2020;19:00;20:00;-;-;0
16.07.2020;20:00;21:00;-;-;0
16.07.2020;21:00;22:00;-;-;0
16.07.2020;22:00;23:00;-;-;0
16.07.2020;23:00;00:00;-;-;0
17.07.2020;00:00;01:00;-;-;0
17.07.2020;01:00;02:00;-;-;0
17.07.2020;02:00;03:00;-;-;0
17.07.2020;03:00;04:00;-;-;0
17.07.2020;04:00;05:00;-;-;0
17.07.2020;05:00;06:00;-;-;0
17.07.2020;06:00;07:00;-;-;0
17.07.2020;07:00;08:00;-;-;0
17.07.2020;08:00;09:00;-;-;0
17.07.2020;09:00;10:00;-;-;0
17.07.2020;10:00;11:00;-;-;0
17.07.2020;11:00;12:00;-;-;0
17.07.2020;12:00;13:00;-;-;0
17.07.2020;13:00;14:00;-;-;0
17.07.2020;14:00;15:00;-;-;0
17.07.2020;15:00;16:00;-;-;0
17.07.2020;16:00;17:00;-;-;0
17.07.2020;17:00;18:00;-;-;0
17.07.2020;18:00;19:00;-;-;0
17.07.2020;19:00;20:00;-;-;0
17.07.2020;20:00;21:00;-;-;0
17.07.2020;21:00;22:00;-;-;0
17.07.2020;22:00;23:00;-;-;0
17.07.2020;23:00;00:00;-;-;0
18.07.2020;00:00;01:00;-;-;0
18.07.2020;01:00;02:00;-;-;0
18.07.2020;02:00;03:00;-;-;0
18.07.2020;03:00;04:00;-;-;0
18.07.2020;04:00;05:00;-;-;0
18.07.2020;05:00;06:00;-;-;0
18.07.2020;06:00;07:00;-;-;0
18.07.2020;07:00;08:00;-;-;0
18.07.2020;08:00;09:00;-;-;0
18.07.2020;09:00;10:00;-;-;0
18.07.2020;10:00;11:00;-;-;0
18.07.2020;11:00;12:00;-;-;0
18.07.2020;12:00;13:00;-;-;0
18.07.2020;13:00;14:00;-;-;0
18.07.2020;14:00;15:00;-;-;0
18.07.2020;15:00;16:00;-;-;0
18.07.2020;16:00;17:00;-;-;0
18.07.2020;17:00;18:00;-;-;0
18.07.2020;18:00;19:00;-;-;0
18.07.2020;19:00;20:00;-;-;0
18.07.2020;20:00;21:00;-;-;0
18.07.2020;21:00;22:00;-;-;0
18.07.2020;22:00;23:00;-;-;0
18.07.2020;23:00;00:00;-;-;0
19.07.2020;00:00;01:00;-;-;0
19.07.2020;01:00;02:00;-;-;0
19.07.2020;02:00;03:00;-;-;0
19.07.2020;03:00;04:00;-;-;0
19.07.2020;04:00;05:00;-;-;0
19.07.2020;05:00;06:00;-;-;0
19.07.2020;06:00;07:00;-;-;0
19.07.2020;07:00;08:00;-;-;0
19.07.2020;08:00;09:00;-;-;0
19.07.2020;09:00;10:00;-;-;0
19.07.2020;10:00;11:00;-;-;0
19.07.2020;11:00;12:00;-;-;0
19.07.2020;12:00;13:00;-;-;0
19.07.2020;13:00;14:00;-;-;0
19.07.2020;14:00;15:00;-;-;0
19.07.2020;15:00;16:00;-;-;0
19.07.2020;16:00;17:00;-;-;0
19.07.2020;17:00;18:00;-;-;0
19.07.2020;18:00;19:00;-;-;0
19.07.2020;19:00;20:00;-;-;0
19.07.2020;20:00;21:00;-;-;0
19.07.2020;21:00;22:00;-;-;0
19.07.2020;22:00;23:00;-;-;0
19.07.2020;23:00;00:00;-;-;0
20.07.2020;00:00;01:00;-;-;0
20.07.2020;01:00;02:00;-;-;0
20.07.2020;02:00;03:00;-;-;0
20.07.2020;03:00;04:00;-;-;0
20.07.2020;04:00;05:00;-;-;0
20.07.2020;05:00;06:00;-;-;0
20.07.2020;06:00;07:00;-;-;0
20.07.2020;07:00;08:00;-;-;0
20.07.2020;08:00;09:00;-;-;0
20.07.2020;09:00;10:00;-;-;0
20.07.2020;10:00;11:00;-;-;0
20.07.2020;11:00;12:00;-;-;0
20.07.2020;12:00;13:00;-;-;0
20.07.2020;13:00;14:00;-;-;0
20.07.2020;14:00;15:00;-;-;0
20.07.2020;15:00;16:00;-;-;0
20.07.2020;16:00;17:00;-;-;0
20.07.2020;17:00;18:00;-;-;0
20.07.2020;18:00;19:00;-;-;0
20.07.2020;19:00;20:00;-;-;0
20.07.2020;20:00;21:00;-;-;0
20.07.2020;21:00;22:00;-;-;0
20.07.2020;22:00;23:00;-;-;0
20.07.2020;23:00;00:00;-;-;0
21.07.2020;00:00;01:00;-;-;0
21.07.2020;01:00;02:00;-;-;0
21.07.2020;02:00;03:00;-;-;0
21.07.2020;03:00;04:00;-;-;0
21.07.2020;04:00;05:00;-;-;0
21.07.2020;05:00;06:00;-;-;0
21.07.2020;06:00;07:00;-;-;0
21.07.2020;07:00;08:00;-;-;0
21.07.2020;08:00;09:00;-;-;0
21.07.2020;09:00;10:00;-;-;0
21.07.2020;10:00;11:00;-;-;0
21.07.2020;11:00;12:00;-;-;0
21.07.2020;12:00;13:00;-;-;0
21.07.2020;13:00;14:00;-;-;0
21.07.2020;14:00;15:00;-;-;0
21.07.2020;15:00;16:00;-;-;0
21.07.2020;16:00;17:00;-;-;0
21.07.2020;17:00;18:00;-;-;0
21.07.2020;18:00;19:00;-;-;0
21.07.2020;19:00;20:00;-;-;0
21.07.2020;20:00;21:00;-;-;0
21.07.2020;21:00;22:00;-;-;0
21.07.2020;22:00;23:00;-;-;0
21.07.2020;23:00;00:00;-;-;0
22.07.2020;00:00;01:00;-;-;0
22.07.2020;01:00;02:00;-;-;0
22.07.2020;02:00;03:00;-;-;0
22.07.2020;03:00;04:00;-;-;0
22.07.2020;04:00;05:00;-;-;0
22.07.2020;05:00;06:00;-;-;0
22.07.2020;06:00;07:00;-;-;0
22.07.2020;07:00;08:00;-;-;0
22.07.2020;08:00;09:00;-;-;0
22.07.2020;09:00;10:00;-;-;0
22.07.2020;10:00;11:00;-;-;0
22.07.2020;11:00;12:00;-;-;0
22.07.2020;12:00;13:00;-;-;0
22.07.2020;13:00;14:00;-;-;0
22.07.2020;14:00;15:00;-;-;0
22.07.2020;15:00;16:00;-;-;0
22.07.2020;16:00;17:00;-;-;0
22.07.2020;17:00;18:00;-;-;0
22.07.2020;18:00;19:00;-;-;0
22.07.2020;19:00;20:00;-;-;0
22.07.2020;20:00;21:00;-;-;0
22.07.2020;21:00;22:00;-;-;0
22.07.2020;22:00;23:00;-;-;0
22.07.2020;23:00;00:00;-;-;0
23.07.2020;00:00;01:00;-;-;0
23.07.2020;01:00;02:00;-;-;0
23.07.2020;02:00;03:00;-;-;0
23.07.2020;03:00;04:00;-;-;0
23.07.2020;04:00;05:00;-;-;0
23.07.2020;05:00;06:00;-;-;0
23.07.2020;06:00;07:00;-;-;0
23.07.2020;07:00;08:00;-;-;0
23.07.2020;08:00;09:00;-;-;0
23.07.2020;09:00;10:00;-;-;0
23.07.2020;10:00;11:00;-;-;0
23.07.2020;11:00;12:00;-;-;0
23.07.2020;12:00;13:00;-;-;0
23.07.2020;13:00;14:00;-;-;0
23.07.2020;14:00;15:00;-;-;0
23.07.2020;15:00;16:00;-;-;0
23.07.2020;16:00;17:00;-;-;0
23.07.2020;17:00;18:00;-;-;0
23.07.2020;18:00;19:00;-;-;0
23.07.2020;19:00;20:00;-;-;0
23.07.2020;20:00;21:00;-;-;0
23.07.2020;21:00;22:00;-;-;0
23.07.2020;22:00;23:00;-;-;0
23.07.2020;23:00;00:00;-;-;0
24.07.2020;00:00;01:00;-;-;0
24.07.2020;01:00;02:00;-;-;0
24.07.2020;02:00;03:00;-;-;0
24.07.2020;03:00;04:00;-;-;0
24.07.2020;04:00;05:00;-;-;0
24.07.2020;05:00;06:00;-;-;0
24.07.2020;06:00;07:00;-;-;0
24.07.2020;07:00;08:00;-;-;0
24.07.2020;08:00;09:00;-;-;0
24.07.2020;09:00;10:00;-;-;0
24.07.2020;10:00;11:00;-;-;0
24.07.2020;11:00;12:00;-;-;0
24.07.2020;12:00;13:00;-;-;0
24.07.2020;13:00;14:00;-;-;0
24.07.2020;14:00;15:00;-;-;0
24.07.2020;15:00;16:00;-;-;0
24.07.2020;16:00;17:00;-;-;0
24.07.2020;17:00;18:00;-;-;0
24.07.2020;18:00;19:00;-;-;0
24.07.2020;19:00;20:00;-;-;0
24.07.2020;20:00;21:00;-;-;0
24.07.2020;21:00;22:00;-;-;0
24.07.2020;22:00;23:00;-;-;0
24.07.2020;23:00;00:00;-;-;0
25.07.2020;00:00;01:00;-;-;0
25.07.2020;01:00;02:00;-;-;0
25.07.2020;02:00;03:00;-;-;0
25.07.2020;03:00;04:00;-;-;0
25.07.2020;04:00;05:00;-;-;0
25.07.2020;05:00;06:00;-;-;0
25.07.2020;06:00;07:00;-;-;0
25.07.2020;07:00;08:00;-;-;0
25.07.2020;08:00;09:00;-;-;0
25.07.2020;09:00;10:00;-;-;0
25.07.2020;10:00;11:00;-;-;0
25.07.2020;11:00;12:00;-;-;0
25.07.2020;12:00;13:00;-;-;0
25.07.2020;13:00;14:00;-;-;0
25.07.2020;14:00;15:00;-;-;0
25.07.2020;15:00;16:00;-;-;0
25.07.2020;16:00;17:00;-;-;0
25.07.2020;17:00;18:00;-;-;0
25.07.2020;18:00;19:00;-;-;0
25.07.2020;19:00;20:00;-;-;0
25.07.2020;20:00;21:00;-;-;0
25.07.2020;21:00;22:00;-;-;0
25.07.2020;22:00;23:00;-;-;0
25.07.2020;23:00;00:00;-;-;0
26.07.2020;00:00;01:00;-;-;0
26.07.2020;01:00;02:00;-;-;0
26.07.2020;02:00;03:00;-;-;0
26.07.2020;03:00;04:00;-;-;0
26.07.2020;04:00;05:00;-;-;0
26.07.2020;05:00;06:00;-;-;0
26.07.2020;06:00;07:00;-;-;0
26.07.2020;07:00;08:00;-;-;0
26.07.2020;08:00;09:00;-;-;0
26.07.2020;09:00;10:00;-;-;0
26.07.2020;10:00;11:00;-;-;0
26.07.2020;11:00;12:00;-;-;0
26.07.2020;12:00;13:00;-;-;0
26.07.2020;13:00;14:00;-;-;0
26.07.2020;14:00;15:00;-;-;0
26.07.2020;15:00;16:00;-;-;0
26.07.2020;16:00;17:00;-;-;0
26.07.2020;17:00;18:00;-;-;0
26.07.2020;18:00;19:00;-;-;0
26.07.2020;19:00;20:00;-;-;0
26.07.2020;20:00;21:00;-;-;0
26.07.2020;21:00;22:00;-;-;0
26.07.2020;22:00;23:00;-;-;0
26.07.2020;23:00;00:00;-;-;0
27.07.2020;00:00;01:00;-;-;0
27.07.2020;01:00;02:00;-;-;0
27.07.2020;02:00;03:00;-;-;0
27.07.2020;03:00;04:00;-;-;0
27.07.2020;04:00;05:00;-;-;0
27.07.2020;05:00;06:00;-;-;0
27.07.2020;06:00;07:00;-;-;0
27.07.2020;07:00;08:00;-;-;0
27.07.2020;08:00;09:00;-;-;0
27.07.2020;09:00;10:00;-;-;0
27.07.2020;10:00;11:00;-;-;0
27.07.2020;11:00;12:00;-;-;0
27.07.2020;12:00;13:00;-;-;0
27.07.2020;13:00;14:00;-;-;0
27.07.2020;14:00;15:00;-;-;0
27.07.2020;15:00;16:00;-;-;0
27.07.2020;16:00;17:00;-;-;0
27.07.2020;17:00;18:00;-;-;0
27.07.2020;18:00;19:00;-;-;0
27.07.2020;19:00;20:00;-;-;0
27.07.2020;20:00;21:00;-;-;0
27.07.2020;21:00;22:00;-;-;0
27.07.2020;22:00;23:00;-;-;0
27.07.2020;23:00;00:00;-;-;0
28.07.2020;00:00;01:00;-;-;0
28.07.2020;01:00;02:00;-;-;0
28.07.2020;02:00;03:00;-;-;0
28.07.2020;03:00;04:00;-;-;0
28.07.2020;04:00;05:00;-;-;0
28.07.2020;05:00;06:00;-;-;0
28.07.2020;06:00;07:00;-;-;0
28.07.2020;07:00;08:00;-;-;0
28.07.2020;08:00;09:00;-;-;0
28.07.2020;09:00;10:00;-;-;0
28.07.2020;10:00;11:00;-;-;0
28.07.2020;11:00;12:00;-;-;0
28.07.2020;12:00;13:00;-;-;0
28.07.2020;13:00;14:00;-;-;0
28.07.2020;14:00;15:00;-;-;0
28.07.2020;15:00;16:00;-;-;0
28.07.2020;16:00;17:00;-;-;0
28.07.2020;17:00;18:00;-;-;0
28.07.2020;18:00;19:00;-;-;0
28.07.2020;19:00;20:00;-;-;0
28.07.2020;20:00;21:00;-;-;0
28.07.2020;21:00;22:00;-;-;0
28.07.2020;22:00;23:00;-;-;0
28.07.2020;23:00;00:00;-;-;0
29.07.2020;00:00;01:00;-;-;0
29.07.2020;01:00;02:00;-;-;0
29.07.2020;02:00;03:00;-;-;0
29.07.2020;03:00;04:00;-;-;0
29.07.2020;04:00;05:00;-;-;0
29.07.2020;05:00;06:00;-;-;0
29.07.2020;06:00;07:00;-;-;0
29.07.2020;07:00;08:00;-;-;0
29.07.2020;08:00;09:00;-;-;0
29.07.2020;09:00;10:00;-;-;120
29.07.2020;10:00;11:00;-;-;278
29.07.2020;11:00;12:00;-;-;315
29.07.2020;12:00;13:00;-;-;349
29.07.2020;13:00;14:00;-;-;349
29.07.2020;14:00;15:00;-;-;352
29.07.2020;15:00;16:00;-;-;343
29.07.2020;16:00;17:00;-;-;273
29.07.2020;17:00;18:00;-;-;272
29.07.2020;18:00;19:00;-;-;272
29.07.2020;19:00;20:00;-;-;358
29.07.2020;20:00;21:00;-;-;112
29.07.2020;21:00;22:00;-;-;0
29.07.2020;22:00;23:00;-;-;0
29.07.2020;23:00;00:00;-;-;0
30.07.2020;00:00;01:00;-;-;0
30.07.2020;01:00;02:00;-;-;0
30.07.2020;02:00;03:00;-;-;0
30.07.2020;03:00;04:00;-;-;0
30.07.2020;04:00;05:00;-;-;0
30.07.2020;05:00;06:00;-;-;0
30.07.2020;06:00;07:00;-;-;0
30.07.2020;07:00;08:00;-;-;0
30.07.2020;08:00;09:00;-;-;0
30.07.2020;09:00;10:00;-;-;0
30.07.2020;10:00;11:00;-;-;0
30.07.2020;11:00;12:00;-;-;0
30.07.2020;12:00;13:00;-;-;0
30.07.2020;13:00;14:00;-;-;0
30.07.2020;14:00;15:00;-;-;0
30.07.2020;15:00;16:00;-;-;0
30.07.2020;16:00;17:00;-;-;0
30.07.2020;17:00;18:00;-;-;0
30.07.2020;18:00;19:00;-;-;0
30.07.2020;19:00;20:00;-;-;0
30.07.2020;20:00;21:00;-;-;0
30.07.2020;21:00;22:00;-;-;0
30.07.2020;22:00;23:00;-;-;0
30.07.2020;23:00;00:00;-;-;0
31.07.2020;00:00;01:00;-;-;0
31.07.2020;01:00;02:00;-;-;0
31.07.2020;02:00;03:00;-;-;0
31.07.2020;03:00;04:00;-;-;0
31.07.2020;04:00;05:00;-;-;0
31.07.2020;05:00;06:00;-;-;0
31.07.2020;06:00;07:00;-;-;0
31.07.2020;07:00;08:00;-;-;0
31.07.2020;08:00;09:00;-;-;0
31.07.2020;09:00;10:00;-;-;0
31.07.2020;10:00;11:00;-;-;0
31.07.2020;11:00;12:00;-;-;0
31.07.2020;12:00;13:00;-;-;0
31.07.2020;13:00;14:00;-;-;0
31.07.2020;14:00;15:00;-;-;0
31.07.2020;15:00;16:00;-;-;0
31.07.2020;16:00;17:00;-;-;0
31.07.2020;17:00;18:00;-;-;0
31.07.2020;18:00;19:00;-;-;0
31.07.2020;19:00;20:00;-;-;0
31.07.2020;20:00;21:00;-;-;0
31.07.2020;21:00;22:00;-;-;0
31.07.2020;22:00;23:00;-;-;0
31.07.2020;23:00;00:00;-;-;0
01.08.2020;00:00;01:00;-;-;0
01.08.2020;01:00;02:00;-;-;0
01.08.2020;02:00;03:00;-;-;0
01.08.2020;03:00;04:00;-;-;0
01.08.2020;04:00;05:00;-;-;0
01.08.2020;05:00;06:00;-;-;0
01.08.2020;06:00;07:00;-;-;0
01.08.2020;07:00;08:00;-;-;0
01.08.2020;08:00;09:00;-;-;0
01.08.2020;09:00;10:00;-;-;0
01.08.2020;10:00;11:00;-;-;0
01.08.2020;11:00;12:00;-;-;0
01.08.2020;12:00;13:00;-;-;0
01.08.2020;13:00;14:00;-;-;0
01.08.2020;14:00;15:00;-;-;0
01.08.2020;15:00;16:00;-;-;0
01.08.2020;16:00;17:00;-;-;0
01.08.2020;17:00;18:00;-;-;0
01.08.2020;18:00;19:00;-;-;0
01.08.2020;19:00;20:00;-;-;0
01.08.2020;20:00;21:00;-;-;0
01.08.2020;21:00;22:00;-;-;0
01.08.2020;22:00;23:00;-;-;0
01.08.2020;23:00;00:00;-;-;0
02.08.2020;00:00;01:00;-;-;0
02.08.2020;01:00;02:00;-;-;0
02.08.2020;02:00;03:00;-;-;0
02.08.2020;03:00;04:00;-;-;0
02.08.2020;04:00;05:00;-;-;0
02.08.2020;05:00;06:00;-;-;0
02.08.2020;06:00;07:00;-;-;0
02.08.2020;07:00;08:00;-;-;0
02.08.2020;08:00;09:00;-;-;0
02.08.2020;09:00;10:00;-;-;0
02.08.2020;10:00;11:00;-;-;0
02.08.2020;11:00;12:00;-;-;0
02.08.2020;12:00;13:00;-;-;0
02.08.2020;13:00;14:00;-;-;0
02.08.2020;14:00;15:00;-;-;0
02.08.2020;15:00;16:00;-;-;0
02.08.2020;16:00;17:00;-;-;0
02.08.2020;17:00;18:00;-;-;0
02.08.2020;18:00;19:00;-;-;0
02.08.2020;19:00;20:00;-;-;0
02.08.2020;20:00;21:00;-;-;0
02.08.2020;21:00;22:00;-;-;0
02.08.2020;22:00;23:00;-;-;0
02.08.2020;23:00;00:00;-;-;0
03.08.2020;00:00;01:00;-;-;0
03.08.2020;01:00;02:00;-;-;0
03.08.2020;02:00;03:00;-;-;0
03.08.2020;03:00;04:00;-;-;0
03.08.2020;04:00;05:00;-;-;0
03.08.2020;05:00;06:00;-;-;0
03.08.2020;06:00;07:00;-;-;0
03.08.2020;07:00;08:00;-;-;0
03.08.2020;08:00;09:00;-;-;0
03.08.2020;09:00;10:00;-;-;0
03.08.2020;10:00;11:00;-;-;0
03.08.2020;11:00;12:00;-;-;0
03.08.2020;12:00;13:00;-;-;0
03.08.2020;13:00;14:00;-;-;0
03.08.2020;14:00;15:00;-;-;0
03.08.2020;15:00;16:00;-;-;0
03.08.2020;16:00;17:00;-;-;0
03.08.2020;17:00;18:00;-;-;0
03.08.2020;18:00;19:00;-;-;0
03.08.2020;19:00;20:00;-;-;0
03.08.2020;20:00;21:00;-;-;0
03.08.2020;21:00;22:00;-;-;0
03.08.2020;22:00;23:00;-;-;0
03.08.2020;23:00;00:00;-;-;0
04.08.2020;00:00;01:00;-;-;0
04.08.2020;01:00;02:00;-;-;0
04.08.2020;02:00;03:00;-;-;0
04.08.2020;03:00;04:00;-;-;0
04.08.2020;04:00;05:00;-;-;0
04.08.2020;05:00;06:00;-;-;0
04.08.2020;06:00;07:00;-;-;0
04.08.2020;07:00;08:00;-;-;0
04.08.2020;08:00;09:00;-;-;0
04.08.2020;09:00;10:00;-;-;0
04.08.2020;10:00;11:00;-;-;0
04.08.2020;11:00;12:00;-;-;0
04.08.2020;12:00;13:00;-;-;0
04.08.2020;13:00;14:00;-;-;0
04.08.2020;14:00;15:00;-;-;0
04.08.2020;15:00;16:00;-;-;0
04.08.2020;16:00;17:00;-;-;0
04.08.2020;17:00;18:00;-;-;0
04.08.2020;18:00;19:00;-;-;0
04.08.2020;19:00;20:00;-;-;0
04.08.2020;20:00;21:00;-;-;0
04.08.2020;21:00;22:00;-;-;0
04.08.2020;22:00;23:00;-;-;0
04.08.2020;23:00;00:00;-;-;0
05.08.2020;00:00;01:00;-;-;0
05.08.2020;01:00;02:00;-;-;0
05.08.2020;02:00;03:00;-;-;0
05.08.2020;03:00;04:00;-;-;0
05.08.2020;04:00;05:00;-;-;0
05.08.2020;05:00;06:00;-;-;0
05.08.2020;06:00;07:00;-;-;0
05.08.2020;07:00;08:00;-;-;0
05.08.2020;08:00;09:00;-;-;0
05.08.2020;09:00;10:00;-;-;0
05.08.2020;10:00;11:00;-;-;0
05.08.2020;11:00;12:00;-;-;0
05.08.2020;12:00;13:00;-;-;0
05.08.2020;13:00;14:00;-;-;0
05.08.2020;14:00;15:00;-;-;0
05.08.2020;15:00;16:00;-;-;0
05.08.2020;16:00;17:00;-;-;0
05.08.2020;17:00;18:00;-;-;0
05.08.2020;18:00;19:00;-;-;0
05.08.2020;19:00;20:00;-;-;0
05.08.2020;20:00;21:00;-;-;0
05.08.2020;21:00;22:00;-;-;0
05.08.2020;22:00;23:00;-;-;0
05.08.2020;23:00;00:00;-;-;0
06.08.2020;00:00;01:00;-;-;0
06.08.2020;01:00;02:00;-;-;0
06.08.2020;02:00;03:00;-;-;0
06.08.2020;03:00;04:00;-;-;0
06.08.2020;04:00;05:00;-;-;0
06.08.2020;05:00;06:00;-;-;0
06.08.2020;06:00;07:00;-;-;0
06.08.2020;07:00;08:00;-;-;0
06.08.2020;08:00;09:00;-;-;0
06.08.2020;09:00;10:00;-;-;0
06.08.2020;10:00;11:00;-;-;0
06.08.2020;11:00;12:00;-;-;0
06.08.2020;12:00;13:00;-;-;0
06.08.2020;13:00;14:00;-;-;0
06.08.2020;14:00;15:00;-;-;0
06.08.2020;15:00;16:00;-;-;0
06.08.2020;16:00;17:00;-;-;0
06.08.2020;17:00;18:00;-;-;0
06.08.2020;18:00;19:00;-;-;0
06.08.2020;19:00;20:00;-;-;0
06.08.2020;20:00;21:00;-;-;0
06.08.2020;21:00;22:00;-;-;0
06.08.2020;22:00;23:00;-;-;0
06.08.2020;23:00;00:00;-;-;0
07.08.2020;00:00;01:00;-;-;0
07.08.2020;01:00;02:00;-;-;0
07.08.2020;02:00;03:00;-;-;0
07.08.2020;03:00;04:00;-;-;0
07.08.2020;04:00;05:00;-;-;0
07.08.2020;05:00;06:00;-;-;0
07.08.2020;06:00;07:00;-;-;0
07.08.2020;07:00;08:00;-;-;0
07.08.2020;08:00;09:00;-;-;0
07.08.2020;09:00;10:00;-;-;0
07.08.2020;10:00;11:00;-;-;0
07.08.2020;11:00;12:00;-;-;0
07.08.2020;12:00;13:00;-;-;0
07.08.2020;13:00;14:00;-;-;0
07.08.2020;14:00;15:00;-;-;0
07.08.2020;15:00;16:00;-;-;0
07.08.2020;16:00;17:00;-;-;0
07.08.2020;17:00;18:00;-;-;0
07.08.2020;18:00;19:00;-;-;0
07.08.2020;19:00;20:00;-;-;0
07.08.2020;20:00;21:00;-;-;0
07.08.2020;21:00;22:00;-;-;0
07.08.2020;22:00;23:00;-;-;0
07.08.2020;23:00;00:00;-;-;0
08.08.2020;00:00;01:00;-;-;0
08.08.2020;01:00;02:00;-;-;0
08.08.2020;02:00;03:00;-;-;0
08.08.2020;03:00;04:00;-;-;0
08.08.2020;04:00;05:00;-;-;0
08.08.2020;05:00;06:00;-;-;0
08.08.2020;06:00;07:00;-;-;0
08.08.2020;07:00;08:00;-;-;0
08.08.2020;08:00;09:00;-;-;0
08.08.2020;09:00;10:00;-;-;0
08.08.2020;10:00;11:00;-;-;0
08.08.2020;11:00;12:00;-;-;0
08.08.2020;12:00;13:00;-;-;0
08.08.2020;13:00;14:00;-;-;0
08.08.2020;14:00;15:00;-;-;0
08.08.2020;15:00;16:00;-;-;0
08.08.2020;16:00;17:00;-;-;0
08.08.2020;17:00;18:00;-;-;0
08.08.2020;18:00;19:00;-;-;0
08.08.2020;19:00;20:00;-;-;0
08.08.2020;20:00;21:00;-;-;0
08.08.2020;21:00;22:00;-;-;0
08.08.2020;22:00;23:00;-;-;0
08.08.2020;23:00;00:00;-;-;0
09.08.2020;00:00;01:00;-;-;0
09.08.2020;01:00;02:00;-;-;0
09.08.2020;02:00;03:00;-;-;0
09.08.2020;03:00;04:00;-;-;0
09.08.2020;04:00;05:00;-;-;0
09.08.2020;05:00;06:00;-;-;0
09.08.2020;06:00;07:00;-;-;0
09.08.2020;07:00;08:00;-;-;0
09.08.2020;08:00;09:00;-;-;0
09.08.2020;09:00;10:00;-;-;0
09.08.2020;10:00;11:00;-;-;0
09.08.2020;11:00;12:00;-;-;0
09.08.2020;12:00;13:00;-;-;0
09.08.2020;13:00;14:00;-;-;0
09.08.2020;14:00;15:00;-;-;0
09.08.2020;15:00;16:00;-;-;0
09.08.2020;16:00;17:00;-;-;0
09.08.2020;17:00;18:00;-;-;0
09.08.2020;18:00;19:00;-;-;0
09.08.2020;19:00;20:00;-;-;0
09.08.2020;20:00;21:00;-;-;0
09.08.2020;21:00;22:00;-;-;0
09.08.2020;22:00;23:00;-;-;0
09.08.2020;23:00;00:00;-;-;0
10.08.2020;00:00;01:00;-;-;0
10.08.2020;01:00;02:00;-;-;0
10.08.2020;02:00;03:00;-;-;0
10.08.2020;03:00;04:00;-;-;0
10.08.2020;04:00;05:00;-;-;0
10.08.2020;05:00;06:00;-;-;0
10.08.2020;06:00;07:00;-;-;0
10.08.2020;07:00;08:00;-;-;0
10.08.2020;08:00;09:00;-;-;0
10.08.2020;09:00;10:00;-;-;0
10.08.2020;10:00;11:00;-;-;0
10.08.2020;11:00;12:00;-;-;0
10.08.2020;12:00;13:00;-;-;0
10.08.2020;13:00;14:00;-;-;0
10.08.2020;14:00;15:00;-;-;0
10.08.2020;15:00;16:00;-;-;0
10.08.2020;16:00;17:00;-;-;0
10.08.2020;17:00;18:00;-;-;0
10.08.2020;18:00;19:00;-;-;0
10.08.2020;19:00;20:00;-;-;0
10.08.2020;20:00;21:00;-;-;0
10.08.2020;21:00;22:00;-;-;0
10.08.2020;22:00;23:00;-;-;0
10.08.2020;23:00;00:00;-;-;0
11.08.2020;00:00;01:00;-;-;0
11.08.2020;01:00;02:00;-;-;0
11.08.2020;02:00;03:00;-;-;0
11.08.2020;03:00;04:00;-;-;0
11.08.2020;04:00;05:00;-;-;0
11.08.2020;05:00;06:00;-;-;0
11.08.2020;06:00;07:00;-;-;0
11.08.2020;07:00;08:00;-;-;0
11.08.2020;08:00;09:00;-;-;0
11.08.2020;09:00;10:00;-;-;0
11.08.2020;10:00;11:00;-;-;0
11.08.2020;11:00;12:00;-;-;0
11.08.2020;12:00;13:00;-;-;0
11.08.2020;13:00;14:00;-;-;0
11.08.2020;14:00;15:00;-;-;0
11.08.2020;15:00;16:00;-;-;0
11.08.2020;16:00;17:00;-;-;0
11.08.2020;17:00;18:00;-;-;0
11.08.2020;18:00;19:00;-;-;0
11.08.2020;19:00;20:00;-;-;22
11.08.2020;20:00;21:00;-;-;209
11.08.2020;21:00;22:00;-;-;254
11.08.2020;22:00;23:00;-;-;354
11.08.2020;23:00;00:00;-;-;384
12.08.2020;00:00;01:00;-;-;386
12.08.2020;01:00;02:00;-;-;389
12.08.2020;02:00;03:00;-;-;308
12.08.2020;03:00;04:00;-;-;215
12.08.2020;04:00;05:00;-;-;216
12.08.2020;05:00;06:00;-;-;209
12.08.2020;06:00;07:00;-;-;0
12.08.2020;07:00;08:00;-;-;0
12.08.2020;08:00;09:00;-;-;0
12.08.2020;09:00;10:00;-;-;0
12.08.2020;10:00;11:00;-;-;0
12.08.2020;11:00;12:00;-;-;0
12.08.2020;12:00;13:00;-;-;0
12.08.2020;13:00;14:00;-;-;0
12.08.2020;14:00;15:00;-;-;0
12.08.2020;15:00;16:00;-;-;0
12.08.2020;16:00;17:00;-;-;0
12.08.2020;17:00;18:00;-;-;167
12.08.2020;18:00;19:00;-;-;247
12.08.2020;19:00;20:00;-;-;315
12.08.2020;20:00;21:00;-;-;336
12.08.2020;21:00;22:00;-;-;277
12.08.2020;22:00;23:00;-;-;278
12.08.2020;23:00;00:00;-;-;208
13.08.2020;00:00;01:00;-;-;0
13.08.2020;01:00;02:00;-;-;0
13.08.2020;02:00;03:00;-;-;0
13.08.2020;03:00;04:00;-;-;0
13.08.2020;04:00;05:00;-;-;0
13.08.2020;05:00;06:00;-;-;0
13.08.2020;06:00;07:00;-;-;0
13.08.2020;07:00;08:00;-;-;0
13.08.2020;08:00;09:00;-;-;0
13.08.2020;09:00;10:00;-;-;0
13.08.2020;10:00;11:00;-;-;0
13.08.2020;11:00;12:00;-;-;0
13.08.2020;12:00;13:00;-;-;0
13.08.2020;13:00;14:00;-;-;0
13.08.2020;14:00;15:00;-;-;0
13.08.2020;15:00;16:00;-;-;0
13.08.2020;16:00;17:00;-;-;0
13.08.2020;17:00;18:00;-;-;0
13.08.2020;18:00;19:00;-;-;0
13.08.2020;19:00;20:00;-;-;0
13.08.2020;20:00;21:00;-;-;0
13.08.2020;21:00;22:00;-;-;0
13.08.2020;22:00;23:00;-;-;0
13.08.2020;23:00;00:00;-;-;0
14.08.2020;00:00;01:00;-;-;0
14.08.2020;01:00;02:00;-;-;0
14.08.2020;02:00;03:00;-;-;0
14.08.2020;03:00;04:00;-;-;0
14.08.2020;04:00;05:00;-;-;0
14.08.2020;05:00;06:00;-;-;0
14.08.2020;06:00;07:00;-;-;0
14.08.2020;07:00;08:00;-;-;0
14.08.2020;08:00;09:00;-;-;0
14.08.2020;09:00;10:00;-;-;0
14.08.2020;10:00;11:00;-;-;0
14.08.2020;11:00;12:00;-;-;0
14.08.2020;12:00;13:00;-;-;0
14.08.2020;13:00;14:00;-;-;0
14.08.2020;14:00;15:00;-;-;0
14.08.2020;15:00;16:00;-;-;0
14.08.2020;16:00;17:00;-;-;0
14.08.2020;17:00;18:00;-;-;0
14.08.2020;18:00;19:00;-;-;0
14.08.2020;19:00;20:00;-;-;0
14.08.2020;20:00;21:00;-;-;0
14.08.2020;21:00;22:00;-;-;0
14.08.2020;22:00;23:00;-;-;0
14.08.2020;23:00;00:00;-;-;0
15.08.2020;00:00;01:00;-;-;0
15.08.2020;01:00;02:00;-;-;0
15.08.2020;02:00;03:00;-;-;0
15.08.2020;03:00;04:00;-;-;0
15.08.2020;04:00;05:00;-;-;0
15.08.2020;05:00;06:00;-;-;0
15.08.2020;06:00;07:00;-;-;0
15.08.2020;07:00;08:00;-;-;0
15.08.2020;08:00;09:00;-;-;0
15.08.2020;09:00;10:00;-;-;0
15.08.2020;10:00;11:00;-;-;0
15.08.2020;11:00;12:00;-;-;0
15.08.2020;12:00;13:00;-;-;0
15.08.2020;13:00;14:00;-;-;0
15.08.2020;14:00;15:00;-;-;0
15.08.2020;15:00;16:00;-;-;0
15.08.2020;16:00;17:00;-;-;0
15.08.2020;17:00;18:00;-;-;0
15.08.2020;18:00;19:00;-;-;0
15.08.2020;19:00;20:00;-;-;0
15.08.2020;20:00;21:00;-;-;0
15.08.2020;21:00;22:00;-;-;0
15.08.2020;22:00;23:00;-;-;0
15.08.2020;23:00;00:00;-;-;0
16.08.2020;00:00;01:00;-;-;0
16.08.2020;01:00;02:00;-;-;0
16.08.2020;02:00;03:00;-;-;0
16.08.2020;03:00;04:00;-;-;0
16.08.2020;04:00;05:00;-;-;0
16.08.2020;05:00;06:00;-;-;0
16.08.2020;06:00;07:00;-;-;0
16.08.2020;07:00;08:00;-;-;0
16.08.2020;08:00;09:00;-;-;0
16.08.2020;09:00;10:00;-;-;0
16.08.2020;10:00;11:00;-;-;0
16.08.2020;11:00;12:00;-;-;0
16.08.2020;12:00;13:00;-;-;0
16.08.2020;13:00;14:00;-;-;0
16.08.2020;14:00;15:00;-;-;0
16.08.2020;15:00;16:00;-;-;0
16.08.2020;16:00;17:00;-;-;0
16.08.2020;17:00;18:00;-;-;0
16.08.2020;18:00;19:00;-;-;0
16.08.2020;19:00;20:00;-;-;0
16.08.2020;20:00;21:00;-;-;0
16.08.2020;21:00;22:00;-;-;0
16.08.2020;22:00;23:00;-;-;0
16.08.2020;23:00;00:00;-;-;0
17.08.2020;00:00;01:00;-;-;0
17.08.2020;01:00;02:00;-;-;0
17.08.2020;02:00;03:00;-;-;0
17.08.2020;03:00;04:00;-;-;0
17.08.2020;04:00;05:00;-;-;0
17.08.2020;05:00;06:00;-;-;0
17.08.2020;06:00;07:00;-;-;0
17.08.2020;07:00;08:00;-;-;0
17.08.2020;08:00;09:00;-;-;0
17.08.2020;09:00;10:00;-;-;0
17.08.2020;10:00;11:00;-;-;0
17.08.2020;11:00;12:00;-;-;0
17.08.2020;12:00;13:00;-;-;0
17.08.2020;13:00;14:00;-;-;0
17.08.2020;14:00;15:00;-;-;0
17.08.2020;15:00;16:00;-;-;0
17.08.2020;16:00;17:00;-;-;0
17.08.2020;17:00;18:00;-;-;0
17.08.2020;18:00;19:00;-;-;0
17.08.2020;19:00;20:00;-;-;0
17.08.2020;20:00;21:00;-;-;0
17.08.2020;21:00;22:00;-;-;0
17.08.2020;22:00;23:00;-;-;0
17.08.2020;23:00;00:00;-;-;0
18.08.2020;00:00;01:00;-;-;0
18.08.2020;01:00;02:00;-;-;0
18.08.2020;02:00;03:00;-;-;0
18.08.2020;03:00;04:00;-;-;0
18.08.2020;04:00;05:00;-;-;0
18.08.2020;05:00;06:00;-;-;0
18.08.2020;06:00;07:00;-;-;0
18.08.2020;07:00;08:00;-;-;0
18.08.2020;08:00;09:00;-;-;0
18.08.2020;09:00;10:00;-;-;0
18.08.2020;10:00;11:00;-;-;0
18.08.2020;11:00;12:00;-;-;0
18.08.2020;12:00;13:00;-;-;0
18.08.2020;13:00;14:00;-;-;0
18.08.2020;14:00;15:00;-;-;0
18.08.2020;15:00;16:00;-;-;0
18.08.2020;16:00;17:00;-;-;0
18.08.2020;17:00;18:00;-;-;0
18.08.2020;18:00;19:00;-;-;0
18.08.2020;19:00;20:00;-;-;0
18.08.2020;20:00;21:00;-;-;0
18.08.2020;21:00;22:00;-;-;0
18.08.2020;22:00;23:00;-;-;0
18.08.2020;23:00;00:00;-;-;0
19.08.2020;00:00;01:00;-;-;0
19.08.2020;01:00;02:00;-;-;0
19.08.2020;02:00;03:00;-;-;0
19.08.2020;03:00;04:00;-;-;0
19.08.2020;04:00;05:00;-;-;0
19.08.2020;05:00;06:00;-;-;0
19.08.2020;06:00;07:00;-;-;0
19.08.2020;07:00;08:00;-;-;0
19.08.2020;08:00;09:00;-;-;0
19.08.2020;09:00;10:00;-;-;0
19.08.2020;10:00;11:00;-;-;0
19.08.2020;11:00;12:00;-;-;0
19.08.2020;12:00;13:00;-;-;0
19.08.2020;13:00;14:00;-;-;0
19.08.2020;14:00;15:00;-;-;0
19.08.2020;15:00;16:00;-;-;0
19.08.2020;16:00;17:00;-;-;0
19.08.2020;17:00;18:00;-;-;0
19.08.2020;18:00;19:00;-;-;0
19.08.2020;19:00;20:00;-;-;0
19.08.2020;20:00;21:00;-;-;0
19.08.2020;21:00;22:00;-;-;0
19.08.2020;22:00;23:00;-;-;0
19.08.2020;23:00;00:00;-;-;0
20.08.2020;00:00;01:00;-;-;0
20.08.2020;01:00;02:00;-;-;0
20.08.2020;02:00;03:00;-;-;0
20.08.2020;03:00;04:00;-;-;0
20.08.2020;04:00;05:00;-;-;0
20.08.2020;05:00;06:00;-;-;0
20.08.2020;06:00;07:00;-;-;0
20.08.2020;07:00;08:00;-;-;0
20.08.2020;08:00;09:00;-;-;0
20.08.2020;09:00;10:00;-;-;0
20.08.2020;10:00;11:00;-;-;0
20.08.2020;11:00;12:00;-;-;0
20.08.2020;12:00;13:00;-;-;0
20.08.2020;13:00;14:00;-;-;0
20.08.2020;14:00;15:00;-;-;0
20.08.2020;15:00;16:00;-;-;0
20.08.2020;16:00;17:00;-;-;0
20.08.2020;17:00;18:00;-;-;0
20.08.2020;18:00;19:00;-;-;0
20.08.2020;19:00;20:00;-;-;0
20.08.2020;20:00;21:00;-;-;0
20.08.2020;21:00;22:00;-;-;0
20.08.2020;22:00;23:00;-;-;0
20.08.2020;23:00;00:00;-;-;0
21.08.2020;00:00;01:00;-;-;0
21.08.2020;01:00;02:00;-;-;0
21.08.2020;02:00;03:00;-;-;0
21.08.2020;03:00;04:00;-;-;0
21.08.2020;04:00;05:00;-;-;0
21.08.2020;05:00;06:00;-;-;0
21.08.2020;06:00;07:00;-;-;0
21.08.2020;07:00;08:00;-;-;0
21.08.2020;08:00;09:00;-;-;0
21.08.2020;09:00;10:00;-;-;0
21.08.2020;10:00;11:00;-;-;0
21.08.2020;11:00;12:00;-;-;0
21.08.2020;12:00;13:00;-;-;0
21.08.2020;13:00;14:00;-;-;0
21.08.2020;14:00;15:00;-;-;0
21.08.2020;15:00;16:00;-;-;0
21.08.2020;16:00;17:00;-;-;0
21.08.2020;17:00;18:00;-;-;0
21.08.2020;18:00;19:00;-;-;0
21.08.2020;19:00;20:00;-;-;0
21.08.2020;20:00;21:00;-;-;0
21.08.2020;21:00;22:00;-;-;0
21.08.2020;22:00;23:00;-;-;0
21.08.2020;23:00;00:00;-;-;0
22.08.2020;00:00;01:00;-;-;0
22.08.2020;01:00;02:00;-;-;0
22.08.2020;02:00;03:00;-;-;0
22.08.2020;03:00;04:00;-;-;0
22.08.2020;04:00;05:00;-;-;0
22.08.2020;05:00;06:00;-;-;0
22.08.2020;06:00;07:00;-;-;0
22.08.2020;07:00;08:00;-;-;0
22.08.2020;08:00;09:00;-;-;0
22.08.2020;09:00;10:00;-;-;0
22.08.2020;10:00;11:00;-;-;0
22.08.2020;11:00;12:00;-;-;0
22.08.2020;12:00;13:00;-;-;0
22.08.2020;13:00;14:00;-;-;0
22.08.2020;14:00;15:00;-;-;0
22.08.2020;15:00;16:00;-;-;0
22.08.2020;16:00;17:00;-;-;0
22.08.2020;17:00;18:00;-;-;0
22.08.2020;18:00;19:00;-;-;0
22.08.2020;19:00;20:00;-;-;0
22.08.2020;20:00;21:00;-;-;0
22.08.2020;21:00;22:00;-;-;0
22.08.2020;22:00;23:00;-;-;0
22.08.2020;23:00;00:00;-;-;0
23.08.2020;00:00;01:00;-;-;0
23.08.2020;01:00;02:00;-;-;0
23.08.2020;02:00;03:00;-;-;0
23.08.2020;03:00;04:00;-;-;0
23.08.2020;04:00;05:00;-;-;0
23.08.2020;05:00;06:00;-;-;0
23.08.2020;06:00;07:00;-;-;0
23.08.2020;07:00;08:00;-;-;0
23.08.2020;08:00;09:00;-;-;0
23.08.2020;09:00;10:00;-;-;0
23.08.2020;10:00;11:00;-;-;0
23.08.2020;11:00;12:00;-;-;0
23.08.2020;12:00;13:00;-;-;0
23.08.2020;13:00;14:00;-;-;0
23.08.2020;14:00;15:00;-;-;0
23.08.2020;15:00;16:00;-;-;0
23.08.2020;16:00;17:00;-;-;0
23.08.2020;17:00;18:00;-;-;0
23.08.2020;18:00;19:00;-;-;0
23.08.2020;19:00;20:00;-;-;0
23.08.2020;20:00;21:00;-;-;0
23.08.2020;21:00;22:00;-;-;0
23.08.2020;22:00;23:00;-;-;0
23.08.2020;23:00;00:00;-;-;0
24.08.2020;00:00;01:00;-;-;0
24.08.2020;01:00;02:00;-;-;0
24.08.2020;02:00;03:00;-;-;0
24.08.2020;03:00;04:00;-;-;0
24.08.2020;04:00;05:00;-;-;0
24.08.2020;05:00;06:00;-;-;0
24.08.2020;06:00;07:00;-;-;0
24.08.2020;07:00;08:00;-;-;0
24.08.2020;08:00;09:00;-;-;0
24.08.2020;09:00;10:00;-;-;0
24.08.2020;10:00;11:00;-;-;0
24.08.2020;11:00;12:00;-;-;0
24.08.2020;12:00;13:00;-;-;0
24.08.2020;13:00;14:00;-;-;0
24.08.2020;14:00;15:00;-;-;0
24.08.2020;15:00;16:00;-;-;0
24.08.2020;16:00;17:00;-;-;0
24.08.2020;17:00;18:00;-;-;0
24.08.2020;18:00;19:00;-;-;0
24.08.2020;19:00;20:00;-;-;0
24.08.2020;20:00;21:00;-;-;0
24.08.2020;21:00;22:00;-;-;0
24.08.2020;22:00;23:00;-;-;0
24.08.2020;23:00;00:00;-;-;0
25.08.2020;00:00;01:00;-;-;0
25.08.2020;01:00;02:00;-;-;0
25.08.2020;02:00;03:00;-;-;0
25.08.2020;03:00;04:00;-;-;0
25.08.2020;04:00;05:00;-;-;0
25.08.2020;05:00;06:00;-;-;0
25.08.2020;06:00;07:00;-;-;0
25.08.2020;07:00;08:00;-;-;0
25.08.2020;08:00;09:00;-;-;0
25.08.2020;09:00;10:00;-;-;0
25.08.2020;10:00;11:00;-;-;0
25.08.2020;11:00;12:00;-;-;0
25.08.2020;12:00;13:00;-;-;0
25.08.2020;13:00;14:00;-;-;0
25.08.2020;14:00;15:00;-;-;0
25.08.2020;15:00;16:00;-;-;0
25.08.2020;16:00;17:00;-;-;0
25.08.2020;17:00;18:00;-;-;0
25.08.2020;18:00;19:00;-;-;0
25.08.2020;19:00;20:00;-;-;0
25.08.2020;20:00;21:00;-;-;0
25.08.2020;21:00;22:00;-;-;0
25.08.2020;22:00;23:00;-;-;0
25.08.2020;23:00;00:00;-;-;0
26.08.2020;00:00;01:00;-;-;0
26.08.2020;01:00;02:00;-;-;0
26.08.2020;02:00;03:00;-;-;0
26.08.2020;03:00;04:00;-;-;0
26.08.2020;04:00;05:00;-;-;0
26.08.2020;05:00;06:00;-;-;0
26.08.2020;06:00;07:00;-;-;0
26.08.2020;07:00;08:00;-;-;0
26.08.2020;08:00;09:00;-;-;0
26.08.2020;09:00;10:00;-;-;0
26.08.2020;10:00;11:00;-;-;0
26.08.2020;11:00;12:00;-;-;0
26.08.2020;12:00;13:00;-;-;0
26.08.2020;13:00;14:00;-;-;0
26.08.2020;14:00;15:00;-;-;0
26.08.2020;15:00;16:00;-;-;0
26.08.2020;16:00;17:00;-;-;0
26.08.2020;17:00;18:00;-;-;0
26.08.2020;18:00;19:00;-;-;23
26.08.2020;19:00;20:00;-;-;276
26.08.2020;20:00;21:00;-;-;338
26.08.2020;21:00;22:00;-;-;353
26.08.2020;22:00;23:00;-;-;356
26.08.2020;23:00;00:00;-;-;258
27.08.2020;00:00;01:00;-;-;218
27.08.2020;01:00;02:00;-;-;218
27.08.2020;02:00;03:00;-;-;330
27.08.2020;03:00;04:00;-;-;356
27.08.2020;04:00;05:00;-;-;359
27.08.2020;05:00;06:00;-;-;359
27.08.2020;06:00;07:00;-;-;360
27.08.2020;07:00;08:00;-;-;358
27.08.2020;08:00;09:00;-;-;337
27.08.2020;09:00;10:00;-;-;214
27.08.2020;10:00;11:00;-;-;210
27.08.2020;11:00;12:00;-;-;293
27.08.2020;12:00;13:00;-;-;370
27.08.2020;13:00;14:00;-;-;371
27.08.2020;14:00;15:00;-;-;379
27.08.2020;15:00;16:00;-;-;398
27.08.2020;16:00;17:00;-;-;406
27.08.2020;17:00;18:00;-;-;309
27.08.2020;18:00;19:00;-;-;0
27.08.2020;19:00;20:00;-;-;0
27.08.2020;20:00;21:00;-;-;0
27.08.2020;21:00;22:00;-;-;0
27.08.2020;22:00;23:00;-;-;0
27.08.2020;23:00;00:00;-;-;0
28.08.2020;00:00;01:00;-;-;0
28.08.2020;01:00;02:00;-;-;0
28.08.2020;02:00;03:00;-;-;0
28.08.2020;03:00;04:00;-;-;0
28.08.2020;04:00;05:00;-;-;0
28.08.2020;05:00;06:00;-;-;0
28.08.2020;06:00;07:00;-;-;0
28.08.2020;07:00;08:00;-;-;0
28.08.2020;08:00;09:00;-;-;0
28.08.2020;09:00;10:00;-;-;0
28.08.2020;10:00;11:00;-;-;0
28.08.2020;11:00;12:00;-;-;0
28.08.2020;12:00;13:00;-;-;0
28.08.2020;13:00;14:00;-;-;0
28.08.2020;14:00;15:00;-;-;0
28.08.2020;15:00;16:00;-;-;0
28.08.2020;16:00;17:00;-;-;0
28.08.2020;17:00;18:00;-;-;0
28.08.2020;18:00;19:00;-;-;0
28.08.2020;19:00;20:00;-;-;0
28.08.2020;20:00;21:00;-;-;0
28.08.2020;21:00;22:00;-;-;0
28.08.2020;22:00;23:00;-;-;0
28.08.2020;23:00;00:00;-;-;0
29.08.2020;00:00;01:00;-;-;0
29.08.2020;01:00;02:00;-;-;0
29.08.2020;02:00;03:00;-;-;0
29.08.2020;03:00;04:00;-;-;0
29.08.2020;04:00;05:00;-;-;0
29.08.2020;05:00;06:00;-;-;0
29.08.2020;06:00;07:00;-;-;0
29.08.2020;07:00;08:00;-;-;0
29.08.2020;08:00;09:00;-;-;0
29.08.2020;09:00;10:00;-;-;0
29.08.2020;10:00;11:00;-;-;0
29.08.2020;11:00;12:00;-;-;0
29.08.2020;12:00;13:00;-;-;0
29.08.2020;13:00;14:00;-;-;0
29.08.2020;14:00;15:00;-;-;0
29.08.2020;15:00;16:00;-;-;0
29.08.2020;16:00;17:00;-;-;0
29.08.2020;17:00;18:00;-;-;0
29.08.2020;18:00;19:00;-;-;0
29.08.2020;19:00;20:00;-;-;0
29.08.2020;20:00;21:00;-;-;0
29.08.2020;21:00;22:00;-;-;0
29.08.2020;22:00;23:00;-;-;0
29.08.2020;23:00;00:00;-;-;0
30.08.2020;00:00;01:00;-;-;0
30.08.2020;01:00;02:00;-;-;0
30.08.2020;02:00;03:00;-;-;0
30.08.2020;03:00;04:00;-;-;0
30.08.2020;04:00;05:00;-;-;0
30.08.2020;05:00;06:00;-;-;0
30.08.2020;06:00;07:00;-;-;0
30.08.2020;07:00;08:00;-;-;0
30.08.2020;08:00;09:00;-;-;0
30.08.2020;09:00;10:00;-;-;0
30.08.2020;10:00;11:00;-;-;0
30.08.2020;11:00;12:00;-;-;0
30.08.2020;12:00;13:00;-;-;0
30.08.2020;13:00;14:00;-;-;0
30.08.2020;14:00;15:00;-;-;0
30.08.2020;15:00;16:00;-;-;0
30.08.2020;16:00;17:00;-;-;0
30.08.2020;17:00;18:00;-;-;0
30.08.2020;18:00;19:00;-;-;0
30.08.2020;19:00;20:00;-;-;0
30.08.2020;20:00;21:00;-;-;0
30.08.2020;21:00;22:00;-;-;0
30.08.2020;22:00;23:00;-;-;0
30.08.2020;23:00;00:00;-;-;0
31.08.2020;00:00;01:00;-;-;0
31.08.2020;01:00;02:00;-;-;0
31.08.2020;02:00;03:00;-;-;0
31.08.2020;03:00;04:00;-;-;0
31.08.2020;04:00;05:00;-;-;0
31.08.2020;05:00;06:00;-;-;213
31.08.2020;06:00;07:00;-;-;323
31.08.2020;07:00;08:00;-;-;345
31.08.2020;08:00;09:00;-;-;374
31.08.2020;09:00;10:00;-;-;408
31.08.2020;10:00;11:00;-;-;399
31.08.2020;11:00;12:00;-;-;391
31.08.2020;12:00;13:00;-;-;393
31.08.2020;13:00;14:00;-;-;392
31.08.2020;14:00;15:00;-;-;389
31.08.2020;15:00;16:00;-;-;406
31.08.2020;16:00;17:00;-;-;407
31.08.2020;17:00;18:00;-;-;408
31.08.2020;18:00;19:00;-;-;409
31.08.2020;19:00;20:00;-;-;409
31.08.2020;20:00;21:00;-;-;408
31.08.2020;21:00;22:00;-;-;408
31.08.2020;22:00;23:00;-;-;407
31.08.2020;23:00;00:00;-;-;406
01.09.2020;00:00;01:00;-;-;358
01.09.2020;01:00;02:00;-;-;209
01.09.2020;02:00;03:00;-;-;218
01.09.2020;03:00;04:00;-;-;235
01.09.2020;04:00;05:00;-;-;221
01.09.2020;05:00;06:00;-;-;303
01.09.2020;06:00;07:00;-;-;386
01.09.2020;07:00;08:00;-;-;407
01.09.2020;08:00;09:00;-;-;394
01.09.2020;09:00;10:00;-;-;368
01.09.2020;10:00;11:00;-;-;339
01.09.2020;11:00;12:00;-;-;296
01.09.2020;12:00;13:00;-;-;379
01.09.2020;13:00;14:00;-;-;407
01.09.2020;14:00;15:00;-;-;408
01.09.2020;15:00;16:00;-;-;409
01.09.2020;16:00;17:00;-;-;305
01.09.2020;17:00;18:00;-;-;263
01.09.2020;18:00;19:00;-;-;390
01.09.2020;19:00;20:00;-;-;406
01.09.2020;20:00;21:00;-;-;373
01.09.2020;21:00;22:00;-;-;408
01.09.2020;22:00;23:00;-;-;406
01.09.2020;23:00;00:00;-;-;291
02.09.2020;00:00;01:00;-;-;244
02.09.2020;01:00;02:00;-;-;223
02.09.2020;02:00;03:00;-;-;203
02.09.2020;03:00;04:00;-;-;216
02.09.2020;04:00;05:00;-;-;229
02.09.2020;05:00;06:00;-;-;226
02.09.2020;06:00;07:00;-;-;262
02.09.2020;07:00;08:00;-;-;285
02.09.2020;08:00;09:00;-;-;325
02.09.2020;09:00;10:00;-;-;388
02.09.2020;10:00;11:00;-;-;383
02.09.2020;11:00;12:00;-;-;381
02.09.2020;12:00;13:00;-;-;380
02.09.2020;13:00;14:00;-;-;245
02.09.2020;14:00;15:00;-;-;210
02.09.2020;15:00;16:00;-;-;363
02.09.2020;16:00;17:00;-;-;372
02.09.2020;17:00;18:00;-;-;369
02.09.2020;18:00;19:00;-;-;369
02.09.2020;19:00;20:00;-;-;385
02.09.2020;20:00;21:00;-;-;406
02.09.2020;21:00;22:00;-;-;406
02.09.2020;22:00;23:00;-;-;309
02.09.2020;23:00;00:00;-;-;53
03.09.2020;00:00;01:00;-;-;0
03.09.2020;01:00;02:00;-;-;0
03.09.2020;02:00;03:00;-;-;0
03.09.2020;03:00;04:00;-;-;0
03.09.2020;04:00;05:00;-;-;0
03.09.2020;05:00;06:00;-;-;0
03.09.2020;06:00;07:00;-;-;0
03.09.2020;07:00;08:00;-;-;0
03.09.2020;08:00;09:00;-;-;0
03.09.2020;09:00;10:00;-;-;0
03.09.2020;10:00;11:00;-;-;0
03.09.2020;11:00;12:00;-;-;0
03.09.2020;12:00;13:00;-;-;0
03.09.2020;13:00;14:00;-;-;0
03.09.2020;14:00;15:00;-;-;0
03.09.2020;15:00;16:00;-;-;0
03.09.2020;16:00;17:00;-;-;0
03.09.2020;17:00;18:00;-;-;0
03.09.2020;18:00;19:00;-;-;0
03.09.2020;19:00;20:00;-;-;0
03.09.2020;20:00;21:00;-;-;86
03.09.2020;21:00;22:00;-;-;350
03.09.2020;22:00;23:00;-;-;397
03.09.2020;23:00;00:00;-;-;398
04.09.2020;00:00;01:00;-;-;401
04.09.2020;01:00;02:00;-;-;401
04.09.2020;02:00;03:00;-;-;400
04.09.2020;03:00;04:00;-;-;334
04.09.2020;04:00;05:00;-;-;111
04.09.2020;05:00;06:00;-;-;0
04.09.2020;06:00;07:00;-;-;0
04.09.2020;07:00;08:00;-;-;0
04.09.2020;08:00;09:00;-;-;0
04.09.2020;09:00;10:00;-;-;0
04.09.2020;10:00;11:00;-;-;0
04.09.2020;11:00;12:00;-;-;0
04.09.2020;12:00;13:00;-;-;0
04.09.2020;13:00;14:00;-;-;0
04.09.2020;14:00;15:00;-;-;0
04.09.2020;15:00;16:00;-;-;0
04.09.2020;16:00;17:00;-;-;0
04.09.2020;17:00;18:00;-;-;0
04.09.2020;18:00;19:00;-;-;0
04.09.2020;19:00;20:00;-;-;0
04.09.2020;20:00;21:00;-;-;0
04.09.2020;21:00;22:00;-;-;0
04.09.2020;22:00;23:00;-;-;0
04.09.2020;23:00;00:00;-;-;0
05.09.2020;00:00;01:00;-;-;0
05.09.2020;01:00;02:00;-;-;0
05.09.2020;02:00;03:00;-;-;0
05.09.2020;03:00;04:00;-;-;0
05.09.2020;04:00;05:00;-;-;0
05.09.2020;05:00;06:00;-;-;0
05.09.2020;06:00;07:00;-;-;0
05.09.2020;07:00;08:00;-;-;0
05.09.2020;08:00;09:00;-;-;0
05.09.2020;09:00;10:00;-;-;0
05.09.2020;10:00;11:00;-;-;0
05.09.2020;11:00;12:00;-;-;0
05.09.2020;12:00;13:00;-;-;0
05.09.2020;13:00;14:00;-;-;0
05.09.2020;14:00;15:00;-;-;0
05.09.2020;15:00;16:00;-;-;0
05.09.2020;16:00;17:00;-;-;0
05.09.2020;17:00;18:00;-;-;0
05.09.2020;18:00;19:00;-;-;0
05.09.2020;19:00;20:00;-;-;0
05.09.2020;20:00;21:00;-;-;0
05.09.2020;21:00;22:00;-;-;0
05.09.2020;22:00;23:00;-;-;0
05.09.2020;23:00;00:00;-;-;0
06.09.2020;00:00;01:00;-;-;0
06.09.2020;01:00;02:00;-;-;0
06.09.2020;02:00;03:00;-;-;0
06.09.2020;03:00;04:00;-;-;0
06.09.2020;04:00;05:00;-;-;0
06.09.2020;05:00;06:00;-;-;0
06.09.2020;06:00;07:00;-;-;0
06.09.2020;07:00;08:00;-;-;0
06.09.2020;08:00;09:00;-;-;0
06.09.2020;09:00;10:00;-;-;0
06.09.2020;10:00;11:00;-;-;0
06.09.2020;11:00;12:00;-;-;0
06.09.2020;12:00;13:00;-;-;0
06.09.2020;13:00;14:00;-;-;0
06.09.2020;14:00;15:00;-;-;0
06.09.2020;15:00;16:00;-;-;0
06.09.2020;16:00;17:00;-;-;0
06.09.2020;17:00;18:00;-;-;0
06.09.2020;18:00;19:00;-;-;0
06.09.2020;19:00;20:00;-;-;0
06.09.2020;20:00;21:00;-;-;0
06.09.2020;21:00;22:00;-;-;0
06.09.2020;22:00;23:00;-;-;0
06.09.2020;23:00;00:00;-;-;0
07.09.2020;00:00;01:00;-;-;0
07.09.2020;01:00;02:00;-;-;0
07.09.2020;02:00;03:00;-;-;0
07.09.2020;03:00;04:00;-;-;0
07.09.2020;04:00;05:00;-;-;0
07.09.2020;05:00;06:00;-;-;0
07.09.2020;06:00;07:00;-;-;0
07.09.2020;07:00;08:00;-;-;0
07.09.2020;08:00;09:00;-;-;0
07.09.2020;09:00;10:00;-;-;0
07.09.2020;10:00;11:00;-;-;0
07.09.2020;11:00;12:00;-;-;0
07.09.2020;12:00;13:00;-;-;0
07.09.2020;13:00;14:00;-;-;0
07.09.2020;14:00;15:00;-;-;0
07.09.2020;15:00;16:00;-;-;0
07.09.2020;16:00;17:00;-;-;0
07.09.2020;17:00;18:00;-;-;0
07.09.2020;18:00;19:00;-;-;0
07.09.2020;19:00;20:00;-;-;0
07.09.2020;20:00;21:00;-;-;0
07.09.2020;21:00;22:00;-;-;0
07.09.2020;22:00;23:00;-;-;0
07.09.2020;23:00;00:00;-;-;0
08.09.2020;00:00;01:00;-;-;0
08.09.2020;01:00;02:00;-;-;0
08.09.2020;02:00;03:00;-;-;0
08.09.2020;03:00;04:00;-;-;0
08.09.2020;04:00;05:00;-;-;0
08.09.2020;05:00;06:00;-;-;0
08.09.2020;06:00;07:00;-;-;0
08.09.2020;07:00;08:00;-;-;0
08.09.2020;08:00;09:00;-;-;0
08.09.2020;09:00;10:00;-;-;0
08.09.2020;10:00;11:00;-;-;0
08.09.2020;11:00;12:00;-;-;0
08.09.2020;12:00;13:00;-;-;0
08.09.2020;13:00;14:00;-;-;0
08.09.2020;14:00;15:00;-;-;0
08.09.2020;15:00;16:00;-;-;0
08.09.2020;16:00;17:00;-;-;0
08.09.2020;17:00;18:00;-;-;0
08.09.2020;18:00;19:00;-;-;0
08.09.2020;19:00;20:00;-;-;0
08.09.2020;20:00;21:00;-;-;0
08.09.2020;21:00;22:00;-;-;0
08.09.2020;22:00;23:00;-;-;0
08.09.2020;23:00;00:00;-;-;0
09.09.2020;00:00;01:00;-;-;0
09.09.2020;01:00;02:00;-;-;0
09.09.2020;02:00;03:00;-;-;0
09.09.2020;03:00;04:00;-;-;0
09.09.2020;04:00;05:00;-;-;0
09.09.2020;05:00;06:00;-;-;0
09.09.2020;06:00;07:00;-;-;0
09.09.2020;07:00;08:00;-;-;0
09.09.2020;08:00;09:00;-;-;0
09.09.2020;09:00;10:00;-;-;0
09.09.2020;10:00;11:00;-;-;0
09.09.2020;11:00;12:00;-;-;0
09.09.2020;12:00;13:00;-;-;0
09.09.2020;13:00;14:00;-;-;0
09.09.2020;14:00;15:00;-;-;0
09.09.2020;15:00;16:00;-;-;0
09.09.2020;16:00;17:00;-;-;0
09.09.2020;17:00;18:00;-;-;0
09.09.2020;18:00;19:00;-;-;0
09.09.2020;19:00;20:00;-;-;0
09.09.2020;20:00;21:00;-;-;28
09.09.2020;21:00;22:00;-;-;218
09.09.2020;22:00;23:00;-;-;266
09.09.2020;23:00;00:00;-;-;312
10.09.2020;00:00;01:00;-;-;212
10.09.2020;01:00;02:00;-;-;328
10.09.2020;02:00;03:00;-;-;376
10.09.2020;03:00;04:00;-;-;375
10.09.2020;04:00;05:00;-;-;377
10.09.2020;05:00;06:00;-;-;376
10.09.2020;06:00;07:00;-;-;378
10.09.2020;07:00;08:00;-;-;378
10.09.2020;08:00;09:00;-;-;378
10.09.2020;09:00;10:00;-;-;378
10.09.2020;10:00;11:00;-;-;380
10.09.2020;11:00;12:00;-;-;381
10.09.2020;12:00;13:00;-;-;381
10.09.2020;13:00;14:00;-;-;380
10.09.2020;14:00;15:00;-;-;382
10.09.2020;15:00;16:00;-;-;384
10.09.2020;16:00;17:00;-;-;377
10.09.2020;17:00;18:00;-;-;375
10.09.2020;18:00;19:00;-;-;378
10.09.2020;19:00;20:00;-;-;381
10.09.2020;20:00;21:00;-;-;379
10.09.2020;21:00;22:00;-;-;374
10.09.2020;22:00;23:00;-;-;376
10.09.2020;23:00;00:00;-;-;376
11.09.2020;00:00;01:00;-;-;378
11.09.2020;01:00;02:00;-;-;324
11.09.2020;02:00;03:00;-;-;216
11.09.2020;03:00;04:00;-;-;238
11.09.2020;04:00;05:00;-;-;231
11.09.2020;05:00;06:00;-;-;361
11.09.2020;06:00;07:00;-;-;389
11.09.2020;07:00;08:00;-;-;390
11.09.2020;08:00;09:00;-;-;393
11.09.2020;09:00;10:00;-;-;391
11.09.2020;10:00;11:00;-;-;389
11.09.2020;11:00;12:00;-;-;350
11.09.2020;12:00;13:00;-;-;235
11.09.2020;13:00;14:00;-;-;0
11.09.2020;14:00;15:00;-;-;0
11.09.2020;15:00;16:00;-;-;0
11.09.2020;16:00;17:00;-;-;0
11.09.2020;17:00;18:00;-;-;0
11.09.2020;18:00;19:00;-;-;0
11.09.2020;19:00;20:00;-;-;0
11.09.2020;20:00;21:00;-;-;0
11.09.2020;21:00;22:00;-;-;0
11.09.2020;22:00;23:00;-;-;0
11.09.2020;23:00;00:00;-;-;0
12.09.2020;00:00;01:00;-;-;0
12.09.2020;01:00;02:00;-;-;0
12.09.2020;02:00;03:00;-;-;0
12.09.2020;03:00;04:00;-;-;0
12.09.2020;04:00;05:00;-;-;0
12.09.2020;05:00;06:00;-;-;0
12.09.2020;06:00;07:00;-;-;0
12.09.2020;07:00;08:00;-;-;0
12.09.2020;08:00;09:00;-;-;0
12.09.2020;09:00;10:00;-;-;0
12.09.2020;10:00;11:00;-;-;0
12.09.2020;11:00;12:00;-;-;0
12.09.2020;12:00;13:00;-;-;0
12.09.2020;13:00;14:00;-;-;0
12.09.2020;14:00;15:00;-;-;0
12.09.2020;15:00;16:00;-;-;0
12.09.2020;16:00;17:00;-;-;0
12.09.2020;17:00;18:00;-;-;0
12.09.2020;18:00;19:00;-;-;0
12.09.2020;19:00;20:00;-;-;0
12.09.2020;20:00;21:00;-;-;0
12.09.2020;21:00;22:00;-;-;0
12.09.2020;22:00;23:00;-;-;0
12.09.2020;23:00;00:00;-;-;0
13.09.2020;00:00;01:00;-;-;0
13.09.2020;01:00;02:00;-;-;0
13.09.2020;02:00;03:00;-;-;0
13.09.2020;03:00;04:00;-;-;0
13.09.2020;04:00;05:00;-;-;0
13.09.2020;05:00;06:00;-;-;0
13.09.2020;06:00;07:00;-;-;0
13.09.2020;07:00;08:00;-;-;0
13.09.2020;08:00;09:00;-;-;0
13.09.2020;09:00;10:00;-;-;0
13.09.2020;10:00;11:00;-;-;0
13.09.2020;11:00;12:00;-;-;0
13.09.2020;12:00;13:00;-;-;0
13.09.2020;13:00;14:00;-;-;0
13.09.2020;14:00;15:00;-;-;0
13.09.2020;15:00;16:00;-;-;0
13.09.2020;16:00;17:00;-;-;0
13.09.2020;17:00;18:00;-;-;0
13.09.2020;18:00;19:00;-;-;0
13.09.2020;19:00;20:00;-;-;0
13.09.2020;20:00;21:00;-;-;0
13.09.2020;21:00;22:00;-;-;0
13.09.2020;22:00;23:00;-;-;0
13.09.2020;23:00;00:00;-;-;0
14.09.2020;00:00;01:00;-;-;0
14.09.2020;01:00;02:00;-;-;0
14.09.2020;02:00;03:00;-;-;0
14.09.2020;03:00;04:00;-;-;0
14.09.2020;04:00;05:00;-;-;101
14.09.2020;05:00;06:00;-;-;328
14.09.2020;06:00;07:00;-;-;366
14.09.2020;07:00;08:00;-;-;371
14.09.2020;08:00;09:00;-;-;390
14.09.2020;09:00;10:00;-;-;389
14.09.2020;10:00;11:00;-;-;388
14.09.2020;11:00;12:00;-;-;340
14.09.2020;12:00;13:00;-;-;324
14.09.2020;13:00;14:00;-;-;336
14.09.2020;14:00;15:00;-;-;334
14.09.2020;15:00;16:00;-;-;367
14.09.2020;16:00;17:00;-;-;368
14.09.2020;17:00;18:00;-;-;373
14.09.2020;18:00;19:00;-;-;382
14.09.2020;19:00;20:00;-;-;373
14.09.2020;20:00;21:00;-;-;370
14.09.2020;21:00;22:00;-;-;367
14.09.2020;22:00;23:00;-;-;367
14.09.2020;23:00;00:00;-;-;343
15.09.2020;00:00;01:00;-;-;294
15.09.2020;01:00;02:00;-;-;323
15.09.2020;02:00;03:00;-;-;362
15.09.2020;03:00;04:00;-;-;369
15.09.2020;04:00;05:00;-;-;369
15.09.2020;05:00;06:00;-;-;372
15.09.2020;06:00;07:00;-;-;389
15.09.2020;07:00;08:00;-;-;391
15.09.2020;08:00;09:00;-;-;397
15.09.2020;09:00;10:00;-;-;400
15.09.2020;10:00;11:00;-;-;400
15.09.2020;11:00;12:00;-;-;399
15.09.2020;12:00;13:00;-;-;402
15.09.2020;13:00;14:00;-;-;398
15.09.2020;14:00;15:00;-;-;396
15.09.2020;15:00;16:00;-;-;389
15.09.2020;16:00;17:00;-;-;389
15.09.2020;17:00;18:00;-;-;389
15.09.2020;18:00;19:00;-;-;390
15.09.2020;19:00;20:00;-;-;390
15.09.2020;20:00;21:00;-;-;389
15.09.2020;21:00;22:00;-;-;390
15.09.2020;22:00;23:00;-;-;390
15.09.2020;23:00;00:00;-;-;386
16.09.2020;00:00;01:00;-;-;388
16.09.2020;01:00;02:00;-;-;389
16.09.2020;02:00;03:00;-;-;386
16.09.2020;03:00;04:00;-;-;387
16.09.2020;04:00;05:00;-;-;387
16.09.2020;05:00;06:00;-;-;387
16.09.2020;06:00;07:00;-;-;389
16.09.2020;07:00;08:00;-;-;390
16.09.2020;08:00;09:00;-;-;395
16.09.2020;09:00;10:00;-;-;399
16.09.2020;10:00;11:00;-;-;404
16.09.2020;11:00;12:00;-;-;407
16.09.2020;12:00;13:00;-;-;406
16.09.2020;13:00;14:00;-;-;372
16.09.2020;14:00;15:00;-;-;340
16.09.2020;15:00;16:00;-;-;349
16.09.2020;16:00;17:00;-;-;378
16.09.2020;17:00;18:00;-;-;377
16.09.2020;18:00;19:00;-;-;380
16.09.2020;19:00;20:00;-;-;373
16.09.2020;20:00;21:00;-;-;377
16.09.2020;21:00;22:00;-;-;350
16.09.2020;22:00;23:00;-;-;223
16.09.2020;23:00;00:00;-;-;211
17.09.2020;00:00;01:00;-;-;215
17.09.2020;01:00;02:00;-;-;218
17.09.2020;02:00;03:00;-;-;266
17.09.2020;03:00;04:00;-;-;221
17.09.2020;04:00;05:00;-;-;216
17.09.2020;05:00;06:00;-;-;274
17.09.2020;06:00;07:00;-;-;389
17.09.2020;07:00;08:00;-;-;387
17.09.2020;08:00;09:00;-;-;271
17.09.2020;09:00;10:00;-;-;0
17.09.2020;10:00;11:00;-;-;0
17.09.2020;11:00;12:00;-;-;0
17.09.2020;12:00;13:00;-;-;0
17.09.2020;13:00;14:00;-;-;0
17.09.2020;14:00;15:00;-;-;0
17.09.2020;15:00;16:00;-;-;0
17.09.2020;16:00;17:00;-;-;0
17.09.2020;17:00;18:00;-;-;0
17.09.2020;18:00;19:00;-;-;0
17.09.2020;19:00;20:00;-;-;0
17.09.2020;20:00;21:00;-;-;0
17.09.2020;21:00;22:00;-;-;0
17.09.2020;22:00;23:00;-;-;0
17.09.2020;23:00;00:00;-;-;0
18.09.2020;00:00;01:00;-;-;0
18.09.2020;01:00;02:00;-;-;0
18.09.2020;02:00;03:00;-;-;0
18.09.2020;03:00;04:00;-;-;0
18.09.2020;04:00;05:00;-;-;0
18.09.2020;05:00;06:00;-;-;0
18.09.2020;06:00;07:00;-;-;0
18.09.2020;07:00;08:00;-;-;0
18.09.2020;08:00;09:00;-;-;0
18.09.2020;09:00;10:00;-;-;0
18.09.2020;10:00;11:00;-;-;0
18.09.2020;11:00;12:00;-;-;0
18.09.2020;12:00;13:00;-;-;0
18.09.2020;13:00;14:00;-;-;0
18.09.2020;14:00;15:00;-;-;0
18.09.2020;15:00;16:00;-;-;0
18.09.2020;16:00;17:00;-;-;0
18.09.2020;17:00;18:00;-;-;0
18.09.2020;18:00;19:00;-;-;0
18.09.2020;19:00;20:00;-;-;0
18.09.2020;20:00;21:00;-;-;0
18.09.2020;21:00;22:00;-;-;0
18.09.2020;22:00;23:00;-;-;0
18.09.2020;23:00;00:00;-;-;0
19.09.2020;00:00;01:00;-;-;0
19.09.2020;01:00;02:00;-;-;0
19.09.2020;02:00;03:00;-;-;0
19.09.2020;03:00;04:00;-;-;0
19.09.2020;04:00;05:00;-;-;0
19.09.2020;05:00;06:00;-;-;0
19.09.2020;06:00;07:00;-;-;0
19.09.2020;07:00;08:00;-;-;0
19.09.2020;08:00;09:00;-;-;0
19.09.2020;09:00;10:00;-;-;0
19.09.2020;10:00;11:00;-;-;0
19.09.2020;11:00;12:00;-;-;0
19.09.2020;12:00;13:00;-;-;0
19.09.2020;13:00;14:00;-;-;0
19.09.2020;14:00;15:00;-;-;0
19.09.2020;15:00;16:00;-;-;0
19.09.2020;16:00;17:00;-;-;0
19.09.2020;17:00;18:00;-;-;0
19.09.2020;18:00;19:00;-;-;0
19.09.2020;19:00;20:00;-;-;0
19.09.2020;20:00;21:00;-;-;0
19.09.2020;21:00;22:00;-;-;0
19.09.2020;22:00;23:00;-;-;0
19.09.2020;23:00;00:00;-;-;0
20.09.2020;00:00;01:00;-;-;0
20.09.2020;01:00;02:00;-;-;0
20.09.2020;02:00;03:00;-;-;0
20.09.2020;03:00;04:00;-;-;0
20.09.2020;04:00;05:00;-;-;0
20.09.2020;05:00;06:00;-;-;0
20.09.2020;06:00;07:00;-;-;0
20.09.2020;07:00;08:00;-;-;0
20.09.2020;08:00;09:00;-;-;0
20.09.2020;09:00;10:00;-;-;0
20.09.2020;10:00;11:00;-;-;0
20.09.2020;11:00;12:00;-;-;0
20.09.2020;12:00;13:00;-;-;0
20.09.2020;13:00;14:00;-;-;0
20.09.2020;14:00;15:00;-;-;0
20.09.2020;15:00;16:00;-;-;0
20.09.2020;16:00;17:00;-;-;0
20.09.2020;17:00;18:00;-;-;0
20.09.2020;18:00;19:00;-;-;0
20.09.2020;19:00;20:00;-;-;0
20.09.2020;20:00;21:00;-;-;0
20.09.2020;21:00;22:00;-;-;0
20.09.2020;22:00;23:00;-;-;0
20.09.2020;23:00;00:00;-;-;0
21.09.2020;00:00;01:00;-;-;0
21.09.2020;01:00;02:00;-;-;0
21.09.2020;02:00;03:00;-;-;0
21.09.2020;03:00;04:00;-;-;7
21.09.2020;04:00;05:00;-;-;214
21.09.2020;05:00;06:00;-;-;271
21.09.2020;06:00;07:00;-;-;339
21.09.2020;07:00;08:00;-;-;388
21.09.2020;08:00;09:00;-;-;395
21.09.2020;09:00;10:00;-;-;390
21.09.2020;10:00;11:00;-;-;378
21.09.2020;11:00;12:00;-;-;379
21.09.2020;12:00;13:00;-;-;379
21.09.2020;13:00;14:00;-;-;251
21.09.2020;14:00;15:00;-;-;220
21.09.2020;15:00;16:00;-;-;327
21.09.2020;16:00;17:00;-;-;386
21.09.2020;17:00;18:00;-;-;390
21.09.2020;18:00;19:00;-;-;388
21.09.2020;19:00;20:00;-;-;390
21.09.2020;20:00;21:00;-;-;388
21.09.2020;21:00;22:00;-;-;388
21.09.2020;22:00;23:00;-;-;387
21.09.2020;23:00;00:00;-;-;386
22.09.2020;00:00;01:00;-;-;390
22.09.2020;01:00;02:00;-;-;387
22.09.2020;02:00;03:00;-;-;387
22.09.2020;03:00;04:00;-;-;388
22.09.2020;04:00;05:00;-;-;387
22.09.2020;05:00;06:00;-;-;388
22.09.2020;06:00;07:00;-;-;387
22.09.2020;07:00;08:00;-;-;388
22.09.2020;08:00;09:00;-;-;388
22.09.2020;09:00;10:00;-;-;385
22.09.2020;10:00;11:00;-;-;384
22.09.2020;11:00;12:00;-;-;387
22.09.2020;12:00;13:00;-;-;388
22.09.2020;13:00;14:00;-;-;387
22.09.2020;14:00;15:00;-;-;385
22.09.2020;15:00;16:00;-;-;388
22.09.2020;16:00;17:00;-;-;388
22.09.2020;17:00;18:00;-;-;389
22.09.2020;18:00;19:00;-;-;391
22.09.2020;19:00;20:00;-;-;392
22.09.2020;20:00;21:00;-;-;389
22.09.2020;21:00;22:00;-;-;389
22.09.2020;22:00;23:00;-;-;388
22.09.2020;23:00;00:00;-;-;388
23.09.2020;00:00;01:00;-;-;389
23.09.2020;01:00;02:00;-;-;385
23.09.2020;02:00;03:00;-;-;385
23.09.2020;03:00;04:00;-;-;387
23.09.2020;04:00;05:00;-;-;387
23.09.2020;05:00;06:00;-;-;387
23.09.2020;06:00;07:00;-;-;386
23.09.2020;07:00;08:00;-;-;390
23.09.2020;08:00;09:00;-;-;398
23.09.2020;09:00;10:00;-;-;399
23.09.2020;10:00;11:00;-;-;400
23.09.2020;11:00;12:00;-;-;402
23.09.2020;12:00;13:00;-;-;402
23.09.2020;13:00;14:00;-;-;404
23.09.2020;14:00;15:00;-;-;405
23.09.2020;15:00;16:00;-;-;405
23.09.2020;16:00;17:00;-;-;406
23.09.2020;17:00;18:00;-;-;408
23.09.2020;18:00;19:00;-;-;403
23.09.2020;19:00;20:00;-;-;407
23.09.2020;20:00;21:00;-;-;407
23.09.2020;21:00;22:00;-;-;409
23.09.2020;22:00;23:00;-;-;191
23.09.2020;23:00;00:00;-;-;0
24.09.2020;00:00;01:00;-;-;0
24.09.2020;01:00;02:00;-;-;0
24.09.2020;02:00;03:00;-;-;0
24.09.2020;03:00;04:00;-;-;0
24.09.2020;04:00;05:00;-;-;0
24.09.2020;05:00;06:00;-;-;0
24.09.2020;06:00;07:00;-;-;0
24.09.2020;07:00;08:00;-;-;0
24.09.2020;08:00;09:00;-;-;0
24.09.2020;09:00;10:00;-;-;0
24.09.2020;10:00;11:00;-;-;0
24.09.2020;11:00;12:00;-;-;0
24.09.2020;12:00;13:00;-;-;0
24.09.2020;13:00;14:00;-;-;0
24.09.2020;14:00;15:00;-;-;0
24.09.2020;15:00;16:00;-;-;0
24.09.2020;16:00;17:00;-;-;0
24.09.2020;17:00;18:00;-;-;0
24.09.2020;18:00;19:00;-;-;0
24.09.2020;19:00;20:00;-;-;0
24.09.2020;20:00;21:00;-;-;0
24.09.2020;21:00;22:00;-;-;0
24.09.2020;22:00;23:00;-;-;0
24.09.2020;23:00;00:00;-;-;0
25.09.2020;00:00;01:00;-;-;0
25.09.2020;01:00;02:00;-;-;0
25.09.2020;02:00;03:00;-;-;0
25.09.2020;03:00;04:00;-;-;0
25.09.2020;04:00;05:00;-;-;0
25.09.2020;05:00;06:00;-;-;0
25.09.2020;06:00;07:00;-;-;0
25.09.2020;07:00;08:00;-;-;0
25.09.2020;08:00;09:00;-;-;0
25.09.2020;09:00;10:00;-;-;0
25.09.2020;10:00;11:00;-;-;0
25.09.2020;11:00;12:00;-;-;0
25.09.2020;12:00;13:00;-;-;0
25.09.2020;13:00;14:00;-;-;0
25.09.2020;14:00;15:00;-;-;0
25.09.2020;15:00;16:00;-;-;0
25.09.2020;16:00;17:00;-;-;0
25.09.2020;17:00;18:00;-;-;0
25.09.2020;18:00;19:00;-;-;0
25.09.2020;19:00;20:00;-;-;0
25.09.2020;20:00;21:00;-;-;0
25.09.2020;21:00;22:00;-;-;0
25.09.2020;22:00;23:00;-;-;0
25.09.2020;23:00;00:00;-;-;0
26.09.2020;00:00;01:00;-;-;0
26.09.2020;01:00;02:00;-;-;0
26.09.2020;02:00;03:00;-;-;0
26.09.2020;03:00;04:00;-;-;0
26.09.2020;04:00;05:00;-;-;0
26.09.2020;05:00;06:00;-;-;0
26.09.2020;06:00;07:00;-;-;0
26.09.2020;07:00;08:00;-;-;0
26.09.2020;08:00;09:00;-;-;0
26.09.2020;09:00;10:00;-;-;0
26.09.2020;10:00;11:00;-;-;0
26.09.2020;11:00;12:00;-;-;0
26.09.2020;12:00;13:00;-;-;0
26.09.2020;13:00;14:00;-;-;0
26.09.2020;14:00;15:00;-;-;0
26.09.2020;15:00;16:00;-;-;0
26.09.2020;16:00;17:00;-;-;0
26.09.2020;17:00;18:00;-;-;0
26.09.2020;18:00;19:00;-;-;0
26.09.2020;19:00;20:00;-;-;0
26.09.2020;20:00;21:00;-;-;0
26.09.2020;21:00;22:00;-;-;0
26.09.2020;22:00;23:00;-;-;0
26.09.2020;23:00;00:00;-;-;0
27.09.2020;00:00;01:00;-;-;0
27.09.2020;01:00;02:00;-;-;0
27.09.2020;02:00;03:00;-;-;0
27.09.2020;03:00;04:00;-;-;0
27.09.2020;04:00;05:00;-;-;0
27.09.2020;05:00;06:00;-;-;0
27.09.2020;06:00;07:00;-;-;0
27.09.2020;07:00;08:00;-;-;0
27.09.2020;08:00;09:00;-;-;0
27.09.2020;09:00;10:00;-;-;0
27.09.2020;10:00;11:00;-;-;0
27.09.2020;11:00;12:00;-;-;0
27.09.2020;12:00;13:00;-;-;0
27.09.2020;13:00;14:00;-;-;0
27.09.2020;14:00;15:00;-;-;0
27.09.2020;15:00;16:00;-;-;0
27.09.2020;16:00;17:00;-;-;0
27.09.2020;17:00;18:00;-;-;0
27.09.2020;18:00;19:00;-;-;0
27.09.2020;19:00;20:00;-;-;0
27.09.2020;20:00;21:00;-;-;0
27.09.2020;21:00;22:00;-;-;0
27.09.2020;22:00;23:00;-;-;0
27.09.2020;23:00;00:00;-;-;0
28.09.2020;00:00;01:00;-;-;0
28.09.2020;01:00;02:00;-;-;0
28.09.2020;02:00;03:00;-;-;0
28.09.2020;03:00;04:00;-;-;0
28.09.2020;04:00;05:00;-;-;0
28.09.2020;05:00;06:00;-;-;135
28.09.2020;06:00;07:00;-;-;322
28.09.2020;07:00;08:00;-;-;408
28.09.2020;08:00;09:00;-;-;401
28.09.2020;09:00;10:00;-;-;401
28.09.2020;10:00;11:00;-;-;400
28.09.2020;11:00;12:00;-;-;350
28.09.2020;12:00;13:00;-;-;368
28.09.2020;13:00;14:00;-;-;406
28.09.2020;14:00;15:00;-;-;403
28.09.2020;15:00;16:00;-;-;402
28.09.2020;16:00;17:00;-;-;403
28.09.2020;17:00;18:00;-;-;403
28.09.2020;18:00;19:00;-;-;404
28.09.2020;19:00;20:00;-;-;401
28.09.2020;20:00;21:00;-;-;403
28.09.2020;21:00;22:00;-;-;402
28.09.2020;22:00;23:00;-;-;402
28.09.2020;23:00;00:00;-;-;295
29.09.2020;00:00;01:00;-;-;218
29.09.2020;01:00;02:00;-;-;123
29.09.2020;02:00;03:00;-;-;117
29.09.2020;03:00;04:00;-;-;127
29.09.2020;04:00;05:00;-;-;127
29.09.2020;05:00;06:00;-;-;239
29.09.2020;06:00;07:00;-;-;337
29.09.2020;07:00;08:00;-;-;404
29.09.2020;08:00;09:00;-;-;405
29.09.2020;09:00;10:00;-;-;403
29.09.2020;10:00;11:00;-;-;405
29.09.2020;11:00;12:00;-;-;409
29.09.2020;12:00;13:00;-;-;412
29.09.2020;13:00;14:00;-;-;417
29.09.2020;14:00;15:00;-;-;417
29.09.2020;15:00;16:00;-;-;414
29.09.2020;16:00;17:00;-;-;400
29.09.2020;17:00;18:00;-;-;402
29.09.2020;18:00;19:00;-;-;395
29.09.2020;19:00;20:00;-;-;403
29.09.2020;20:00;21:00;-;-;402
29.09.2020;21:00;22:00;-;-;403
29.09.2020;22:00;23:00;-;-;404
29.09.2020;23:00;00:00;-;-;402
30.09.2020;00:00;01:00;-;-;403
30.09.2020;01:00;02:00;-;-;346
30.09.2020;02:00;03:00;-;-;221
30.09.2020;03:00;04:00;-;-;215
30.09.2020;04:00;05:00;-;-;215
30.09.2020;05:00;06:00;-;-;333
30.09.2020;06:00;07:00;-;-;404
30.09.2020;07:00;08:00;-;-;403
30.09.2020;08:00;09:00;-;-;402
30.09.2020;09:00;10:00;-;-;402
30.09.2020;10:00;11:00;-;-;404
30.09.2020;11:00;12:00;-;-;405
30.09.2020;12:00;13:00;-;-;402
30.09.2020;13:00;14:00;-;-;402
30.09.2020;14:00;15:00;-;-;404
30.09.2020;15:00;16:00;-;-;402
30.09.2020;16:00;17:00;-;-;391
30.09.2020;17:00;18:00;-;-;399
30.09.2020;18:00;19:00;-;-;402
30.09.2020;19:00;20:00;-;-;403
30.09.2020;20:00;21:00;-;-;407
30.09.2020;21:00;22:00;-;-;325
30.09.2020;22:00;23:00;-;-;256
30.09.2020;23:00;00:00;-;-;3
01.10.2020;00:00;01:00;-;-;0
01.10.2020;01:00;02:00;-;-;0
01.10.2020;02:00;03:00;-;-;0
01.10.2020;03:00;04:00;-;-;0
01.10.2020;04:00;05:00;-;-;0
01.10.2020;05:00;06:00;-;-;0
01.10.2020;06:00;07:00;-;-;0
01.10.2020;07:00;08:00;-;-;0
01.10.2020;08:00;09:00;-;-;0
01.10.2020;09:00;10:00;-;-;0
01.10.2020;10:00;11:00;-;-;0
01.10.2020;11:00;12:00;-;-;0
01.10.2020;12:00;13:00;-;-;0
01.10.2020;13:00;14:00;-;-;0
01.10.2020;14:00;15:00;-;-;0
01.10.2020;15:00;16:00;-;-;0
01.10.2020;16:00;17:00;-;-;0
01.10.2020;17:00;18:00;-;-;0
01.10.2020;18:00;19:00;-;-;0
01.10.2020;19:00;20:00;-;-;0
01.10.2020;20:00;21:00;-;-;0
01.10.2020;21:00;22:00;-;-;0
01.10.2020;22:00;23:00;-;-;0
01.10.2020;23:00;00:00;-;-;0
02.10.2020;00:00;01:00;-;-;0
02.10.2020;01:00;02:00;-;-;0
02.10.2020;02:00;03:00;-;-;0
02.10.2020;03:00;04:00;-;-;0
02.10.2020;04:00;05:00;-;-;0
02.10.2020;05:00;06:00;-;-;0
02.10.2020;06:00;07:00;-;-;0
02.10.2020;07:00;08:00;-;-;0
02.10.2020;08:00;09:00;-;-;0
02.10.2020;09:00;10:00;-;-;0
02.10.2020;10:00;11:00;-;-;0
02.10.2020;11:00;12:00;-;-;0
02.10.2020;12:00;13:00;-;-;0
02.10.2020;13:00;14:00;-;-;0
02.10.2020;14:00;15:00;-;-;0
02.10.2020;15:00;16:00;-;-;0
02.10.2020;16:00;17:00;-;-;0
02.10.2020;17:00;18:00;-;-;0
02.10.2020;18:00;19:00;-;-;0
02.10.2020;19:00;20:00;-;-;0
02.10.2020;20:00;21:00;-;-;0
02.10.2020;21:00;22:00;-;-;0
02.10.2020;22:00;23:00;-;-;0
02.10.2020;23:00;00:00;-;-;0
03.10.2020;00:00;01:00;-;-;0
03.10.2020;01:00;02:00;-;-;0
03.10.2020;02:00;03:00;-;-;0
03.10.2020;03:00;04:00;-;-;0
03.10.2020;04:00;05:00;-;-;0
03.10.2020;05:00;06:00;-;-;0
03.10.2020;06:00;07:00;-;-;0
03.10.2020;07:00;08:00;-;-;0
03.10.2020;08:00;09:00;-;-;0
03.10.2020;09:00;10:00;-;-;0
03.10.2020;10:00;11:00;-;-;0
03.10.2020;11:00;12:00;-;-;0
03.10.2020;12:00;13:00;-;-;0
03.10.2020;13:00;14:00;-;-;0
03.10.2020;14:00;15:00;-;-;0
03.10.2020;15:00;16:00;-;-;0
03.10.2020;16:00;17:00;-;-;0
03.10.2020;17:00;18:00;-;-;0
03.10.2020;18:00;19:00;-;-;0
03.10.2020;19:00;20:00;-;-;0
03.10.2020;20:00;21:00;-;-;0
03.10.2020;21:00;22:00;-;-;0
03.10.2020;22:00;23:00;-;-;0
03.10.2020;23:00;00:00;-;-;0
04.10.2020;00:00;01:00;-;-;0
04.10.2020;01:00;02:00;-;-;0
04.10.2020;02:00;03:00;-;-;0
04.10.2020;03:00;04:00;-;-;0
04.10.2020;04:00;05:00;-;-;0
04.10.2020;05:00;06:00;-;-;0
04.10.2020;06:00;07:00;-;-;0
04.10.2020;07:00;08:00;-;-;0
04.10.2020;08:00;09:00;-;-;0
04.10.2020;09:00;10:00;-;-;0
04.10.2020;10:00;11:00;-;-;0
04.10.2020;11:00;12:00;-;-;0
04.10.2020;12:00;13:00;-;-;0
04.10.2020;13:00;14:00;-;-;0
04.10.2020;14:00;15:00;-;-;0
04.10.2020;15:00;16:00;-;-;0
04.10.2020;16:00;17:00;-;-;0
04.10.2020;17:00;18:00;-;-;0
04.10.2020;18:00;19:00;-;-;0
04.10.2020;19:00;20:00;-;-;0
04.10.2020;20:00;21:00;-;-;0
04.10.2020;21:00;22:00;-;-;0
04.10.2020;22:00;23:00;-;-;0
04.10.2020;23:00;00:00;-;-;0
05.10.2020;00:00;01:00;-;-;0
05.10.2020;01:00;02:00;-;-;0
05.10.2020;02:00;03:00;-;-;0
05.10.2020;03:00;04:00;-;-;0
05.10.2020;04:00;05:00;-;-;0
05.10.2020;05:00;06:00;-;-;0
05.10.2020;06:00;07:00;-;-;0
05.10.2020;07:00;08:00;-;-;0
05.10.2020;08:00;09:00;-;-;0
05.10.2020;09:00;10:00;-;-;0
05.10.2020;10:00;11:00;-;-;0
05.10.2020;11:00;12:00;-;-;0
05.10.2020;12:00;13:00;-;-;0
05.10.2020;13:00;14:00;-;-;0
05.10.2020;14:00;15:00;-;-;0
05.10.2020;15:00;16:00;-;-;0
05.10.2020;16:00;17:00;-;-;0
05.10.2020;17:00;18:00;-;-;0
05.10.2020;18:00;19:00;-;-;0
05.10.2020;19:00;20:00;-;-;0
05.10.2020;20:00;21:00;-;-;0
05.10.2020;21:00;22:00;-;-;0
05.10.2020;22:00;23:00;-;-;0
05.10.2020;23:00;00:00;-;-;0
06.10.2020;00:00;01:00;-;-;0
06.10.2020;01:00;02:00;-;-;0
06.10.2020;02:00;03:00;-;-;0
06.10.2020;03:00;04:00;-;-;0
06.10.2020;04:00;05:00;-;-;0
06.10.2020;05:00;06:00;-;-;0
06.10.2020;06:00;07:00;-;-;0
06.10.2020;07:00;08:00;-;-;0
06.10.2020;08:00;09:00;-;-;0
06.10.2020;09:00;10:00;-;-;0
06.10.2020;10:00;11:00;-;-;0
06.10.2020;11:00;12:00;-;-;0
06.10.2020;12:00;13:00;-;-;0
06.10.2020;13:00;14:00;-;-;0
06.10.2020;14:00;15:00;-;-;0
06.10.2020;15:00;16:00;-;-;0
06.10.2020;16:00;17:00;-;-;0
06.10.2020;17:00;18:00;-;-;0
06.10.2020;18:00;19:00;-;-;0
06.10.2020;19:00;20:00;-;-;0
06.10.2020;20:00;21:00;-;-;0
06.10.2020;21:00;22:00;-;-;0
06.10.2020;22:00;23:00;-;-;0
06.10.2020;23:00;00:00;-;-;0
07.10.2020;00:00;01:00;-;-;0
07.10.2020;01:00;02:00;-;-;0
07.10.2020;02:00;03:00;-;-;0
07.10.2020;03:00;04:00;-;-;0
07.10.2020;04:00;05:00;-;-;0
07.10.2020;05:00;06:00;-;-;0
07.10.2020;06:00;07:00;-;-;0
07.10.2020;07:00;08:00;-;-;0
07.10.2020;08:00;09:00;-;-;0
07.10.2020;09:00;10:00;-;-;0
07.10.2020;10:00;11:00;-;-;0
07.10.2020;11:00;12:00;-;-;0
07.10.2020;12:00;13:00;-;-;0
07.10.2020;13:00;14:00;-;-;0
07.10.2020;14:00;15:00;-;-;0
07.10.2020;15:00;16:00;-;-;0
07.10.2020;16:00;17:00;-;-;0
07.10.2020;17:00;18:00;-;-;0
07.10.2020;18:00;19:00;-;-;0
07.10.2020;19:00;20:00;-;-;0
07.10.2020;20:00;21:00;-;-;0
07.10.2020;21:00;22:00;-;-;0
07.10.2020;22:00;23:00;-;-;0
07.10.2020;23:00;00:00;-;-;0
08.10.2020;00:00;01:00;-;-;0
08.10.2020;01:00;02:00;-;-;0
08.10.2020;02:00;03:00;-;-;0
08.10.2020;03:00;04:00;-;-;0
08.10.2020;04:00;05:00;-;-;0
08.10.2020;05:00;06:00;-;-;0
08.10.2020;06:00;07:00;-;-;0
08.10.2020;07:00;08:00;-;-;0
08.10.2020;08:00;09:00;-;-;0
08.10.2020;09:00;10:00;-;-;0
08.10.2020;10:00;11:00;-;-;0
08.10.2020;11:00;12:00;-;-;0
08.10.2020;12:00;13:00;-;-;0
08.10.2020;13:00;14:00;-;-;0
08.10.2020;14:00;15:00;-;-;0
08.10.2020;15:00;16:00;-;-;0
08.10.2020;16:00;17:00;-;-;0
08.10.2020;17:00;18:00;-;-;0
08.10.2020;18:00;19:00;-;-;0
08.10.2020;19:00;20:00;-;-;0
08.10.2020;20:00;21:00;-;-;0
08.10.2020;21:00;22:00;-;-;0
08.10.2020;22:00;23:00;-;-;0
08.10.2020;23:00;00:00;-;-;0
09.10.2020;00:00;01:00;-;-;0
09.10.2020;01:00;02:00;-;-;0
09.10.2020;02:00;03:00;-;-;0
09.10.2020;03:00;04:00;-;-;0
09.10.2020;04:00;05:00;-;-;0
09.10.2020;05:00;06:00;-;-;0
09.10.2020;06:00;07:00;-;-;0
09.10.2020;07:00;08:00;-;-;0
09.10.2020;08:00;09:00;-;-;0
09.10.2020;09:00;10:00;-;-;0
09.10.2020;10:00;11:00;-;-;0
09.10.2020;11:00;12:00;-;-;0
09.10.2020;12:00;13:00;-;-;0
09.10.2020;13:00;14:00;-;-;0
09.10.2020;14:00;15:00;-;-;0
09.10.2020;15:00;16:00;-;-;0
09.10.2020;16:00;17:00;-;-;0
09.10.2020;17:00;18:00;-;-;0
09.10.2020;18:00;19:00;-;-;0
09.10.2020;19:00;20:00;-;-;0
09.10.2020;20:00;21:00;-;-;0
09.10.2020;21:00;22:00;-;-;0
09.10.2020;22:00;23:00;-;-;0
09.10.2020;23:00;00:00;-;-;0
10.10.2020;00:00;01:00;-;-;0
10.10.2020;01:00;02:00;-;-;0
10.10.2020;02:00;03:00;-;-;0
10.10.2020;03:00;04:00;-;-;0
10.10.2020;04:00;05:00;-;-;0
10.10.2020;05:00;06:00;-;-;0
10.10.2020;06:00;07:00;-;-;0
10.10.2020;07:00;08:00;-;-;0
10.10.2020;08:00;09:00;-;-;0
10.10.2020;09:00;10:00;-;-;0
10.10.2020;10:00;11:00;-;-;0
10.10.2020;11:00;12:00;-;-;0
10.10.2020;12:00;13:00;-;-;0
10.10.2020;13:00;14:00;-;-;0
10.10.2020;14:00;15:00;-;-;0
10.10.2020;15:00;16:00;-;-;0
10.10.2020;16:00;17:00;-;-;0
10.10.2020;17:00;18:00;-;-;0
10.10.2020;18:00;19:00;-;-;0
10.10.2020;19:00;20:00;-;-;0
10.10.2020;20:00;21:00;-;-;0
10.10.2020;21:00;22:00;-;-;0
10.10.2020;22:00;23:00;-;-;0
10.10.2020;23:00;00:00;-;-;0
11.10.2020;00:00;01:00;-;-;0
11.10.2020;01:00;02:00;-;-;0
11.10.2020;02:00;03:00;-;-;0
11.10.2020;03:00;04:00;-;-;0
11.10.2020;04:00;05:00;-;-;0
11.10.2020;05:00;06:00;-;-;0
11.10.2020;06:00;07:00;-;-;0
11.10.2020;07:00;08:00;-;-;0
11.10.2020;08:00;09:00;-;-;0
11.10.2020;09:00;10:00;-;-;0
11.10.2020;10:00;11:00;-;-;0
11.10.2020;11:00;12:00;-;-;0
11.10.2020;12:00;13:00;-;-;0
11.10.2020;13:00;14:00;-;-;0
11.10.2020;14:00;15:00;-;-;0
11.10.2020;15:00;16:00;-;-;0
11.10.2020;16:00;17:00;-;-;0
11.10.2020;17:00;18:00;-;-;0
11.10.2020;18:00;19:00;-;-;0
11.10.2020;19:00;20:00;-;-;0
11.10.2020;20:00;21:00;-;-;0
11.10.2020;21:00;22:00;-;-;0
11.10.2020;22:00;23:00;-;-;0
11.10.2020;23:00;00:00;-;-;0
12.10.2020;00:00;01:00;-;-;0
12.10.2020;01:00;02:00;-;-;0
12.10.2020;02:00;03:00;-;-;75
12.10.2020;03:00;04:00;-;-;163
12.10.2020;04:00;05:00;-;-;281
12.10.2020;05:00;06:00;-;-;328
12.10.2020;06:00;07:00;-;-;378
12.10.2020;07:00;08:00;-;-;380
12.10.2020;08:00;09:00;-;-;396
12.10.2020;09:00;10:00;-;-;401
12.10.2020;10:00;11:00;-;-;401
12.10.2020;11:00;12:00;-;-;399
12.10.2020;12:00;13:00;-;-;399
12.10.2020;13:00;14:00;-;-;398
12.10.2020;14:00;15:00;-;-;398
12.10.2020;15:00;16:00;-;-;398
12.10.2020;16:00;17:00;-;-;399
12.10.2020;17:00;18:00;-;-;400
12.10.2020;18:00;19:00;-;-;398
12.10.2020;19:00;20:00;-;-;398
12.10.2020;20:00;21:00;-;-;392
12.10.2020;21:00;22:00;-;-;407
12.10.2020;22:00;23:00;-;-;377
12.10.2020;23:00;00:00;-;-;338
13.10.2020;00:00;01:00;-;-;230
13.10.2020;01:00;02:00;-;-;131
13.10.2020;02:00;03:00;-;-;120
13.10.2020;03:00;04:00;-;-;121
13.10.2020;04:00;05:00;-;-;121
13.10.2020;05:00;06:00;-;-;209
13.10.2020;06:00;07:00;-;-;296
13.10.2020;07:00;08:00;-;-;393
13.10.2020;08:00;09:00;-;-;401
13.10.2020;09:00;10:00;-;-;399
13.10.2020;10:00;11:00;-;-;399
13.10.2020;11:00;12:00;-;-;390
13.10.2020;12:00;13:00;-;-;382
13.10.2020;13:00;14:00;-;-;391
13.10.2020;14:00;15:00;-;-;388
13.10.2020;15:00;16:00;-;-;380
13.10.2020;16:00;17:00;-;-;380
13.10.2020;17:00;18:00;-;-;384
13.10.2020;18:00;19:00;-;-;388
13.10.2020;19:00;20:00;-;-;388
13.10.2020;20:00;21:00;-;-;305
13.10.2020;21:00;22:00;-;-;219
13.10.2020;22:00;23:00;-;-;335
13.10.2020;23:00;00:00;-;-;379
14.10.2020;00:00;01:00;-;-;391
14.10.2020;01:00;02:00;-;-;402
14.10.2020;02:00;03:00;-;-;391
14.10.2020;03:00;04:00;-;-;403
14.10.2020;04:00;05:00;-;-;403
14.10.2020;05:00;06:00;-;-;404
14.10.2020;06:00;07:00;-;-;404
14.10.2020;07:00;08:00;-;-;403
14.10.2020;08:00;09:00;-;-;404
14.10.2020;09:00;10:00;-;-;406
14.10.2020;10:00;11:00;-;-;407
14.10.2020;11:00;12:00;-;-;406
14.10.2020;12:00;13:00;-;-;406
14.10.2020;13:00;14:00;-;-;404
14.10.2020;14:00;15:00;-;-;408
14.10.2020;15:00;16:00;-;-;404
14.10.2020;16:00;17:00;-;-;405
14.10.2020;17:00;18:00;-;-;405
14.10.2020;18:00;19:00;-;-;405
14.10.2020;19:00;20:00;-;-;404
14.10.2020;20:00;21:00;-;-;404
14.10.2020;21:00;22:00;-;-;396
14.10.2020;22:00;23:00;-;-;212
14.10.2020;23:00;00:00;-;-;214
15.10.2020;00:00;01:00;-;-;218
15.10.2020;01:00;02:00;-;-;218
15.10.2020;02:00;03:00;-;-;220
15.10.2020;03:00;04:00;-;-;218
15.10.2020;04:00;05:00;-;-;219
15.10.2020;05:00;06:00;-;-;219
15.10.2020;06:00;07:00;-;-;252
15.10.2020;07:00;08:00;-;-;369
15.10.2020;08:00;09:00;-;-;369
15.10.2020;09:00;10:00;-;-;403
15.10.2020;10:00;11:00;-;-;406
15.10.2020;11:00;12:00;-;-;406
15.10.2020;12:00;13:00;-;-;406
15.10.2020;13:00;14:00;-;-;403
15.10.2020;14:00;15:00;-;-;406
15.10.2020;15:00;16:00;-;-;405
15.10.2020;16:00;17:00;-;-;404
15.10.2020;17:00;18:00;-;-;405
15.10.2020;18:00;19:00;-;-;404
15.10.2020;19:00;20:00;-;-;404
15.10.2020;20:00;21:00;-;-;403
15.10.2020;21:00;22:00;-;-;401
15.10.2020;22:00;23:00;-;-;389
15.10.2020;23:00;00:00;-;-;181
16.10.2020;00:00;01:00;-;-;148
16.10.2020;01:00;02:00;-;-;148
16.10.2020;02:00;03:00;-;-;148
16.10.2020;03:00;04:00;-;-;148
16.10.2020;04:00;05:00;-;-;148
16.10.2020;05:00;06:00;-;-;258
16.10.2020;06:00;07:00;-;-;401
16.10.2020;07:00;08:00;-;-;404
16.10.2020;08:00;09:00;-;-;405
16.10.2020;09:00;10:00;-;-;405
16.10.2020;10:00;11:00;-;-;406
16.10.2020;11:00;12:00;-;-;410
16.10.2020;12:00;13:00;-;-;408
16.10.2020;13:00;14:00;-;-;406
16.10.2020;14:00;15:00;-;-;407
16.10.2020;15:00;16:00;-;-;409
16.10.2020;16:00;17:00;-;-;409
16.10.2020;17:00;18:00;-;-;409
16.10.2020;18:00;19:00;-;-;409
16.10.2020;19:00;20:00;-;-;408
16.10.2020;20:00;21:00;-;-;408
16.10.2020;21:00;22:00;-;-;403
16.10.2020;22:00;23:00;-;-;398
16.10.2020;23:00;00:00;-;-;401
17.10.2020;00:00;01:00;-;-;131
17.10.2020;01:00;02:00;-;-;0
17.10.2020;02:00;03:00;-;-;0
17.10.2020;03:00;04:00;-;-;0
17.10.2020;04:00;05:00;-;-;0
17.10.2020;05:00;06:00;-;-;0
17.10.2020;06:00;07:00;-;-;0
17.10.2020;07:00;08:00;-;-;0
17.10.2020;08:00;09:00;-;-;0
17.10.2020;09:00;10:00;-;-;0
17.10.2020;10:00;11:00;-;-;0
17.10.2020;11:00;12:00;-;-;0
17.10.2020;12:00;13:00;-;-;0
17.10.2020;13:00;14:00;-;-;0
17.10.2020;14:00;15:00;-;-;0
17.10.2020;15:00;16:00;-;-;0
17.10.2020;16:00;17:00;-;-;0
17.10.2020;17:00;18:00;-;-;0
17.10.2020;18:00;19:00;-;-;0
17.10.2020;19:00;20:00;-;-;0
17.10.2020;20:00;21:00;-;-;0
17.10.2020;21:00;22:00;-;-;0
17.10.2020;22:00;23:00;-;-;0
17.10.2020;23:00;00:00;-;-;0
18.10.2020;00:00;01:00;-;-;0
18.10.2020;01:00;02:00;-;-;0
18.10.2020;02:00;03:00;-;-;0
18.10.2020;03:00;04:00;-;-;0
18.10.2020;04:00;05:00;-;-;0
18.10.2020;05:00;06:00;-;-;0
18.10.2020;06:00;07:00;-;-;0
18.10.2020;07:00;08:00;-;-;0
18.10.2020;08:00;09:00;-;-;0
18.10.2020;09:00;10:00;-;-;0
18.10.2020;10:00;11:00;-;-;0
18.10.2020;11:00;12:00;-;-;0
18.10.2020;12:00;13:00;-;-;0
18.10.2020;13:00;14:00;-;-;0
18.10.2020;14:00;15:00;-;-;0
18.10.2020;15:00;16:00;-;-;0
18.10.2020;16:00;17:00;-;-;0
18.10.2020;17:00;18:00;-;-;0
18.10.2020;18:00;19:00;-;-;0
18.10.2020;19:00;20:00;-;-;0
18.10.2020;20:00;21:00;-;-;0
18.10.2020;21:00;22:00;-;-;0
18.10.2020;22:00;23:00;-;-;0
18.10.2020;23:00;00:00;-;-;0
19.10.2020;00:00;01:00;-;-;0
19.10.2020;01:00;02:00;-;-;0
19.10.2020;02:00;03:00;-;-;0
19.10.2020;03:00;04:00;-;-;0
19.10.2020;04:00;05:00;-;-;0
19.10.2020;05:00;06:00;-;-;0
19.10.2020;06:00;07:00;-;-;0
19.10.2020;07:00;08:00;-;-;0
19.10.2020;08:00;09:00;-;-;0
19.10.2020;09:00;10:00;-;-;0
19.10.2020;10:00;11:00;-;-;0
19.10.2020;11:00;12:00;-;-;0
19.10.2020;12:00;13:00;-;-;0
19.10.2020;13:00;14:00;-;-;0
19.10.2020;14:00;15:00;-;-;0
19.10.2020;15:00;16:00;-;-;0
19.10.2020;16:00;17:00;-;-;0
19.10.2020;17:00;18:00;-;-;0
19.10.2020;18:00;19:00;-;-;0
19.10.2020;19:00;20:00;-;-;0
19.10.2020;20:00;21:00;-;-;0
19.10.2020;21:00;22:00;-;-;0
19.10.2020;22:00;23:00;-;-;0
19.10.2020;23:00;00:00;-;-;0
20.10.2020;00:00;01:00;-;-;0
20.10.2020;01:00;02:00;-;-;0
20.10.2020;02:00;03:00;-;-;0
20.10.2020;03:00;04:00;-;-;0
20.10.2020;04:00;05:00;-;-;0
20.10.2020;05:00;06:00;-;-;0
20.10.2020;06:00;07:00;-;-;0
20.10.2020;07:00;08:00;-;-;0
20.10.2020;08:00;09:00;-;-;0
20.10.2020;09:00;10:00;-;-;0
20.10.2020;10:00;11:00;-;-;0
20.10.2020;11:00;12:00;-;-;0
20.10.2020;12:00;13:00;-;-;0
20.10.2020;13:00;14:00;-;-;0
20.10.2020;14:00;15:00;-;-;0
20.10.2020;15:00;16:00;-;-;0
20.10.2020;16:00;17:00;-;-;0
20.10.2020;17:00;18:00;-;-;0
20.10.2020;18:00;19:00;-;-;0
20.10.2020;19:00;20:00;-;-;0
20.10.2020;20:00;21:00;-;-;0
20.10.2020;21:00;22:00;-;-;0
20.10.2020;22:00;23:00;-;-;0
20.10.2020;23:00;00:00;-;-;0
21.10.2020;00:00;01:00;-;-;0
21.10.2020;01:00;02:00;-;-;0
21.10.2020;02:00;03:00;-;-;0
21.10.2020;03:00;04:00;-;-;0
21.10.2020;04:00;05:00;-;-;0
21.10.2020;05:00;06:00;-;-;0
21.10.2020;06:00;07:00;-;-;0
21.10.2020;07:00;08:00;-;-;0
21.10.2020;08:00;09:00;-;-;0
21.10.2020;09:00;10:00;-;-;0
21.10.2020;10:00;11:00;-;-;0
21.10.2020;11:00;12:00;-;-;0
21.10.2020;12:00;13:00;-;-;0
21.10.2020;13:00;14:00;-;-;0
21.10.2020;14:00;15:00;-;-;0
21.10.2020;15:00;16:00;-;-;0
21.10.2020;16:00;17:00;-;-;0
21.10.2020;17:00;18:00;-;-;0
21.10.2020;18:00;19:00;-;-;0
21.10.2020;19:00;20:00;-;-;0
21.10.2020;20:00;21:00;-;-;0
21.10.2020;21:00;22:00;-;-;0
21.10.2020;22:00;23:00;-;-;0
21.10.2020;23:00;00:00;-;-;0
22.10.2020;00:00;01:00;-;-;0
22.10.2020;01:00;02:00;-;-;0
22.10.2020;02:00;03:00;-;-;0
22.10.2020;03:00;04:00;-;-;0
22.10.2020;04:00;05:00;-;-;0
22.10.2020;05:00;06:00;-;-;0
22.10.2020;06:00;07:00;-;-;0
22.10.2020;07:00;08:00;-;-;0
22.10.2020;08:00;09:00;-;-;0
22.10.2020;09:00;10:00;-;-;0
22.10.2020;10:00;11:00;-;-;0
22.10.2020;11:00;12:00;-;-;0
22.10.2020;12:00;13:00;-;-;0
22.10.2020;13:00;14:00;-;-;0
22.10.2020;14:00;15:00;-;-;0
22.10.2020;15:00;16:00;-;-;0
22.10.2020;16:00;17:00;-;-;0
22.10.2020;17:00;18:00;-;-;0
22.10.2020;18:00;19:00;-;-;0
22.10.2020;19:00;20:00;-;-;0
22.10.2020;20:00;21:00;-;-;0
22.10.2020;21:00;22:00;-;-;0
22.10.2020;22:00;23:00;-;-;0
22.10.2020;23:00;00:00;-;-;0
23.10.2020;00:00;01:00;-;-;0
23.10.2020;01:00;02:00;-;-;0
23.10.2020;02:00;03:00;-;-;0
23.10.2020;03:00;04:00;-;-;0
23.10.2020;04:00;05:00;-;-;8
23.10.2020;05:00;06:00;-;-;183
23.10.2020;06:00;07:00;-;-;295
23.10.2020;07:00;08:00;-;-;366
23.10.2020;08:00;09:00;-;-;394
23.10.2020;09:00;10:00;-;-;394
23.10.2020;10:00;11:00;-;-;395
23.10.2020;11:00;12:00;-;-;396
23.10.2020;12:00;13:00;-;-;394
23.10.2020;13:00;14:00;-;-;395
23.10.2020;14:00;15:00;-;-;396
23.10.2020;15:00;16:00;-;-;396
23.10.2020;16:00;17:00;-;-;395
23.10.2020;17:00;18:00;-;-;394
23.10.2020;18:00;19:00;-;-;394
23.10.2020;19:00;20:00;-;-;291
23.10.2020;20:00;21:00;-;-;52
23.10.2020;21:00;22:00;-;-;0
23.10.2020;22:00;23:00;-;-;0
23.10.2020;23:00;00:00;-;-;0
24.10.2020;00:00;01:00;-;-;0
24.10.2020;01:00;02:00;-;-;0
24.10.2020;02:00;03:00;-;-;0
24.10.2020;03:00;04:00;-;-;0
24.10.2020;04:00;05:00;-;-;0
24.10.2020;05:00;06:00;-;-;0
24.10.2020;06:00;07:00;-;-;0
24.10.2020;07:00;08:00;-;-;0
24.10.2020;08:00;09:00;-;-;0
24.10.2020;09:00;10:00;-;-;0
24.10.2020;10:00;11:00;-;-;0
24.10.2020;11:00;12:00;-;-;0
24.10.2020;12:00;13:00;-;-;0
24.10.2020;13:00;14:00;-;-;0
24.10.2020;14:00;15:00;-;-;0
24.10.2020;15:00;16:00;-;-;0
24.10.2020;16:00;17:00;-;-;0
24.10.2020;17:00;18:00;-;-;0
24.10.2020;18:00;19:00;-;-;0
24.10.2020;19:00;20:00;-;-;0
24.10.2020;20:00;21:00;-;-;0
24.10.2020;21:00;22:00;-;-;0
24.10.2020;22:00;23:00;-;-;0
24.10.2020;23:00;00:00;-;-;0
25.10.2020;00:00;01:00;-;-;0
25.10.2020;01:00;02:00;-;-;0
25.10.2020;02:00;03:00;-;-;0
25.10.2020;02:00;03:00;-;-;0
25.10.2020;03:00;04:00;-;-;0
25.10.2020;04:00;05:00;-;-;0
25.10.2020;05:00;06:00;-;-;0
25.10.2020;06:00;07:00;-;-;0
25.10.2020;07:00;08:00;-;-;0
25.10.2020;08:00;09:00;-;-;0
25.10.2020;09:00;10:00;-;-;0
25.10.2020;10:00;11:00;-;-;0
25.10.2020;11:00;12:00;-;-;0
25.10.2020;12:00;13:00;-;-;0
25.10.2020;13:00;14:00;-;-;0
25.10.2020;14:00;15:00;-;-;0
25.10.2020;15:00;16:00;-;-;0
25.10.2020;16:00;17:00;-;-;0
25.10.2020;17:00;18:00;-;-;0
25.10.2020;18:00;19:00;-;-;0
25.10.2020;19:00;20:00;-;-;0
25.10.2020;20:00;21:00;-;-;0
25.10.2020;21:00;22:00;-;-;0
25.10.2020;22:00;23:00;-;-;0
25.10.2020;23:00;00:00;-;-;0
26.10.2020;00:00;01:00;-;-;0
26.10.2020;01:00;02:00;-;-;0
26.10.2020;02:00;03:00;-;-;0
26.10.2020;03:00;04:00;-;-;0
26.10.2020;04:00;05:00;-;-;0
26.10.2020;05:00;06:00;-;-;0
26.10.2020;06:00;07:00;-;-;0
26.10.2020;07:00;08:00;-;-;0
26.10.2020;08:00;09:00;-;-;0
26.10.2020;09:00;10:00;-;-;0
26.10.2020;10:00;11:00;-;-;0
26.10.2020;11:00;12:00;-;-;0
26.10.2020;12:00;13:00;-;-;0
26.10.2020;13:00;14:00;-;-;0
26.10.2020;14:00;15:00;-;-;0
26.10.2020;15:00;16:00;-;-;0
26.10.2020;16:00;17:00;-;-;0
26.10.2020;17:00;18:00;-;-;0
26.10.2020;18:00;19:00;-;-;0
26.10.2020;19:00;20:00;-;-;0
26.10.2020;20:00;21:00;-;-;0
26.10.2020;21:00;22:00;-;-;0
26.10.2020;22:00;23:00;-;-;0
26.10.2020;23:00;00:00;-;-;0
27.10.2020;00:00;01:00;-;-;0
27.10.2020;01:00;02:00;-;-;0
27.10.2020;02:00;03:00;-;-;0
27.10.2020;03:00;04:00;-;-;0
27.10.2020;04:00;05:00;-;-;0
27.10.2020;05:00;06:00;-;-;0
27.10.2020;06:00;07:00;-;-;0
27.10.2020;07:00;08:00;-;-;0
27.10.2020;08:00;09:00;-;-;0
27.10.2020;09:00;10:00;-;-;0
27.10.2020;10:00;11:00;-;-;0
27.10.2020;11:00;12:00;-;-;0
27.10.2020;12:00;13:00;-;-;0
27.10.2020;13:00;14:00;-;-;0
27.10.2020;14:00;15:00;-;-;0
27.10.2020;15:00;16:00;-;-;0
27.10.2020;16:00;17:00;-;-;0
27.10.2020;17:00;18:00;-;-;0
27.10.2020;18:00;19:00;-;-;0
27.10.2020;19:00;20:00;-;-;0
27.10.2020;20:00;21:00;-;-;0
27.10.2020;21:00;22:00;-;-;0
27.10.2020;22:00;23:00;-;-;0
27.10.2020;23:00;00:00;-;-;0
28.10.2020;00:00;01:00;-;-;0
28.10.2020;01:00;02:00;-;-;0
28.10.2020;02:00;03:00;-;-;0
28.10.2020;03:00;04:00;-;-;0
28.10.2020;04:00;05:00;-;-;0
28.10.2020;05:00;06:00;-;-;0
28.10.2020;06:00;07:00;-;-;0
28.10.2020;07:00;08:00;-;-;0
28.10.2020;08:00;09:00;-;-;0
28.10.2020;09:00;10:00;-;-;0
28.10.2020;10:00;11:00;-;-;0
28.10.2020;11:00;12:00;-;-;0
28.10.2020;12:00;13:00;-;-;0
28.10.2020;13:00;14:00;-;-;0
28.10.2020;14:00;15:00;-;-;0
28.10.2020;15:00;16:00;-;-;0
28.10.2020;16:00;17:00;-;-;0
28.10.2020;17:00;18:00;-;-;0
28.10.2020;18:00;19:00;-;-;0
28.10.2020;19:00;20:00;-;-;0
28.10.2020;20:00;21:00;-;-;0
28.10.2020;21:00;22:00;-;-;0
28.10.2020;22:00;23:00;-;-;0
28.10.2020;23:00;00:00;-;-;0
29.10.2020;00:00;01:00;-;-;0
29.10.2020;01:00;02:00;-;-;0
29.10.2020;02:00;03:00;-;-;166
29.10.2020;03:00;04:00;-;-;294
29.10.2020;04:00;05:00;-;-;309
29.10.2020;05:00;06:00;-;-;356
29.10.2020;06:00;07:00;-;-;357
29.10.2020;07:00;08:00;-;-;359
29.10.2020;08:00;09:00;-;-;253
29.10.2020;09:00;10:00;-;-;210
29.10.2020;10:00;11:00;-;-;210
29.10.2020;11:00;12:00;-;-;211
29.10.2020;12:00;13:00;-;-;250
29.10.2020;13:00;14:00;-;-;401
29.10.2020;14:00;15:00;-;-;401
29.10.2020;15:00;16:00;-;-;403
29.10.2020;16:00;17:00;-;-;405
29.10.2020;17:00;18:00;-;-;257
29.10.2020;18:00;19:00;-;-;0
29.10.2020;19:00;20:00;-;-;0
29.10.2020;20:00;21:00;-;-;0
29.10.2020;21:00;22:00;-;-;0
29.10.2020;22:00;23:00;-;-;0
29.10.2020;23:00;00:00;-;-;0
30.10.2020;00:00;01:00;-;-;0
30.10.2020;01:00;02:00;-;-;0
30.10.2020;02:00;03:00;-;-;0
30.10.2020;03:00;04:00;-;-;0
30.10.2020;04:00;05:00;-;-;0
30.10.2020;05:00;06:00;-;-;0
30.10.2020;06:00;07:00;-;-;0
30.10.2020;07:00;08:00;-;-;0
30.10.2020;08:00;09:00;-;-;0
30.10.2020;09:00;10:00;-;-;0
30.10.2020;10:00;11:00;-;-;0
30.10.2020;11:00;12:00;-;-;0
30.10.2020;12:00;13:00;-;-;0
30.10.2020;13:00;14:00;-;-;0
30.10.2020;14:00;15:00;-;-;0
30.10.2020;15:00;16:00;-;-;0
30.10.2020;16:00;17:00;-;-;0
30.10.2020;17:00;18:00;-;-;0
30.10.2020;18:00;19:00;-;-;0
30.10.2020;19:00;20:00;-;-;0
30.10.2020;20:00;21:00;-;-;0
30.10.2020;21:00;22:00;-;-;0
30.10.2020;22:00;23:00;-;-;0
30.10.2020;23:00;00:00;-;-;0
31.10.2020;00:00;01:00;-;-;0
31.10.2020;01:00;02:00;-;-;0
31.10.2020;02:00;03:00;-;-;0
31.10.2020;03:00;04:00;-;-;0
31.10.2020;04:00;05:00;-;-;0
31.10.2020;05:00;06:00;-;-;0
31.10.2020;06:00;07:00;-;-;0
31.10.2020;07:00;08:00;-;-;0
31.10.2020;08:00;09:00;-;-;0
31.10.2020;09:00;10:00;-;-;0
31.10.2020;10:00;11:00;-;-;0
31.10.2020;11:00;12:00;-;-;0
31.10.2020;12:00;13:00;-;-;0
31.10.2020;13:00;14:00;-;-;0
31.10.2020;14:00;15:00;-;-;0
31.10.2020;15:00;16:00;-;-;0
31.10.2020;16:00;17:00;-;-;0
31.10.2020;17:00;18:00;-;-;0
31.10.2020;18:00;19:00;-;-;0
31.10.2020;19:00;20:00;-;-;0
31.10.2020;20:00;21:00;-;-;0
31.10.2020;21:00;22:00;-;-;0
31.10.2020;22:00;23:00;-;-;0
31.10.2020;23:00;00:00;-;-;0
01.11.2020;00:00;01:00;-;-;0
01.11.2020;01:00;02:00;-;-;0
01.11.2020;02:00;03:00;-;-;0
01.11.2020;03:00;04:00;-;-;0
01.11.2020;04:00;05:00;-;-;0
01.11.2020;05:00;06:00;-;-;0
01.11.2020;06:00;07:00;-;-;0
01.11.2020;07:00;08:00;-;-;0
01.11.2020;08:00;09:00;-;-;0
01.11.2020;09:00;10:00;-;-;0
01.11.2020;10:00;11:00;-;-;0
01.11.2020;11:00;12:00;-;-;0
01.11.2020;12:00;13:00;-;-;0
01.11.2020;13:00;14:00;-;-;0
01.11.2020;14:00;15:00;-;-;0
01.11.2020;15:00;16:00;-;-;0
01.11.2020;16:00;17:00;-;-;0
01.11.2020;17:00;18:00;-;-;0
01.11.2020;18:00;19:00;-;-;0
01.11.2020;19:00;20:00;-;-;0
01.11.2020;20:00;21:00;-;-;0
01.11.2020;21:00;22:00;-;-;0
01.11.2020;22:00;23:00;-;-;0
01.11.2020;23:00;00:00;-;-;0
02.11.2020;00:00;01:00;-;-;0
02.11.2020;01:00;02:00;-;-;0
02.11.2020;02:00;03:00;-;-;0
02.11.2020;03:00;04:00;-;-;0
02.11.2020;04:00;05:00;-;-;0
02.11.2020;05:00;06:00;-;-;0
02.11.2020;06:00;07:00;-;-;0
02.11.2020;07:00;08:00;-;-;0
02.11.2020;08:00;09:00;-;-;0
02.11.2020;09:00;10:00;-;-;0
02.11.2020;10:00;11:00;-;-;0
02.11.2020;11:00;12:00;-;-;0
02.11.2020;12:00;13:00;-;-;0
02.11.2020;13:00;14:00;-;-;0
02.11.2020;14:00;15:00;-;-;0
02.11.2020;15:00;16:00;-;-;0
02.11.2020;16:00;17:00;-;-;0
02.11.2020;17:00;18:00;-;-;0
02.11.2020;18:00;19:00;-;-;0
02.11.2020;19:00;20:00;-;-;0
02.11.2020;20:00;21:00;-;-;0
02.11.2020;21:00;22:00;-;-;0
02.11.2020;22:00;23:00;-;-;0
02.11.2020;23:00;00:00;-;-;0
03.11.2020;00:00;01:00;-;-;0
03.11.2020;01:00;02:00;-;-;0
03.11.2020;02:00;03:00;-;-;0
03.11.2020;03:00;04:00;-;-;0
03.11.2020;04:00;05:00;-;-;0
03.11.2020;05:00;06:00;-;-;0
03.11.2020;06:00;07:00;-;-;0
03.11.2020;07:00;08:00;-;-;0
03.11.2020;08:00;09:00;-;-;0
03.11.2020;09:00;10:00;-;-;0
03.11.2020;10:00;11:00;-;-;0
03.11.2020;11:00;12:00;-;-;0
03.11.2020;12:00;13:00;-;-;0
03.11.2020;13:00;14:00;-;-;0
03.11.2020;14:00;15:00;-;-;0
03.11.2020;15:00;16:00;-;-;0
03.11.2020;16:00;17:00;-;-;0
03.11.2020;17:00;18:00;-;-;0
03.11.2020;18:00;19:00;-;-;0
03.11.2020;19:00;20:00;-;-;0
03.11.2020;20:00;21:00;-;-;0
03.11.2020;21:00;22:00;-;-;0
03.11.2020;22:00;23:00;-;-;0
03.11.2020;23:00;00:00;-;-;0
04.11.2020;00:00;01:00;-;-;0
04.11.2020;01:00;02:00;-;-;0
04.11.2020;02:00;03:00;-;-;0
04.11.2020;03:00;04:00;-;-;0
04.11.2020;04:00;05:00;-;-;0
04.11.2020;05:00;06:00;-;-;140
04.11.2020;06:00;07:00;-;-;238
04.11.2020;07:00;08:00;-;-;340
04.11.2020;08:00;09:00;-;-;344
04.11.2020;09:00;10:00;-;-;392
04.11.2020;10:00;11:00;-;-;398
04.11.2020;11:00;12:00;-;-;397
04.11.2020;12:00;13:00;-;-;399
04.11.2020;13:00;14:00;-;-;394
04.11.2020;14:00;15:00;-;-;231
04.11.2020;15:00;16:00;-;-;0
04.11.2020;16:00;17:00;-;-;0
04.11.2020;17:00;18:00;-;-;0
04.11.2020;18:00;19:00;-;-;0
04.11.2020;19:00;20:00;-;-;0
04.11.2020;20:00;21:00;-;-;0
04.11.2020;21:00;22:00;-;-;0
04.11.2020;22:00;23:00;-;-;0
04.11.2020;23:00;00:00;-;-;0
05.11.2020;00:00;01:00;-;-;0
05.11.2020;01:00;02:00;-;-;0
05.11.2020;02:00;03:00;-;-;0
05.11.2020;03:00;04:00;-;-;0
05.11.2020;04:00;05:00;-;-;0
05.11.2020;05:00;06:00;-;-;0
05.11.2020;06:00;07:00;-;-;0
05.11.2020;07:00;08:00;-;-;0
05.11.2020;08:00;09:00;-;-;0
05.11.2020;09:00;10:00;-;-;0
05.11.2020;10:00;11:00;-;-;0
05.11.2020;11:00;12:00;-;-;0
05.11.2020;12:00;13:00;-;-;0
05.11.2020;13:00;14:00;-;-;0
05.11.2020;14:00;15:00;-;-;0
05.11.2020;15:00;16:00;-;-;0
05.11.2020;16:00;17:00;-;-;0
05.11.2020;17:00;18:00;-;-;0
05.11.2020;18:00;19:00;-;-;0
05.11.2020;19:00;20:00;-;-;0
05.11.2020;20:00;21:00;-;-;0
05.11.2020;21:00;22:00;-;-;0
05.11.2020;22:00;23:00;-;-;0
05.11.2020;23:00;00:00;-;-;0
06.11.2020;00:00;01:00;-;-;0
06.11.2020;01:00;02:00;-;-;0
06.11.2020;02:00;03:00;-;-;0
06.11.2020;03:00;04:00;-;-;0
06.11.2020;04:00;05:00;-;-;0
06.11.2020;05:00;06:00;-;-;0
06.11.2020;06:00;07:00;-;-;0
06.11.2020;07:00;08:00;-;-;0
06.11.2020;08:00;09:00;-;-;0
06.11.2020;09:00;10:00;-;-;0
06.11.2020;10:00;11:00;-;-;0
06.11.2020;11:00;12:00;-;-;0
06.11.2020;12:00;13:00;-;-;0
06.11.2020;13:00;14:00;-;-;0
06.11.2020;14:00;15:00;-;-;0
06.11.2020;15:00;16:00;-;-;0
06.11.2020;16:00;17:00;-;-;0
06.11.2020;17:00;18:00;-;-;0
06.11.2020;18:00;19:00;-;-;0
06.11.2020;19:00;20:00;-;-;0
06.11.2020;20:00;21:00;-;-;0
06.11.2020;21:00;22:00;-;-;0
06.11.2020;22:00;23:00;-;-;0
06.11.2020;23:00;00:00;-;-;0
07.11.2020;00:00;01:00;-;-;0
07.11.2020;01:00;02:00;-;-;0
07.11.2020;02:00;03:00;-;-;0
07.11.2020;03:00;04:00;-;-;0
07.11.2020;04:00;05:00;-;-;0
07.11.2020;05:00;06:00;-;-;0
07.11.2020;06:00;07:00;-;-;0
07.11.2020;07:00;08:00;-;-;0
07.11.2020;08:00;09:00;-;-;0
07.11.2020;09:00;10:00;-;-;0
07.11.2020;10:00;11:00;-;-;0
07.11.2020;11:00;12:00;-;-;0
07.11.2020;12:00;13:00;-;-;0
07.11.2020;13:00;14:00;-;-;0
07.11.2020;14:00;15:00;-;-;0
07.11.2020;15:00;16:00;-;-;0
07.11.2020;16:00;17:00;-;-;0
07.11.2020;17:00;18:00;-;-;0
07.11.2020;18:00;19:00;-;-;0
07.11.2020;19:00;20:00;-;-;0
07.11.2020;20:00;21:00;-;-;0
07.11.2020;21:00;22:00;-;-;0
07.11.2020;22:00;23:00;-;-;0
07.11.2020;23:00;00:00;-;-;0
08.11.2020;00:00;01:00;-;-;0
08.11.2020;01:00;02:00;-;-;0
08.11.2020;02:00;03:00;-;-;0
08.11.2020;03:00;04:00;-;-;0
08.11.2020;04:00;05:00;-;-;0
08.11.2020;05:00;06:00;-;-;0
08.11.2020;06:00;07:00;-;-;0
08.11.2020;07:00;08:00;-;-;0
08.11.2020;08:00;09:00;-;-;0
08.11.2020;09:00;10:00;-;-;0
08.11.2020;10:00;11:00;-;-;0
08.11.2020;11:00;12:00;-;-;0
08.11.2020;12:00;13:00;-;-;0
08.11.2020;13:00;14:00;-;-;0
08.11.2020;14:00;15:00;-;-;0
08.11.2020;15:00;16:00;-;-;0
08.11.2020;16:00;17:00;-;-;0
08.11.2020;17:00;18:00;-;-;0
08.11.2020;18:00;19:00;-;-;0
08.11.2020;19:00;20:00;-;-;0
08.11.2020;20:00;21:00;-;-;0
08.11.2020;21:00;22:00;-;-;0
08.11.2020;22:00;23:00;-;-;0
08.11.2020;23:00;00:00;-;-;0
09.11.2020;00:00;01:00;-;-;0
09.11.2020;01:00;02:00;-;-;0
09.11.2020;02:00;03:00;-;-;0
09.11.2020;03:00;04:00;-;-;0
09.11.2020;04:00;05:00;-;-;0
09.11.2020;05:00;06:00;-;-;61
09.11.2020;06:00;07:00;-;-;227
09.11.2020;07:00;08:00;-;-;329
09.11.2020;08:00;09:00;-;-;383
09.11.2020;09:00;10:00;-;-;389
09.11.2020;10:00;11:00;-;-;392
09.11.2020;11:00;12:00;-;-;388
09.11.2020;12:00;13:00;-;-;371
09.11.2020;13:00;14:00;-;-;386
09.11.2020;14:00;15:00;-;-;388
09.11.2020;15:00;16:00;-;-;388
09.11.2020;16:00;17:00;-;-;387
09.11.2020;17:00;18:00;-;-;386
09.11.2020;18:00;19:00;-;-;387
09.11.2020;19:00;20:00;-;-;387
09.11.2020;20:00;21:00;-;-;384
09.11.2020;21:00;22:00;-;-;380
09.11.2020;22:00;23:00;-;-;249
09.11.2020;23:00;00:00;-;-;221
10.11.2020;00:00;01:00;-;-;225
10.11.2020;01:00;02:00;-;-;225
10.11.2020;02:00;03:00;-;-;228
10.11.2020;03:00;04:00;-;-;236
10.11.2020;04:00;05:00;-;-;233
10.11.2020;05:00;06:00;-;-;238
10.11.2020;06:00;07:00;-;-;316
10.11.2020;07:00;08:00;-;-;393
10.11.2020;08:00;09:00;-;-;399
10.11.2020;09:00;10:00;-;-;389
10.11.2020;10:00;11:00;-;-;389
10.11.2020;11:00;12:00;-;-;391
10.11.2020;12:00;13:00;-;-;389
10.11.2020;13:00;14:00;-;-;386
10.11.2020;14:00;15:00;-;-;362
10.11.2020;15:00;16:00;-;-;327
10.11.2020;16:00;17:00;-;-;404
10.11.2020;17:00;18:00;-;-;391
10.11.2020;18:00;19:00;-;-;0
10.11.2020;19:00;20:00;-;-;0
10.11.2020;20:00;21:00;-;-;0
10.11.2020;21:00;22:00;-;-;0
10.11.2020;22:00;23:00;-;-;0
10.11.2020;23:00;00:00;-;-;0
11.11.2020;00:00;01:00;-;-;0
11.11.2020;01:00;02:00;-;-;0
11.11.2020;02:00;03:00;-;-;0
11.11.2020;03:00;04:00;-;-;0
11.11.2020;04:00;05:00;-;-;0
11.11.2020;05:00;06:00;-;-;0
11.11.2020;06:00;07:00;-;-;0
11.11.2020;07:00;08:00;-;-;0
11.11.2020;08:00;09:00;-;-;0
11.11.2020;09:00;10:00;-;-;0
11.11.2020;10:00;11:00;-;-;0
11.11.2020;11:00;12:00;-;-;0
11.11.2020;12:00;13:00;-;-;0
11.11.2020;13:00;14:00;-;-;0
11.11.2020;14:00;15:00;-;-;0
11.11.2020;15:00;16:00;-;-;0
11.11.2020;16:00;17:00;-;-;0
11.11.2020;17:00;18:00;-;-;0
11.11.2020;18:00;19:00;-;-;0
11.11.2020;19:00;20:00;-;-;0
11.11.2020;20:00;21:00;-;-;0
11.11.2020;21:00;22:00;-;-;0
11.11.2020;22:00;23:00;-;-;0
11.11.2020;23:00;00:00;-;-;0
12.11.2020;00:00;01:00;-;-;0
12.11.2020;01:00;02:00;-;-;0
12.11.2020;02:00;03:00;-;-;0
12.11.2020;03:00;04:00;-;-;0
12.11.2020;04:00;05:00;-;-;0
12.11.2020;05:00;06:00;-;-;0
12.11.2020;06:00;07:00;-;-;0
12.11.2020;07:00;08:00;-;-;0
12.11.2020;08:00;09:00;-;-;0
12.11.2020;09:00;10:00;-;-;0
12.11.2020;10:00;11:00;-;-;0
12.11.2020;11:00;12:00;-;-;0
12.11.2020;12:00;13:00;-;-;0
12.11.2020;13:00;14:00;-;-;0
12.11.2020;14:00;15:00;-;-;0
12.11.2020;15:00;16:00;-;-;0
12.11.2020;16:00;17:00;-;-;0
12.11.2020;17:00;18:00;-;-;0
12.11.2020;18:00;19:00;-;-;0
12.11.2020;19:00;20:00;-;-;0
12.11.2020;20:00;21:00;-;-;0
12.11.2020;21:00;22:00;-;-;0
12.11.2020;22:00;23:00;-;-;0
12.11.2020;23:00;00:00;-;-;0
13.11.2020;00:00;01:00;-;-;0
13.11.2020;01:00;02:00;-;-;0
13.11.2020;02:00;03:00;-;-;0
13.11.2020;03:00;04:00;-;-;0
13.11.2020;04:00;05:00;-;-;0
13.11.2020;05:00;06:00;-;-;0
13.11.2020;06:00;07:00;-;-;0
13.11.2020;07:00;08:00;-;-;0
13.11.2020;08:00;09:00;-;-;0
13.11.2020;09:00;10:00;-;-;0
13.11.2020;10:00;11:00;-;-;0
13.11.2020;11:00;12:00;-;-;0
13.11.2020;12:00;13:00;-;-;0
13.11.2020;13:00;14:00;-;-;0
13.11.2020;14:00;15:00;-;-;0
13.11.2020;15:00;16:00;-;-;0
13.11.2020;16:00;17:00;-;-;0
13.11.2020;17:00;18:00;-;-;0
13.11.2020;18:00;19:00;-;-;0
13.11.2020;19:00;20:00;-;-;0
13.11.2020;20:00;21:00;-;-;0
13.11.2020;21:00;22:00;-;-;0
13.11.2020;22:00;23:00;-;-;0
13.11.2020;23:00;00:00;-;-;0
14.11.2020;00:00;01:00;-;-;0
14.11.2020;01:00;02:00;-;-;0
14.11.2020;02:00;03:00;-;-;0
14.11.2020;03:00;04:00;-;-;0
14.11.2020;04:00;05:00;-;-;0
14.11.2020;05:00;06:00;-;-;0
14.11.2020;06:00;07:00;-;-;0
14.11.2020;07:00;08:00;-;-;0
14.11.2020;08:00;09:00;-;-;0
14.11.2020;09:00;10:00;-;-;0
14.11.2020;10:00;11:00;-;-;0
14.11.2020;11:00;12:00;-;-;0
14.11.2020;12:00;13:00;-;-;0
14.11.2020;13:00;14:00;-;-;0
14.11.2020;14:00;15:00;-;-;0
14.11.2020;15:00;16:00;-;-;0
14.11.2020;16:00;17:00;-;-;0
14.11.2020;17:00;18:00;-;-;0
14.11.2020;18:00;19:00;-;-;0
14.11.2020;19:00;20:00;-;-;0
14.11.2020;20:00;21:00;-;-;0
14.11.2020;21:00;22:00;-;-;0
14.11.2020;22:00;23:00;-;-;0
14.11.2020;23:00;00:00;-;-;0
15.11.2020;00:00;01:00;-;-;0
15.11.2020;01:00;02:00;-;-;0
15.11.2020;02:00;03:00;-;-;0
15.11.2020;03:00;04:00;-;-;0
15.11.2020;04:00;05:00;-;-;0
15.11.2020;05:00;06:00;-;-;0
15.11.2020;06:00;07:00;-;-;0
15.11.2020;07:00;08:00;-;-;0
15.11.2020;08:00;09:00;-;-;0
15.11.2020;09:00;10:00;-;-;0
15.11.2020;10:00;11:00;-;-;0
15.11.2020;11:00;12:00;-;-;0
15.11.2020;12:00;13:00;-;-;0
15.11.2020;13:00;14:00;-;-;0
15.11.2020;14:00;15:00;-;-;0
15.11.2020;15:00;16:00;-;-;0
15.11.2020;16:00;17:00;-;-;0
15.11.2020;17:00;18:00;-;-;0
15.11.2020;18:00;19:00;-;-;0
15.11.2020;19:00;20:00;-;-;0
15.11.2020;20:00;21:00;-;-;0
15.11.2020;21:00;22:00;-;-;0
15.11.2020;22:00;23:00;-;-;0
15.11.2020;23:00;00:00;-;-;0
16.11.2020;00:00;01:00;-;-;0
16.11.2020;01:00;02:00;-;-;0
16.11.2020;02:00;03:00;-;-;0
16.11.2020;03:00;04:00;-;-;0
16.11.2020;04:00;05:00;-;-;0
16.11.2020;05:00;06:00;-;-;118
16.11.2020;06:00;07:00;-;-;261
16.11.2020;07:00;08:00;-;-;352
16.11.2020;08:00;09:00;-;-;390
16.11.2020;09:00;10:00;-;-;354
16.11.2020;10:00;11:00;-;-;312
16.11.2020;11:00;12:00;-;-;269
16.11.2020;12:00;13:00;-;-;241
16.11.2020;13:00;14:00;-;-;214
16.11.2020;14:00;15:00;-;-;224
16.11.2020;15:00;16:00;-;-;211
16.11.2020;16:00;17:00;-;-;217
16.11.2020;17:00;18:00;-;-;216
16.11.2020;18:00;19:00;-;-;217
16.11.2020;19:00;20:00;-;-;214
16.11.2020;20:00;21:00;-;-;219
16.11.2020;21:00;22:00;-;-;215
16.11.2020;22:00;23:00;-;-;303
16.11.2020;23:00;00:00;-;-;389
17.11.2020;00:00;01:00;-;-;396
17.11.2020;01:00;02:00;-;-;397
17.11.2020;02:00;03:00;-;-;277
17.11.2020;03:00;04:00;-;-;209
17.11.2020;04:00;05:00;-;-;213
17.11.2020;05:00;06:00;-;-;213
17.11.2020;06:00;07:00;-;-;213
17.11.2020;07:00;08:00;-;-;304
17.11.2020;08:00;09:00;-;-;371
17.11.2020;09:00;10:00;-;-;387
17.11.2020;10:00;11:00;-;-;391
17.11.2020;11:00;12:00;-;-;390
17.11.2020;12:00;13:00;-;-;394
17.11.2020;13:00;14:00;-;-;400
17.11.2020;14:00;15:00;-;-;401
17.11.2020;15:00;16:00;-;-;400
17.11.2020;16:00;17:00;-;-;399
17.11.2020;17:00;18:00;-;-;402
17.11.2020;18:00;19:00;-;-;317
17.11.2020;19:00;20:00;-;-;252
17.11.2020;20:00;21:00;-;-;216
17.11.2020;21:00;22:00;-;-;215
17.11.2020;22:00;23:00;-;-;157
17.11.2020;23:00;00:00;-;-;0
18.11.2020;00:00;01:00;-;-;0
18.11.2020;01:00;02:00;-;-;0
18.11.2020;02:00;03:00;-;-;0
18.11.2020;03:00;04:00;-;-;0
18.11.2020;04:00;05:00;-;-;0
18.11.2020;05:00;06:00;-;-;0
18.11.2020;06:00;07:00;-;-;0
18.11.2020;07:00;08:00;-;-;0
18.11.2020;08:00;09:00;-;-;0
18.11.2020;09:00;10:00;-;-;0
18.11.2020;10:00;11:00;-;-;0
18.11.2020;11:00;12:00;-;-;0
18.11.2020;12:00;13:00;-;-;0
18.11.2020;13:00;14:00;-;-;197
18.11.2020;14:00;15:00;-;-;367
18.11.2020;15:00;16:00;-;-;363
18.11.2020;16:00;17:00;-;-;203
18.11.2020;17:00;18:00;-;-;216
18.11.2020;18:00;19:00;-;-;213
18.11.2020;19:00;20:00;-;-;215
18.11.2020;20:00;21:00;-;-;213
18.11.2020;21:00;22:00;-;-;213
18.11.2020;22:00;23:00;-;-;214
18.11.2020;23:00;00:00;-;-;214
19.11.2020;00:00;01:00;-;-;214
19.11.2020;01:00;02:00;-;-;212
19.11.2020;02:00;03:00;-;-;213
19.11.2020;03:00;04:00;-;-;211
19.11.2020;04:00;05:00;-;-;213
19.11.2020;05:00;06:00;-;-;213
19.11.2020;06:00;07:00;-;-;214
19.11.2020;07:00;08:00;-;-;217
19.11.2020;08:00;09:00;-;-;213
19.11.2020;09:00;10:00;-;-;215
19.11.2020;10:00;11:00;-;-;214
19.11.2020;11:00;12:00;-;-;214
19.11.2020;12:00;13:00;-;-;213
19.11.2020;13:00;14:00;-;-;213
19.11.2020;14:00;15:00;-;-;215
19.11.2020;15:00;16:00;-;-;216
19.11.2020;16:00;17:00;-;-;214
19.11.2020;17:00;18:00;-;-;214
19.11.2020;18:00;19:00;-;-;323
19.11.2020;19:00;20:00;-;-;226
19.11.2020;20:00;21:00;-;-;226
19.11.2020;21:00;22:00;-;-;5
19.11.2020;22:00;23:00;-;-;0
19.11.2020;23:00;00:00;-;-;0
20.11.2020;00:00;01:00;-;-;0
20.11.2020;01:00;02:00;-;-;0
20.11.2020;02:00;03:00;-;-;0
20.11.2020;03:00;04:00;-;-;0
20.11.2020;04:00;05:00;-;-;0
20.11.2020;05:00;06:00;-;-;0
20.11.2020;06:00;07:00;-;-;0
20.11.2020;07:00;08:00;-;-;0
20.11.2020;08:00;09:00;-;-;0
20.11.2020;09:00;10:00;-;-;0
20.11.2020;10:00;11:00;-;-;0
20.11.2020;11:00;12:00;-;-;0
20.11.2020;12:00;13:00;-;-;0
20.11.2020;13:00;14:00;-;-;0
20.11.2020;14:00;15:00;-;-;0
20.11.2020;15:00;16:00;-;-;0
20.11.2020;16:00;17:00;-;-;0
20.11.2020;17:00;18:00;-;-;0
20.11.2020;18:00;19:00;-;-;0
20.11.2020;19:00;20:00;-;-;0
20.11.2020;20:00;21:00;-;-;0
20.11.2020;21:00;22:00;-;-;0
20.11.2020;22:00;23:00;-;-;0
20.11.2020;23:00;00:00;-;-;0
21.11.2020;00:00;01:00;-;-;0
21.11.2020;01:00;02:00;-;-;0
21.11.2020;02:00;03:00;-;-;0
21.11.2020;03:00;04:00;-;-;0
21.11.2020;04:00;05:00;-;-;0
21.11.2020;05:00;06:00;-;-;0
21.11.2020;06:00;07:00;-;-;0
21.11.2020;07:00;08:00;-;-;0
21.11.2020;08:00;09:00;-;-;0
21.11.2020;09:00;10:00;-;-;0
21.11.2020;10:00;11:00;-;-;0
21.11.2020;11:00;12:00;-;-;0
21.11.2020;12:00;13:00;-;-;0
21.11.2020;13:00;14:00;-;-;0
21.11.2020;14:00;15:00;-;-;0
21.11.2020;15:00;16:00;-;-;0
21.11.2020;16:00;17:00;-;-;0
21.11.2020;17:00;18:00;-;-;0
21.11.2020;18:00;19:00;-;-;0
21.11.2020;19:00;20:00;-;-;0
21.11.2020;20:00;21:00;-;-;0
21.11.2020;21:00;22:00;-;-;0
21.11.2020;22:00;23:00;-;-;0
21.11.2020;23:00;00:00;-;-;0
22.11.2020;00:00;01:00;-;-;0
22.11.2020;01:00;02:00;-;-;0
22.11.2020;02:00;03:00;-;-;0
22.11.2020;03:00;04:00;-;-;0
22.11.2020;04:00;05:00;-;-;0
22.11.2020;05:00;06:00;-;-;0
22.11.2020;06:00;07:00;-;-;0
22.11.2020;07:00;08:00;-;-;0
22.11.2020;08:00;09:00;-;-;0
22.11.2020;09:00;10:00;-;-;0
22.11.2020;10:00;11:00;-;-;0
22.11.2020;11:00;12:00;-;-;0
22.11.2020;12:00;13:00;-;-;0
22.11.2020;13:00;14:00;-;-;0
22.11.2020;14:00;15:00;-;-;0
22.11.2020;15:00;16:00;-;-;0
22.11.2020;16:00;17:00;-;-;0
22.11.2020;17:00;18:00;-;-;0
22.11.2020;18:00;19:00;-;-;9
22.11.2020;19:00;20:00;-;-;213
22.11.2020;20:00;21:00;-;-;326
22.11.2020;21:00;22:00;-;-;381
22.11.2020;22:00;23:00;-;-;394
22.11.2020;23:00;00:00;-;-;382
23.11.2020;00:00;01:00;-;-;274
23.11.2020;01:00;02:00;-;-;215
23.11.2020;02:00;03:00;-;-;213
23.11.2020;03:00;04:00;-;-;213
23.11.2020;04:00;05:00;-;-;351
23.11.2020;05:00;06:00;-;-;379
23.11.2020;06:00;07:00;-;-;378
23.11.2020;07:00;08:00;-;-;378
23.11.2020;08:00;09:00;-;-;378
23.11.2020;09:00;10:00;-;-;381
23.11.2020;10:00;11:00;-;-;399
23.11.2020;11:00;12:00;-;-;403
23.11.2020;12:00;13:00;-;-;399
23.11.2020;13:00;14:00;-;-;402
23.11.2020;14:00;15:00;-;-;403
23.11.2020;15:00;16:00;-;-;403
23.11.2020;16:00;17:00;-;-;377
23.11.2020;17:00;18:00;-;-;312
23.11.2020;18:00;19:00;-;-;287
23.11.2020;19:00;20:00;-;-;380
23.11.2020;20:00;21:00;-;-;396
23.11.2020;21:00;22:00;-;-;399
23.11.2020;22:00;23:00;-;-;401
23.11.2020;23:00;00:00;-;-;399
24.11.2020;00:00;01:00;-;-;399
24.11.2020;01:00;02:00;-;-;399
24.11.2020;02:00;03:00;-;-;400
24.11.2020;03:00;04:00;-;-;400
24.11.2020;04:00;05:00;-;-;400
24.11.2020;05:00;06:00;-;-;400
24.11.2020;06:00;07:00;-;-;399
24.11.2020;07:00;08:00;-;-;398
24.11.2020;08:00;09:00;-;-;397
24.11.2020;09:00;10:00;-;-;396
24.11.2020;10:00;11:00;-;-;393
24.11.2020;11:00;12:00;-;-;392
24.11.2020;12:00;13:00;-;-;396
24.11.2020;13:00;14:00;-;-;396
24.11.2020;14:00;15:00;-;-;396
24.11.2020;15:00;16:00;-;-;399
24.11.2020;16:00;17:00;-;-;404
24.11.2020;17:00;18:00;-;-;407
24.11.2020;18:00;19:00;-;-;407
24.11.2020;19:00;20:00;-;-;405
24.11.2020;20:00;21:00;-;-;399
24.11.2020;21:00;22:00;-;-;397
24.11.2020;22:00;23:00;-;-;400
24.11.2020;23:00;00:00;-;-;400
25.11.2020;00:00;01:00;-;-;399
25.11.2020;01:00;02:00;-;-;333
25.11.2020;02:00;03:00;-;-;372
25.11.2020;03:00;04:00;-;-;228
25.11.2020;04:00;05:00;-;-;305
25.11.2020;05:00;06:00;-;-;378
25.11.2020;06:00;07:00;-;-;393
25.11.2020;07:00;08:00;-;-;394
25.11.2020;08:00;09:00;-;-;395
25.11.2020;09:00;10:00;-;-;397
25.11.2020;10:00;11:00;-;-;394
25.11.2020;11:00;12:00;-;-;392
25.11.2020;12:00;13:00;-;-;380
25.11.2020;13:00;14:00;-;-;0
25.11.2020;14:00;15:00;-;-;0
25.11.2020;15:00;16:00;-;-;0
25.11.2020;16:00;17:00;-;-;0
25.11.2020;17:00;18:00;-;-;0
25.11.2020;18:00;19:00;-;-;0
25.11.2020;19:00;20:00;-;-;0
25.11.2020;20:00;21:00;-;-;0
25.11.2020;21:00;22:00;-;-;0
25.11.2020;22:00;23:00;-;-;0
25.11.2020;23:00;00:00;-;-;0
26.11.2020;00:00;01:00;-;-;0
26.11.2020;01:00;02:00;-;-;0
26.11.2020;02:00;03:00;-;-;0
26.11.2020;03:00;04:00;-;-;0
26.11.2020;04:00;05:00;-;-;0
26.11.2020;05:00;06:00;-;-;0
26.11.2020;06:00;07:00;-;-;0
26.11.2020;07:00;08:00;-;-;0
26.11.2020;08:00;09:00;-;-;0
26.11.2020;09:00;10:00;-;-;0
26.11.2020;10:00;11:00;-;-;0
26.11.2020;11:00;12:00;-;-;0
26.11.2020;12:00;13:00;-;-;0
26.11.2020;13:00;14:00;-;-;0
26.11.2020;14:00;15:00;-;-;0
26.11.2020;15:00;16:00;-;-;0
26.11.2020;16:00;17:00;-;-;0
26.11.2020;17:00;18:00;-;-;0
26.11.2020;18:00;19:00;-;-;0
26.11.2020;19:00;20:00;-;-;0
26.11.2020;20:00;21:00;-;-;0
26.11.2020;21:00;22:00;-;-;0
26.11.2020;22:00;23:00;-;-;0
26.11.2020;23:00;00:00;-;-;0
27.11.2020;00:00;01:00;-;-;0
27.11.2020;01:00;02:00;-;-;0
27.11.2020;02:00;03:00;-;-;0
27.11.2020;03:00;04:00;-;-;0
27.11.2020;04:00;05:00;-;-;0
27.11.2020;05:00;06:00;-;-;0
27.11.2020;06:00;07:00;-;-;0
27.11.2020;07:00;08:00;-;-;0
27.11.2020;08:00;09:00;-;-;0
27.11.2020;09:00;10:00;-;-;0
27.11.2020;10:00;11:00;-;-;0
27.11.2020;11:00;12:00;-;-;0
27.11.2020;12:00;13:00;-;-;0
27.11.2020;13:00;14:00;-;-;0
27.11.2020;14:00;15:00;-;-;0
27.11.2020;15:00;16:00;-;-;0
27.11.2020;16:00;17:00;-;-;0
27.11.2020;17:00;18:00;-;-;0
27.11.2020;18:00;19:00;-;-;0
27.11.2020;19:00;20:00;-;-;0
27.11.2020;20:00;21:00;-;-;0
27.11.2020;21:00;22:00;-;-;0
27.11.2020;22:00;23:00;-;-;0
27.11.2020;23:00;00:00;-;-;0
28.11.2020;00:00;01:00;-;-;0
28.11.2020;01:00;02:00;-;-;0
28.11.2020;02:00;03:00;-;-;0
28.11.2020;03:00;04:00;-;-;0
28.11.2020;04:00;05:00;-;-;0
28.11.2020;05:00;06:00;-;-;0
28.11.2020;06:00;07:00;-;-;0
28.11.2020;07:00;08:00;-;-;0
28.11.2020;08:00;09:00;-;-;0
28.11.2020;09:00;10:00;-;-;0
28.11.2020;10:00;11:00;-;-;0
28.11.2020;11:00;12:00;-;-;0
28.11.2020;12:00;13:00;-;-;0
28.11.2020;13:00;14:00;-;-;0
28.11.2020;14:00;15:00;-;-;0
28.11.2020;15:00;16:00;-;-;0
28.11.2020;16:00;17:00;-;-;0
28.11.2020;17:00;18:00;-;-;0
28.11.2020;18:00;19:00;-;-;0
28.11.2020;19:00;20:00;-;-;0
28.11.2020;20:00;21:00;-;-;0
28.11.2020;21:00;22:00;-;-;0
28.11.2020;22:00;23:00;-;-;0
28.11.2020;23:00;00:00;-;-;0
29.11.2020;00:00;01:00;-;-;0
29.11.2020;01:00;02:00;-;-;0
29.11.2020;02:00;03:00;-;-;0
29.11.2020;03:00;04:00;-;-;0
29.11.2020;04:00;05:00;-;-;0
29.11.2020;05:00;06:00;-;-;0
29.11.2020;06:00;07:00;-;-;0
29.11.2020;07:00;08:00;-;-;0
29.11.2020;08:00;09:00;-;-;0
29.11.2020;09:00;10:00;-;-;0
29.11.2020;10:00;11:00;-;-;0
29.11.2020;11:00;12:00;-;-;0
29.11.2020;12:00;13:00;-;-;0
29.11.2020;13:00;14:00;-;-;0
29.11.2020;14:00;15:00;-;-;0
29.11.2020;15:00;16:00;-;-;0
29.11.2020;16:00;17:00;-;-;0
29.11.2020;17:00;18:00;-;-;0
29.11.2020;18:00;19:00;-;-;0
29.11.2020;19:00;20:00;-;-;0
29.11.2020;20:00;21:00;-;-;0
29.11.2020;21:00;22:00;-;-;0
29.11.2020;22:00;23:00;-;-;0
29.11.2020;23:00;00:00;-;-;0
30.11.2020;00:00;01:00;-;-;0
30.11.2020;01:00;02:00;-;-;0
30.11.2020;02:00;03:00;-;-;0
30.11.2020;03:00;04:00;-;-;0
30.11.2020;04:00;05:00;-;-;160
30.11.2020;05:00;06:00;-;-;293
30.11.2020;06:00;07:00;-;-;305
30.11.2020;07:00;08:00;-;-;369
30.11.2020;08:00;09:00;-;-;376
30.11.2020;09:00;10:00;-;-;371
30.11.2020;10:00;11:00;-;-;371
30.11.2020;11:00;12:00;-;-;373
30.11.2020;12:00;13:00;-;-;371
30.11.2020;13:00;14:00;-;-;368
30.11.2020;14:00;15:00;-;-;369
30.11.2020;15:00;16:00;-;-;368
30.11.2020;16:00;17:00;-;-;367
30.11.2020;17:00;18:00;-;-;366
30.11.2020;18:00;19:00;-;-;369
30.11.2020;19:00;20:00;-;-;367
30.11.2020;20:00;21:00;-;-;366
30.11.2020;21:00;22:00;-;-;367
30.11.2020;22:00;23:00;-;-;367
30.11.2020;23:00;00:00;-;-;367
01.12.2020;00:00;01:00;-;-;324
01.12.2020;01:00;02:00;-;-;225
01.12.2020;02:00;03:00;-;-;234
01.12.2020;03:00;04:00;-;-;235
01.12.2020;04:00;05:00;-;-;288
01.12.2020;05:00;06:00;-;-;369
01.12.2020;06:00;07:00;-;-;367
01.12.2020;07:00;08:00;-;-;367
01.12.2020;08:00;09:00;-;-;370
01.12.2020;09:00;10:00;-;-;370
01.12.2020;10:00;11:00;-;-;371
01.12.2020;11:00;12:00;-;-;368
01.12.2020;12:00;13:00;-;-;369
01.12.2020;13:00;14:00;-;-;374
01.12.2020;14:00;15:00;-;-;370
01.12.2020;15:00;16:00;-;-;370
01.12.2020;16:00;17:00;-;-;369
01.12.2020;17:00;18:00;-;-;369
01.12.2020;18:00;19:00;-;-;372
01.12.2020;19:00;20:00;-;-;370
01.12.2020;20:00;21:00;-;-;371
01.12.2020;21:00;22:00;-;-;368
01.12.2020;22:00;23:00;-;-;368
01.12.2020;23:00;00:00;-;-;368
02.12.2020;00:00;01:00;-;-;368
02.12.2020;01:00;02:00;-;-;368
02.12.2020;02:00;03:00;-;-;368
02.12.2020;03:00;04:00;-;-;368
02.12.2020;04:00;05:00;-;-;368
02.12.2020;05:00;06:00;-;-;369
02.12.2020;06:00;07:00;-;-;368
02.12.2020;07:00;08:00;-;-;370
02.12.2020;08:00;09:00;-;-;370
02.12.2020;09:00;10:00;-;-;369
02.12.2020;10:00;11:00;-;-;367
02.12.2020;11:00;12:00;-;-;368
02.12.2020;12:00;13:00;-;-;374
02.12.2020;13:00;14:00;-;-;289
02.12.2020;14:00;15:00;-;-;0
02.12.2020;15:00;16:00;-;-;0
02.12.2020;16:00;17:00;-;-;0
02.12.2020;17:00;18:00;-;-;0
02.12.2020;18:00;19:00;-;-;0
02.12.2020;19:00;20:00;-;-;0
02.12.2020;20:00;21:00;-;-;0
02.12.2020;21:00;22:00;-;-;0
02.12.2020;22:00;23:00;-;-;0
02.12.2020;23:00;00:00;-;-;0
03.12.2020;00:00;01:00;-;-;0
03.12.2020;01:00;02:00;-;-;0
03.12.2020;02:00;03:00;-;-;0
03.12.2020;03:00;04:00;-;-;0
03.12.2020;04:00;05:00;-;-;0
03.12.2020;05:00;06:00;-;-;0
03.12.2020;06:00;07:00;-;-;0
03.12.2020;07:00;08:00;-;-;0
03.12.2020;08:00;09:00;-;-;0
03.12.2020;09:00;10:00;-;-;0
03.12.2020;10:00;11:00;-;-;0
03.12.2020;11:00;12:00;-;-;0
03.12.2020;12:00;13:00;-;-;0
03.12.2020;13:00;14:00;-;-;0
03.12.2020;14:00;15:00;-;-;0
03.12.2020;15:00;16:00;-;-;0
03.12.2020;16:00;17:00;-;-;0
03.12.2020;17:00;18:00;-;-;0
03.12.2020;18:00;19:00;-;-;0
03.12.2020;19:00;20:00;-;-;0
03.12.2020;20:00;21:00;-;-;0
03.12.2020;21:00;22:00;-;-;0
03.12.2020;22:00;23:00;-;-;0
03.12.2020;23:00;00:00;-;-;0
04.12.2020;00:00;01:00;-;-;0
04.12.2020;01:00;02:00;-;-;0
04.12.2020;02:00;03:00;-;-;0
04.12.2020;03:00;04:00;-;-;0
04.12.2020;04:00;05:00;-;-;0
04.12.2020;05:00;06:00;-;-;0
04.12.2020;06:00;07:00;-;-;0
04.12.2020;07:00;08:00;-;-;0
04.12.2020;08:00;09:00;-;-;0
04.12.2020;09:00;10:00;-;-;0
04.12.2020;10:00;11:00;-;-;0
04.12.2020;11:00;12:00;-;-;0
04.12.2020;12:00;13:00;-;-;0
04.12.2020;13:00;14:00;-;-;0
04.12.2020;14:00;15:00;-;-;0
04.12.2020;15:00;16:00;-;-;0
04.12.2020;16:00;17:00;-;-;0
04.12.2020;17:00;18:00;-;-;0
04.12.2020;18:00;19:00;-;-;0
04.12.2020;19:00;20:00;-;-;0
04.12.2020;20:00;21:00;-;-;0
04.12.2020;21:00;22:00;-;-;0
04.12.2020;22:00;23:00;-;-;0
04.12.2020;23:00;00:00;-;-;0
05.12.2020;00:00;01:00;-;-;0
05.12.2020;01:00;02:00;-;-;0
05.12.2020;02:00;03:00;-;-;0
05.12.2020;03:00;04:00;-;-;0
05.12.2020;04:00;05:00;-;-;0
05.12.2020;05:00;06:00;-;-;0
05.12.2020;06:00;07:00;-;-;0
05.12.2020;07:00;08:00;-;-;0
05.12.2020;08:00;09:00;-;-;0
05.12.2020;09:00;10:00;-;-;0
05.12.2020;10:00;11:00;-;-;0
05.12.2020;11:00;12:00;-;-;0
05.12.2020;12:00;13:00;-;-;0
05.12.2020;13:00;14:00;-;-;0
05.12.2020;14:00;15:00;-;-;0
05.12.2020;15:00;16:00;-;-;0
05.12.2020;16:00;17:00;-;-;0
05.12.2020;17:00;18:00;-;-;0
05.12.2020;18:00;19:00;-;-;0
05.12.2020;19:00;20:00;-;-;0
05.12.2020;20:00;21:00;-;-;0
05.12.2020;21:00;22:00;-;-;0
05.12.2020;22:00;23:00;-;-;0
05.12.2020;23:00;00:00;-;-;0
06.12.2020;00:00;01:00;-;-;0
06.12.2020;01:00;02:00;-;-;0
06.12.2020;02:00;03:00;-;-;0
06.12.2020;03:00;04:00;-;-;0
06.12.2020;04:00;05:00;-;-;0
06.12.2020;05:00;06:00;-;-;0
06.12.2020;06:00;07:00;-;-;0
06.12.2020;07:00;08:00;-;-;0
06.12.2020;08:00;09:00;-;-;0
06.12.2020;09:00;10:00;-;-;0
06.12.2020;10:00;11:00;-;-;0
06.12.2020;11:00;12:00;-;-;0
06.12.2020;12:00;13:00;-;-;0
06.12.2020;13:00;14:00;-;-;0
06.12.2020;14:00;15:00;-;-;0
06.12.2020;15:00;16:00;-;-;0
06.12.2020;16:00;17:00;-;-;0
06.12.2020;17:00;18:00;-;-;0
06.12.2020;18:00;19:00;-;-;0
06.12.2020;19:00;20:00;-;-;0
06.12.2020;20:00;21:00;-;-;0
06.12.2020;21:00;22:00;-;-;0
06.12.2020;22:00;23:00;-;-;0
06.12.2020;23:00;00:00;-;-;0
07.12.2020;00:00;01:00;-;-;0
07.12.2020;01:00;02:00;-;-;0
07.12.2020;02:00;03:00;-;-;0
07.12.2020;03:00;04:00;-;-;0
07.12.2020;04:00;05:00;-;-;0
07.12.2020;05:00;06:00;-;-;150
07.12.2020;06:00;07:00;-;-;250
07.12.2020;07:00;08:00;-;-;313
07.12.2020;08:00;09:00;-;-;319
07.12.2020;09:00;10:00;-;-;355
07.12.2020;10:00;11:00;-;-;386
07.12.2020;11:00;12:00;-;-;399
07.12.2020;12:00;13:00;-;-;396
07.12.2020;13:00;14:00;-;-;393
07.12.2020;14:00;15:00;-;-;396
07.12.2020;15:00;16:00;-;-;396
07.12.2020;16:00;17:00;-;-;397
07.12.2020;17:00;18:00;-;-;391
07.12.2020;18:00;19:00;-;-;393
07.12.2020;19:00;20:00;-;-;396
07.12.2020;20:00;21:00;-;-;396
07.12.2020;21:00;22:00;-;-;291
07.12.2020;22:00;23:00;-;-;210
07.12.2020;23:00;00:00;-;-;218
08.12.2020;00:00;01:00;-;-;214
08.12.2020;01:00;02:00;-;-;213
08.12.2020;02:00;03:00;-;-;214
08.12.2020;03:00;04:00;-;-;213
08.12.2020;04:00;05:00;-;-;213
08.12.2020;05:00;06:00;-;-;213
08.12.2020;06:00;07:00;-;-;210
08.12.2020;07:00;08:00;-;-;297
08.12.2020;08:00;09:00;-;-;390
08.12.2020;09:00;10:00;-;-;390
08.12.2020;10:00;11:00;-;-;399
08.12.2020;11:00;12:00;-;-;404
08.12.2020;12:00;13:00;-;-;396
08.12.2020;13:00;14:00;-;-;394
08.12.2020;14:00;15:00;-;-;397
08.12.2020;15:00;16:00;-;-;401
08.12.2020;16:00;17:00;-;-;652
08.12.2020;17:00;18:00;-;-;730
08.12.2020;18:00;19:00;-;-;727
08.12.2020;19:00;20:00;-;-;730
08.12.2020;20:00;21:00;-;-;687
08.12.2020;21:00;22:00;-;-;600
08.12.2020;22:00;23:00;-;-;304
08.12.2020;23:00;00:00;-;-;189
09.12.2020;00:00;01:00;-;-;182
09.12.2020;01:00;02:00;-;-;184
09.12.2020;02:00;03:00;-;-;185
09.12.2020;03:00;04:00;-;-;186
09.12.2020;04:00;05:00;-;-;215
09.12.2020;05:00;06:00;-;-;405
09.12.2020;06:00;07:00;-;-;669
09.12.2020;07:00;08:00;-;-;733
09.12.2020;08:00;09:00;-;-;730
09.12.2020;09:00;10:00;-;-;718
09.12.2020;10:00;11:00;-;-;714
09.12.2020;11:00;12:00;-;-;719
09.12.2020;12:00;13:00;-;-;721
09.12.2020;13:00;14:00;-;-;716
09.12.2020;14:00;15:00;-;-;712
09.12.2020;15:00;16:00;-;-;706
09.12.2020;16:00;17:00;-;-;709
09.12.2020;17:00;18:00;-;-;719
09.12.2020;18:00;19:00;-;-;727
09.12.2020;19:00;20:00;-;-;723
09.12.2020;20:00;21:00;-;-;448
09.12.2020;21:00;22:00;-;-;45
09.12.2020;22:00;23:00;-;-;0
09.12.2020;23:00;00:00;-;-;0
10.12.2020;00:00;01:00;-;-;0
10.12.2020;01:00;02:00;-;-;0
10.12.2020;02:00;03:00;-;-;0
10.12.2020;03:00;04:00;-;-;0
10.12.2020;04:00;05:00;-;-;0
10.12.2020;05:00;06:00;-;-;0
10.12.2020;06:00;07:00;-;-;0
10.12.2020;07:00;08:00;-;-;0
10.12.2020;08:00;09:00;-;-;0
10.12.2020;09:00;10:00;-;-;0
10.12.2020;10:00;11:00;-;-;0
10.12.2020;11:00;12:00;-;-;0
10.12.2020;12:00;13:00;-;-;0
10.12.2020;13:00;14:00;-;-;0
10.12.2020;14:00;15:00;-;-;0
10.12.2020;15:00;16:00;-;-;0
10.12.2020;16:00;17:00;-;-;0
10.12.2020;17:00;18:00;-;-;0
10.12.2020;18:00;19:00;-;-;0
10.12.2020;19:00;20:00;-;-;0
10.12.2020;20:00;21:00;-;-;0
10.12.2020;21:00;22:00;-;-;0
10.12.2020;22:00;23:00;-;-;0
10.12.2020;23:00;00:00;-;-;0
11.12.2020;00:00;01:00;-;-;0
11.12.2020;01:00;02:00;-;-;0
11.12.2020;02:00;03:00;-;-;0
11.12.2020;03:00;04:00;-;-;0
11.12.2020;04:00;05:00;-;-;0
11.12.2020;05:00;06:00;-;-;0
11.12.2020;06:00;07:00;-;-;0
11.12.2020;07:00;08:00;-;-;0
11.12.2020;08:00;09:00;-;-;0
11.12.2020;09:00;10:00;-;-;0
11.12.2020;10:00;11:00;-;-;0
11.12.2020;11:00;12:00;-;-;0
11.12.2020;12:00;13:00;-;-;0
11.12.2020;13:00;14:00;-;-;0
11.12.2020;14:00;15:00;-;-;0
11.12.2020;15:00;16:00;-;-;0
11.12.2020;16:00;17:00;-;-;0
11.12.2020;17:00;18:00;-;-;0
11.12.2020;18:00;19:00;-;-;0
11.12.2020;19:00;20:00;-;-;0
11.12.2020;20:00;21:00;-;-;0
11.12.2020;21:00;22:00;-;-;0
11.12.2020;22:00;23:00;-;-;0
11.12.2020;23:00;00:00;-;-;139
12.12.2020;00:00;01:00;-;-;358
12.12.2020;01:00;02:00;-;-;363
12.12.2020;02:00;03:00;-;-;397
12.12.2020;03:00;04:00;-;-;410
12.12.2020;04:00;05:00;-;-;410
12.12.2020;05:00;06:00;-;-;411
12.12.2020;06:00;07:00;-;-;409
12.12.2020;07:00;08:00;-;-;327
12.12.2020;08:00;09:00;-;-;320
12.12.2020;09:00;10:00;-;-;225
12.12.2020;10:00;11:00;-;-;212
12.12.2020;11:00;12:00;-;-;213
12.12.2020;12:00;13:00;-;-;214
12.12.2020;13:00;14:00;-;-;215
12.12.2020;14:00;15:00;-;-;217
12.12.2020;15:00;16:00;-;-;223
12.12.2020;16:00;17:00;-;-;221
12.12.2020;17:00;18:00;-;-;209
12.12.2020;18:00;19:00;-;-;210
12.12.2020;19:00;20:00;-;-;213
12.12.2020;20:00;21:00;-;-;210
12.12.2020;21:00;22:00;-;-;210
12.12.2020;22:00;23:00;-;-;216
12.12.2020;23:00;00:00;-;-;232
13.12.2020;00:00;01:00;-;-;2
13.12.2020;01:00;02:00;-;-;0
13.12.2020;02:00;03:00;-;-;0
13.12.2020;03:00;04:00;-;-;0
13.12.2020;04:00;05:00;-;-;0
13.12.2020;05:00;06:00;-;-;0
13.12.2020;06:00;07:00;-;-;0
13.12.2020;07:00;08:00;-;-;0
13.12.2020;08:00;09:00;-;-;0
13.12.2020;09:00;10:00;-;-;0
13.12.2020;10:00;11:00;-;-;0
13.12.2020;11:00;12:00;-;-;0
13.12.2020;12:00;13:00;-;-;0
13.12.2020;13:00;14:00;-;-;0
13.12.2020;14:00;15:00;-;-;0
13.12.2020;15:00;16:00;-;-;0
13.12.2020;16:00;17:00;-;-;0
13.12.2020;17:00;18:00;-;-;0
13.12.2020;18:00;19:00;-;-;0
13.12.2020;19:00;20:00;-;-;105
13.12.2020;20:00;21:00;-;-;295
13.12.2020;21:00;22:00;-;-;337
13.12.2020;22:00;23:00;-;-;427
13.12.2020;23:00;00:00;-;-;591
14.12.2020;00:00;01:00;-;-;446
14.12.2020;01:00;02:00;-;-;321
14.12.2020;02:00;03:00;-;-;278
14.12.2020;03:00;04:00;-;-;201
14.12.2020;04:00;05:00;-;-;214
14.12.2020;05:00;06:00;-;-;439
14.12.2020;06:00;07:00;-;-;584
14.12.2020;07:00;08:00;-;-;703
14.12.2020;08:00;09:00;-;-;613
14.12.2020;09:00;10:00;-;-;505
14.12.2020;10:00;11:00;-;-;379
14.12.2020;11:00;12:00;-;-;319
14.12.2020;12:00;13:00;-;-;325
14.12.2020;13:00;14:00;-;-;396
14.12.2020;14:00;15:00;-;-;347
14.12.2020;15:00;16:00;-;-;703
14.12.2020;16:00;17:00;-;-;730
14.12.2020;17:00;18:00;-;-;727
14.12.2020;18:00;19:00;-;-;603
14.12.2020;19:00;20:00;-;-;523
14.12.2020;20:00;21:00;-;-;426
14.12.2020;21:00;22:00;-;-;570
14.12.2020;22:00;23:00;-;-;580
14.12.2020;23:00;00:00;-;-;471
15.12.2020;00:00;01:00;-;-;293
15.12.2020;01:00;02:00;-;-;300
15.12.2020;02:00;03:00;-;-;208
15.12.2020;03:00;04:00;-;-;213
15.12.2020;04:00;05:00;-;-;185
15.12.2020;05:00;06:00;-;-;182
15.12.2020;06:00;07:00;-;-;229
15.12.2020;07:00;08:00;-;-;560
15.12.2020;08:00;09:00;-;-;735
15.12.2020;09:00;10:00;-;-;731
15.12.2020;10:00;11:00;-;-;728
15.12.2020;11:00;12:00;-;-;728
15.12.2020;12:00;13:00;-;-;730
15.12.2020;13:00;14:00;-;-;723
15.12.2020;14:00;15:00;-;-;725
15.12.2020;15:00;16:00;-;-;721
15.12.2020;16:00;17:00;-;-;728
15.12.2020;17:00;18:00;-;-;731
15.12.2020;18:00;19:00;-;-;731
15.12.2020;19:00;20:00;-;-;730
15.12.2020;20:00;21:00;-;-;689
15.12.2020;21:00;22:00;-;-;381
15.12.2020;22:00;23:00;-;-;213
15.12.2020;23:00;00:00;-;-;182
16.12.2020;00:00;01:00;-;-;185
16.12.2020;01:00;02:00;-;-;187
16.12.2020;02:00;03:00;-;-;187
16.12.2020;03:00;04:00;-;-;187
16.12.2020;04:00;05:00;-;-;186
16.12.2020;05:00;06:00;-;-;185
16.12.2020;06:00;07:00;-;-;272
16.12.2020;07:00;08:00;-;-;488
16.12.2020;08:00;09:00;-;-;724
16.12.2020;09:00;10:00;-;-;742
16.12.2020;10:00;11:00;-;-;742
16.12.2020;11:00;12:00;-;-;732
16.12.2020;12:00;13:00;-;-;728
16.12.2020;13:00;14:00;-;-;734
16.12.2020;14:00;15:00;-;-;736
16.12.2020;15:00;16:00;-;-;732
16.12.2020;16:00;17:00;-;-;734
16.12.2020;17:00;18:00;-;-;733
16.12.2020;18:00;19:00;-;-;716
16.12.2020;19:00;20:00;-;-;295
16.12.2020;20:00;21:00;-;-;182
16.12.2020;21:00;22:00;-;-;184
16.12.2020;22:00;23:00;-;-;185
16.12.2020;23:00;00:00;-;-;185
17.12.2020;00:00;01:00;-;-;186
17.12.2020;01:00;02:00;-;-;186
17.12.2020;02:00;03:00;-;-;187
17.12.2020;03:00;04:00;-;-;186
17.12.2020;04:00;05:00;-;-;186
17.12.2020;05:00;06:00;-;-;186
17.12.2020;06:00;07:00;-;-;276
17.12.2020;07:00;08:00;-;-;546
17.12.2020;08:00;09:00;-;-;735
17.12.2020;09:00;10:00;-;-;737
17.12.2020;10:00;11:00;-;-;729
17.12.2020;11:00;12:00;-;-;723
17.12.2020;12:00;13:00;-;-;722
17.12.2020;13:00;14:00;-;-;729
17.12.2020;14:00;15:00;-;-;731
17.12.2020;15:00;16:00;-;-;637
17.12.2020;16:00;17:00;-;-;395
17.12.2020;17:00;18:00;-;-;13
17.12.2020;18:00;19:00;-;-;0
17.12.2020;19:00;20:00;-;-;0
17.12.2020;20:00;21:00;-;-;0
17.12.2020;21:00;22:00;-;-;0
17.12.2020;22:00;23:00;-;-;0
17.12.2020;23:00;00:00;-;-;0
18.12.2020;00:00;01:00;-;-;0
18.12.2020;01:00;02:00;-;-;0
18.12.2020;02:00;03:00;-;-;0
18.12.2020;03:00;04:00;-;-;0
18.12.2020;04:00;05:00;-;-;0
18.12.2020;05:00;06:00;-;-;0
18.12.2020;06:00;07:00;-;-;0
18.12.2020;07:00;08:00;-;-;0
18.12.2020;08:00;09:00;-;-;0
18.12.2020;09:00;10:00;-;-;0
18.12.2020;10:00;11:00;-;-;0
18.12.2020;11:00;12:00;-;-;0
18.12.2020;12:00;13:00;-;-;0
18.12.2020;13:00;14:00;-;-;0
18.12.2020;14:00;15:00;-;-;0
18.12.2020;15:00;16:00;-;-;0
18.12.2020;16:00;17:00;-;-;0
18.12.2020;17:00;18:00;-;-;0
18.12.2020;18:00;19:00;-;-;0
18.12.2020;19:00;20:00;-;-;0
18.12.2020;20:00;21:00;-;-;0
18.12.2020;21:00;22:00;-;-;0
18.12.2020;22:00;23:00;-;-;0
18.12.2020;23:00;00:00;-;-;0
19.12.2020;00:00;01:00;-;-;0
19.12.2020;01:00;02:00;-;-;0
19.12.2020;02:00;03:00;-;-;0
19.12.2020;03:00;04:00;-;-;0
19.12.2020;04:00;05:00;-;-;0
19.12.2020;05:00;06:00;-;-;0
19.12.2020;06:00;07:00;-;-;0
19.12.2020;07:00;08:00;-;-;0
19.12.2020;08:00;09:00;-;-;0
19.12.2020;09:00;10:00;-;-;0
19.12.2020;10:00;11:00;-;-;0
19.12.2020;11:00;12:00;-;-;0
19.12.2020;12:00;13:00;-;-;0
19.12.2020;13:00;14:00;-;-;207
19.12.2020;14:00;15:00;-;-;321
19.12.2020;15:00;16:00;-;-;314
19.12.2020;16:00;17:00;-;-;320
19.12.2020;17:00;18:00;-;-;320
19.12.2020;18:00;19:00;-;-;372
19.12.2020;19:00;20:00;-;-;478
19.12.2020;20:00;21:00;-;-;572
19.12.2020;21:00;22:00;-;-;388
19.12.2020;22:00;23:00;-;-;224
19.12.2020;23:00;00:00;-;-;170
20.12.2020;00:00;01:00;-;-;0
20.12.2020;01:00;02:00;-;-;0
20.12.2020;02:00;03:00;-;-;0
20.12.2020;03:00;04:00;-;-;0
20.12.2020;04:00;05:00;-;-;0
20.12.2020;05:00;06:00;-;-;0
20.12.2020;06:00;07:00;-;-;0
20.12.2020;07:00;08:00;-;-;0
20.12.2020;08:00;09:00;-;-;0
20.12.2020;09:00;10:00;-;-;0
20.12.2020;10:00;11:00;-;-;0
20.12.2020;11:00;12:00;-;-;0
20.12.2020;12:00;13:00;-;-;0
20.12.2020;13:00;14:00;-;-;0
20.12.2020;14:00;15:00;-;-;0
20.12.2020;15:00;16:00;-;-;0
20.12.2020;16:00;17:00;-;-;0
20.12.2020;17:00;18:00;-;-;0
20.12.2020;18:00;19:00;-;-;0
20.12.2020;19:00;20:00;-;-;0
20.12.2020;20:00;21:00;-;-;0
20.12.2020;21:00;22:00;-;-;0
20.12.2020;22:00;23:00;-;-;0
20.12.2020;23:00;00:00;-;-;0
21.12.2020;00:00;01:00;-;-;0
21.12.2020;01:00;02:00;-;-;0
21.12.2020;02:00;03:00;-;-;0
21.12.2020;03:00;04:00;-;-;0
21.12.2020;04:00;05:00;-;-;0
21.12.2020;05:00;06:00;-;-;0
21.12.2020;06:00;07:00;-;-;0
21.12.2020;07:00;08:00;-;-;0
21.12.2020;08:00;09:00;-;-;0
21.12.2020;09:00;10:00;-;-;0
21.12.2020;10:00;11:00;-;-;0
21.12.2020;11:00;12:00;-;-;0
21.12.2020;12:00;13:00;-;-;0
21.12.2020;13:00;14:00;-;-;0
21.12.2020;14:00;15:00;-;-;0
21.12.2020;15:00;16:00;-;-;0
21.12.2020;16:00;17:00;-;-;0
21.12.2020;17:00;18:00;-;-;0
21.12.2020;18:00;19:00;-;-;0
21.12.2020;19:00;20:00;-;-;0
21.12.2020;20:00;21:00;-;-;0
21.12.2020;21:00;22:00;-;-;0
21.12.2020;22:00;23:00;-;-;0
21.12.2020;23:00;00:00;-;-;0
22.12.2020;00:00;01:00;-;-;0
22.12.2020;01:00;02:00;-;-;0
22.12.2020;02:00;03:00;-;-;0
22.12.2020;03:00;04:00;-;-;0
22.12.2020;04:00;05:00;-;-;0
22.12.2020;05:00;06:00;-;-;0
22.12.2020;06:00;07:00;-;-;0
22.12.2020;07:00;08:00;-;-;0
22.12.2020;08:00;09:00;-;-;0
22.12.2020;09:00;10:00;-;-;0
22.12.2020;10:00;11:00;-;-;0
22.12.2020;11:00;12:00;-;-;0
22.12.2020;12:00;13:00;-;-;0
22.12.2020;13:00;14:00;-;-;0
22.12.2020;14:00;15:00;-;-;0
22.12.2020;15:00;16:00;-;-;0
22.12.2020;16:00;17:00;-;-;0
22.12.2020;17:00;18:00;-;-;0
22.12.2020;18:00;19:00;-;-;0
22.12.2020;19:00;20:00;-;-;0
22.12.2020;20:00;21:00;-;-;0
22.12.2020;21:00;22:00;-;-;0
22.12.2020;22:00;23:00;-;-;0
22.12.2020;23:00;00:00;-;-;0
23.12.2020;00:00;01:00;-;-;0
23.12.2020;01:00;02:00;-;-;0
23.12.2020;02:00;03:00;-;-;0
23.12.2020;03:00;04:00;-;-;0
23.12.2020;04:00;05:00;-;-;0
23.12.2020;05:00;06:00;-;-;0
23.12.2020;06:00;07:00;-;-;0
23.12.2020;07:00;08:00;-;-;0
23.12.2020;08:00;09:00;-;-;0
23.12.2020;09:00;10:00;-;-;0
23.12.2020;10:00;11:00;-;-;0
23.12.2020;11:00;12:00;-;-;0
23.12.2020;12:00;13:00;-;-;0
23.12.2020;13:00;14:00;-;-;0
23.12.2020;14:00;15:00;-;-;0
23.12.2020;15:00;16:00;-;-;0
23.12.2020;16:00;17:00;-;-;0
23.12.2020;17:00;18:00;-;-;0
23.12.2020;18:00;19:00;-;-;0
23.12.2020;19:00;20:00;-;-;0
23.12.2020;20:00;21:00;-;-;0
23.12.2020;21:00;22:00;-;-;0
23.12.2020;22:00;23:00;-;-;0
23.12.2020;23:00;00:00;-;-;0
24.12.2020;00:00;01:00;-;-;0
24.12.2020;01:00;02:00;-;-;0
24.12.2020;02:00;03:00;-;-;0
24.12.2020;03:00;04:00;-;-;0
24.12.2020;04:00;05:00;-;-;0
24.12.2020;05:00;06:00;-;-;0
24.12.2020;06:00;07:00;-;-;0
24.12.2020;07:00;08:00;-;-;0
24.12.2020;08:00;09:00;-;-;0
24.12.2020;09:00;10:00;-;-;0
24.12.2020;10:00;11:00;-;-;0
24.12.2020;11:00;12:00;-;-;0
24.12.2020;12:00;13:00;-;-;0
24.12.2020;13:00;14:00;-;-;0
24.12.2020;14:00;15:00;-;-;0
24.12.2020;15:00;16:00;-;-;0
24.12.2020;16:00;17:00;-;-;0
24.12.2020;17:00;18:00;-;-;0
24.12.2020;18:00;19:00;-;-;0
24.12.2020;19:00;20:00;-;-;0
24.12.2020;20:00;21:00;-;-;0
24.12.2020;21:00;22:00;-;-;0
24.12.2020;22:00;23:00;-;-;0
24.12.2020;23:00;00:00;-;-;0
25.12.2020;00:00;01:00;-;-;0
25.12.2020;01:00;02:00;-;-;0
25.12.2020;02:00;03:00;-;-;0
25.12.2020;03:00;04:00;-;-;0
25.12.2020;04:00;05:00;-;-;0
25.12.2020;05:00;06:00;-;-;0
25.12.2020;06:00;07:00;-;-;0
25.12.2020;07:00;08:00;-;-;0
25.12.2020;08:00;09:00;-;-;0
25.12.2020;09:00;10:00;-;-;0
25.12.2020;10:00;11:00;-;-;0
25.12.2020;11:00;12:00;-;-;0
25.12.2020;12:00;13:00;-;-;0
25.12.2020;13:00;14:00;-;-;0
25.12.2020;14:00;15:00;-;-;0
25.12.2020;15:00;16:00;-;-;0
25.12.2020;16:00;17:00;-;-;0
25.12.2020;17:00;18:00;-;-;0
25.12.2020;18:00;19:00;-;-;0
25.12.2020;19:00;20:00;-;-;0
25.12.2020;20:00;21:00;-;-;0
25.12.2020;21:00;22:00;-;-;0
25.12.2020;22:00;23:00;-;-;0
25.12.2020;23:00;00:00;-;-;0
26.12.2020;00:00;01:00;-;-;0
26.12.2020;01:00;02:00;-;-;0
26.12.2020;02:00;03:00;-;-;0
26.12.2020;03:00;04:00;-;-;0
26.12.2020;04:00;05:00;-;-;0
26.12.2020;05:00;06:00;-;-;0
26.12.2020;06:00;07:00;-;-;0
26.12.2020;07:00;08:00;-;-;0
26.12.2020;08:00;09:00;-;-;0
26.12.2020;09:00;10:00;-;-;0
26.12.2020;10:00;11:00;-;-;0
26.12.2020;11:00;12:00;-;-;0
26.12.2020;12:00;13:00;-;-;0
26.12.2020;13:00;14:00;-;-;0
26.12.2020;14:00;15:00;-;-;0
26.12.2020;15:00;16:00;-;-;0
26.12.2020;16:00;17:00;-;-;0
26.12.2020;17:00;18:00;-;-;0
26.12.2020;18:00;19:00;-;-;0
26.12.2020;19:00;20:00;-;-;0
26.12.2020;20:00;21:00;-;-;0
26.12.2020;21:00;22:00;-;-;0
26.12.2020;22:00;23:00;-;-;0
26.12.2020;23:00;00:00;-;-;0
27.12.2020;00:00;01:00;-;-;0
27.12.2020;01:00;02:00;-;-;0
27.12.2020;02:00;03:00;-;-;0
27.12.2020;03:00;04:00;-;-;0
27.12.2020;04:00;05:00;-;-;0
27.12.2020;05:00;06:00;-;-;0
27.12.2020;06:00;07:00;-;-;0
27.12.2020;07:00;08:00;-;-;0
27.12.2020;08:00;09:00;-;-;0
27.12.2020;09:00;10:00;-;-;0
27.12.2020;10:00;11:00;-;-;0
27.12.2020;11:00;12:00;-;-;0
27.12.2020;12:00;13:00;-;-;0
27.12.2020;13:00;14:00;-;-;0
27.12.2020;14:00;15:00;-;-;0
27.12.2020;15:00;16:00;-;-;0
27.12.2020;16:00;17:00;-;-;0
27.12.2020;17:00;18:00;-;-;0
27.12.2020;18:00;19:00;-;-;0
27.12.2020;19:00;20:00;-;-;0
27.12.2020;20:00;21:00;-;-;0
27.12.2020;21:00;22:00;-;-;0
27.12.2020;22:00;23:00;-;-;0
27.12.2020;23:00;00:00;-;-;0
28.12.2020;00:00;01:00;-;-;0
28.12.2020;01:00;02:00;-;-;0
28.12.2020;02:00;03:00;-;-;0
28.12.2020;03:00;04:00;-;-;0
28.12.2020;04:00;05:00;-;-;0
28.12.2020;05:00;06:00;-;-;0
28.12.2020;06:00;07:00;-;-;0
28.12.2020;07:00;08:00;-;-;0
28.12.2020;08:00;09:00;-;-;0
28.12.2020;09:00;10:00;-;-;0
28.12.2020;10:00;11:00;-;-;0
28.12.2020;11:00;12:00;-;-;0
28.12.2020;12:00;13:00;-;-;0
28.12.2020;13:00;14:00;-;-;0
28.12.2020;14:00;15:00;-;-;0
28.12.2020;15:00;16:00;-;-;0
28.12.2020;16:00;17:00;-;-;0
28.12.2020;17:00;18:00;-;-;0
28.12.2020;18:00;19:00;-;-;0
28.12.2020;19:00;20:00;-;-;0
28.12.2020;20:00;21:00;-;-;0
28.12.2020;21:00;22:00;-;-;0
28.12.2020;22:00;23:00;-;-;0
28.12.2020;23:00;00:00;-;-;0
29.12.2020;00:00;01:00;-;-;0
29.12.2020;01:00;02:00;-;-;0
29.12.2020;02:00;03:00;-;-;0
29.12.2020;03:00;04:00;-;-;0
29.12.2020;04:00;05:00;-;-;0
29.12.2020;05:00;06:00;-;-;0
29.12.2020;06:00;07:00;-;-;0
29.12.2020;07:00;08:00;-;-;0
29.12.2020;08:00;09:00;-;-;0
29.12.2020;09:00;10:00;-;-;0
29.12.2020;10:00;11:00;-;-;0
29.12.2020;11:00;12:00;-;-;0
29.12.2020;12:00;13:00;-;-;0
29.12.2020;13:00;14:00;-;-;0
29.12.2020;14:00;15:00;-;-;0
29.12.2020;15:00;16:00;-;-;0
29.12.2020;16:00;17:00;-;-;0
29.12.2020;17:00;18:00;-;-;0
29.12.2020;18:00;19:00;-;-;0
29.12.2020;19:00;20:00;-;-;0
29.12.2020;20:00;21:00;-;-;0
29.12.2020;21:00;22:00;-;-;0
29.12.2020;22:00;23:00;-;-;0
29.12.2020;23:00;00:00;-;-;0
30.12.2020;00:00;01:00;-;-;0
30.12.2020;01:00;02:00;-;-;0
30.12.2020;02:00;03:00;-;-;0
30.12.2020;03:00;04:00;-;-;0
30.12.2020;04:00;05:00;-;-;0
30.12.2020;05:00;06:00;-;-;0
30.12.2020;06:00;07:00;-;-;0
30.12.2020;07:00;08:00;-;-;0
30.12.2020;08:00;09:00;-;-;0
30.12.2020;09:00;10:00;-;-;0
30.12.2020;10:00;11:00;-;-;0
30.12.2020;11:00;12:00;-;-;0
30.12.2020;12:00;13:00;-;-;0
30.12.2020;13:00;14:00;-;-;0
30.12.2020;14:00;15:00;-;-;0
30.12.2020;15:00;16:00;-;-;0
30.12.2020;16:00;17:00;-;-;0
30.12.2020;17:00;18:00;-;-;0
30.12.2020;18:00;19:00;-;-;0
30.12.2020;19:00;20:00;-;-;0
30.12.2020;20:00;21:00;-;-;0
30.12.2020;21:00;22:00;-;-;0
30.12.2020;22:00;23:00;-;-;0
30.12.2020;23:00;00:00;-;-;0
31.12.2020;00:00;01:00;-;-;0
31.12.2020;01:00;02:00;-;-;0
31.12.2020;02:00;03:00;-;-;0
31.12.2020;03:00;04:00;-;-;0
31.12.2020;04:00;05:00;-;-;0
31.12.2020;05:00;06:00;-;-;0
31.12.2020;06:00;07:00;-;-;0
31.12.2020;07:00;08:00;-;-;0
31.12.2020;08:00;09:00;-;-;0
31.12.2020;09:00;10:00;-;-;0
31.12.2020;10:00;11:00;-;-;0
31.12.2020;11:00;12:00;-;-;0
31.12.2020;12:00;13:00;-;-;0
31.12.2020;13:00;14:00;-;-;0
31.12.2020;14:00;15:00;-;-;0
31.12.2020;15:00;16:00;-;-;0
31.12.2020;16:00;17:00;-;-;0
31.12.2020;17:00;18:00;-;-;0
31.12.2020;18:00;19:00;-;-;0
31.12.2020;19:00;20:00;-;-;0
31.12.2020;20:00;21:00;-;-;0
31.12.2020;21:00;22:00;-;-;0
31.12.2020;22:00;23:00;-;-;0
31.12.2020;23:00;00:00;-;-;0
