Datum;Anfang;Ende;Generation_DE KKP 2 [MW] Originalauflösungen
Keine Daten für gegebene Anfrage
