Datum;Anfang;Ende;Generation_DE A [MW] Originalauflösungen;Generation_DE Schkopau B [MW] Originalauflösungen
01.01.2019;00:00;01:00;64;233
01.01.2019;01:00;02:00;0;218
01.01.2019;02:00;03:00;0;219
01.01.2019;03:00;04:00;0;223
01.01.2019;04:00;05:00;0;222
01.01.2019;05:00;06:00;0;220
01.01.2019;06:00;07:00;0;221
01.01.2019;07:00;08:00;0;218
01.01.2019;08:00;09:00;0;222
01.01.2019;09:00;10:00;0;222
01.01.2019;10:00;11:00;0;224
01.01.2019;11:00;12:00;0;220
01.01.2019;12:00;13:00;0;224
01.01.2019;13:00;14:00;0;224
01.01.2019;14:00;15:00;0;222
01.01.2019;15:00;16:00;0;226
01.01.2019;16:00;17:00;0;223
01.01.2019;17:00;18:00;0;230
01.01.2019;18:00;19:00;0;217
01.01.2019;19:00;20:00;0;214
01.01.2019;20:00;21:00;0;215
01.01.2019;21:00;22:00;0;213
01.01.2019;22:00;23:00;0;213
01.01.2019;23:00;00:00;0;213
02.01.2019;00:00;01:00;0;212
02.01.2019;01:00;02:00;0;212
02.01.2019;02:00;03:00;0;213
02.01.2019;03:00;04:00;0;212
02.01.2019;04:00;05:00;0;213
02.01.2019;05:00;06:00;0;213
02.01.2019;06:00;07:00;0;213
02.01.2019;07:00;08:00;0;212
02.01.2019;08:00;09:00;0;214
02.01.2019;09:00;10:00;0;214
02.01.2019;10:00;11:00;0;206
02.01.2019;11:00;12:00;0;180
02.01.2019;12:00;13:00;0;170
02.01.2019;13:00;14:00;0;167
02.01.2019;14:00;15:00;0;166
02.01.2019;15:00;16:00;0;168
02.01.2019;16:00;17:00;0;170
02.01.2019;17:00;18:00;0;161
02.01.2019;18:00;19:00;0;164
02.01.2019;19:00;20:00;0;168
02.01.2019;20:00;21:00;0;174
02.01.2019;21:00;22:00;0;209
02.01.2019;22:00;23:00;0;219
02.01.2019;23:00;00:00;0;214
03.01.2019;00:00;01:00;188;223
03.01.2019;01:00;02:00;276;289
03.01.2019;02:00;03:00;373;316
03.01.2019;03:00;04:00;387;327
03.01.2019;04:00;05:00;388;327
03.01.2019;05:00;06:00;388;330
03.01.2019;06:00;07:00;385;318
03.01.2019;07:00;08:00;328;273
03.01.2019;08:00;09:00;251;184
03.01.2019;09:00;10:00;337;283
03.01.2019;10:00;11:00;391;326
03.01.2019;11:00;12:00;393;325
03.01.2019;12:00;13:00;393;326
03.01.2019;13:00;14:00;394;329
03.01.2019;14:00;15:00;393;327
03.01.2019;15:00;16:00;393;328
03.01.2019;16:00;17:00;392;326
03.01.2019;17:00;18:00;394;325
03.01.2019;18:00;19:00;393;324
03.01.2019;19:00;20:00;393;326
03.01.2019;20:00;21:00;393;325
03.01.2019;21:00;22:00;392;325
03.01.2019;22:00;23:00;394;324
03.01.2019;23:00;00:00;393;324
04.01.2019;00:00;01:00;393;325
04.01.2019;01:00;02:00;392;324
04.01.2019;02:00;03:00;392;326
04.01.2019;03:00;04:00;393;326
04.01.2019;04:00;05:00;394;326
04.01.2019;05:00;06:00;394;324
04.01.2019;06:00;07:00;390;325
04.01.2019;07:00;08:00;391;323
04.01.2019;08:00;09:00;392;319
04.01.2019;09:00;10:00;382;314
04.01.2019;10:00;11:00;308;250
04.01.2019;11:00;12:00;307;231
04.01.2019;12:00;13:00;282;203
04.01.2019;13:00;14:00;257;195
04.01.2019;14:00;15:00;223;176
04.01.2019;15:00;16:00;222;179
04.01.2019;16:00;17:00;224;178
04.01.2019;17:00;18:00;223;176
04.01.2019;18:00;19:00;223;180
04.01.2019;19:00;20:00;223;177
04.01.2019;20:00;21:00;224;178
04.01.2019;21:00;22:00;226;179
04.01.2019;22:00;23:00;234;173
04.01.2019;23:00;00:00;0;269
05.01.2019;00:00;01:00;0;158
05.01.2019;01:00;02:00;0;167
05.01.2019;02:00;03:00;0;170
05.01.2019;03:00;04:00;0;162
05.01.2019;04:00;05:00;0;161
05.01.2019;05:00;06:00;0;163
05.01.2019;06:00;07:00;0;159
05.01.2019;07:00;08:00;0;190
05.01.2019;08:00;09:00;192;275
05.01.2019;09:00;10:00;362;305
05.01.2019;10:00;11:00;391;326
05.01.2019;11:00;12:00;393;325
05.01.2019;12:00;13:00;390;323
05.01.2019;13:00;14:00;390;327
05.01.2019;14:00;15:00;389;327
05.01.2019;15:00;16:00;389;328
05.01.2019;16:00;17:00;389;324
05.01.2019;17:00;18:00;389;325
05.01.2019;18:00;19:00;389;325
05.01.2019;19:00;20:00;389;327
05.01.2019;20:00;21:00;389;326
05.01.2019;21:00;22:00;386;330
05.01.2019;22:00;23:00;380;340
05.01.2019;23:00;00:00;379;337
06.01.2019;00:00;01:00;383;331
06.01.2019;01:00;02:00;388;324
06.01.2019;02:00;03:00;389;328
06.01.2019;03:00;04:00;389;330
06.01.2019;04:00;05:00;389;330
06.01.2019;05:00;06:00;389;330
06.01.2019;06:00;07:00;386;329
06.01.2019;07:00;08:00;385;336
06.01.2019;08:00;09:00;383;334
06.01.2019;09:00;10:00;384;330
06.01.2019;10:00;11:00;385;330
06.01.2019;11:00;12:00;385;330
06.01.2019;12:00;13:00;385;331
06.01.2019;13:00;14:00;390;320
06.01.2019;14:00;15:00;395;317
06.01.2019;15:00;16:00;394;320
06.01.2019;16:00;17:00;397;325
06.01.2019;17:00;18:00;397;320
06.01.2019;18:00;19:00;398;324
06.01.2019;19:00;20:00;397;321
06.01.2019;20:00;21:00;397;319
06.01.2019;21:00;22:00;396;321
06.01.2019;22:00;23:00;397;322
06.01.2019;23:00;00:00;396;321
07.01.2019;00:00;01:00;396;322
07.01.2019;01:00;02:00;370;348
07.01.2019;02:00;03:00;361;358
07.01.2019;03:00;04:00;360;356
07.01.2019;04:00;05:00;360;357
07.01.2019;05:00;06:00;359;358
07.01.2019;06:00;07:00;369;347
07.01.2019;07:00;08:00;384;329
07.01.2019;08:00;09:00;393;328
07.01.2019;09:00;10:00;388;328
07.01.2019;10:00;11:00;386;329
07.01.2019;11:00;12:00;384;330
07.01.2019;12:00;13:00;389;328
07.01.2019;13:00;14:00;387;332
07.01.2019;14:00;15:00;388;329
07.01.2019;15:00;16:00;388;330
07.01.2019;16:00;17:00;385;326
07.01.2019;17:00;18:00;343;295
07.01.2019;18:00;19:00;336;301
07.01.2019;19:00;20:00;281;269
07.01.2019;20:00;21:00;264;297
07.01.2019;21:00;22:00;197;231
07.01.2019;22:00;23:00;202;38
07.01.2019;23:00;00:00;205;0
08.01.2019;00:00;01:00;213;0
08.01.2019;01:00;02:00;215;0
08.01.2019;02:00;03:00;214;0
08.01.2019;03:00;04:00;212;0
08.01.2019;04:00;05:00;217;0
08.01.2019;05:00;06:00;208;0
08.01.2019;06:00;07:00;219;0
08.01.2019;07:00;08:00;213;0
08.01.2019;08:00;09:00;208;0
08.01.2019;09:00;10:00;206;0
08.01.2019;10:00;11:00;205;0
08.01.2019;11:00;12:00;214;0
08.01.2019;12:00;13:00;210;0
08.01.2019;13:00;14:00;209;0
08.01.2019;14:00;15:00;208;0
08.01.2019;15:00;16:00;208;0
08.01.2019;16:00;17:00;216;0
08.01.2019;17:00;18:00;216;0
08.01.2019;18:00;19:00;217;0
08.01.2019;19:00;20:00;217;0
08.01.2019;20:00;21:00;216;0
08.01.2019;21:00;22:00;216;0
08.01.2019;22:00;23:00;217;0
08.01.2019;23:00;00:00;222;0
09.01.2019;00:00;01:00;213;0
09.01.2019;01:00;02:00;212;0
09.01.2019;02:00;03:00;216;0
09.01.2019;03:00;04:00;243;0
09.01.2019;04:00;05:00;261;0
09.01.2019;05:00;06:00;266;0
09.01.2019;06:00;07:00;244;125
09.01.2019;07:00;08:00;226;236
09.01.2019;08:00;09:00;245;321
09.01.2019;09:00;10:00;311;330
09.01.2019;10:00;11:00;348;301
09.01.2019;11:00;12:00;372;314
09.01.2019;12:00;13:00;342;250
09.01.2019;13:00;14:00;337;258
09.01.2019;14:00;15:00;391;326
09.01.2019;15:00;16:00;401;324
09.01.2019;16:00;17:00;401;329
09.01.2019;17:00;18:00;395;327
09.01.2019;18:00;19:00;399;327
09.01.2019;19:00;20:00;401;327
09.01.2019;20:00;21:00;401;327
09.01.2019;21:00;22:00;400;331
09.01.2019;22:00;23:00;386;340
09.01.2019;23:00;00:00;381;348
10.01.2019;00:00;01:00;388;341
10.01.2019;01:00;02:00;389;332
10.01.2019;02:00;03:00;389;342
10.01.2019;03:00;04:00;390;337
10.01.2019;04:00;05:00;393;335
10.01.2019;05:00;06:00;394;333
10.01.2019;06:00;07:00;392;331
10.01.2019;07:00;08:00;393;327
10.01.2019;08:00;09:00;379;311
10.01.2019;09:00;10:00;323;309
10.01.2019;10:00;11:00;393;327
10.01.2019;11:00;12:00;390;334
10.01.2019;12:00;13:00;393;332
10.01.2019;13:00;14:00;387;332
10.01.2019;14:00;15:00;275;331
10.01.2019;15:00;16:00;350;334
10.01.2019;16:00;17:00;393;333
10.01.2019;17:00;18:00;393;333
10.01.2019;18:00;19:00;394;331
10.01.2019;19:00;20:00;392;331
10.01.2019;20:00;21:00;397;333
10.01.2019;21:00;22:00;398;335
10.01.2019;22:00;23:00;395;335
10.01.2019;23:00;00:00;398;337
11.01.2019;00:00;01:00;397;337
11.01.2019;01:00;02:00;397;337
11.01.2019;02:00;03:00;398;336
11.01.2019;03:00;04:00;397;339
11.01.2019;04:00;05:00;398;338
11.01.2019;05:00;06:00;398;333
11.01.2019;06:00;07:00;395;336
11.01.2019;07:00;08:00;387;332
11.01.2019;08:00;09:00;392;330
11.01.2019;09:00;10:00;394;333
11.01.2019;10:00;11:00;393;330
11.01.2019;11:00;12:00;392;331
11.01.2019;12:00;13:00;393;331
11.01.2019;13:00;14:00;388;333
11.01.2019;14:00;15:00;393;327
11.01.2019;15:00;16:00;397;329
11.01.2019;16:00;17:00;397;334
11.01.2019;17:00;18:00;398;333
11.01.2019;18:00;19:00;398;332
11.01.2019;19:00;20:00;397;333
11.01.2019;20:00;21:00;397;335
11.01.2019;21:00;22:00;397;336
11.01.2019;22:00;23:00;398;336
11.01.2019;23:00;00:00;397;340
12.01.2019;00:00;01:00;388;336
12.01.2019;01:00;02:00;385;338
12.01.2019;02:00;03:00;383;338
12.01.2019;03:00;04:00;383;339
12.01.2019;04:00;05:00;383;340
12.01.2019;05:00;06:00;379;335
12.01.2019;06:00;07:00;352;316
12.01.2019;07:00;08:00;337;297
12.01.2019;08:00;09:00;331;305
12.01.2019;09:00;10:00;370;348
12.01.2019;10:00;11:00;374;339
12.01.2019;11:00;12:00;379;338
12.01.2019;12:00;13:00;379;333
12.01.2019;13:00;14:00;308;271
12.01.2019;14:00;15:00;235;217
12.01.2019;15:00;16:00;237;197
12.01.2019;16:00;17:00;0;201
12.01.2019;17:00;18:00;0;202
12.01.2019;18:00;19:00;0;203
12.01.2019;19:00;20:00;0;204
12.01.2019;20:00;21:00;0;199
12.01.2019;21:00;22:00;0;196
12.01.2019;22:00;23:00;0;194
12.01.2019;23:00;00:00;0;190
13.01.2019;00:00;01:00;0;190
13.01.2019;01:00;02:00;0;181
13.01.2019;02:00;03:00;0;184
13.01.2019;03:00;04:00;0;185
13.01.2019;04:00;05:00;0;183
13.01.2019;05:00;06:00;0;184
13.01.2019;06:00;07:00;0;180
13.01.2019;07:00;08:00;0;173
13.01.2019;08:00;09:00;0;174
13.01.2019;09:00;10:00;0;172
13.01.2019;10:00;11:00;0;173
13.01.2019;11:00;12:00;0;173
13.01.2019;12:00;13:00;0;173
13.01.2019;13:00;14:00;0;172
13.01.2019;14:00;15:00;0;173
13.01.2019;15:00;16:00;0;170
13.01.2019;16:00;17:00;0;171
13.01.2019;17:00;18:00;0;173
13.01.2019;18:00;19:00;0;170
13.01.2019;19:00;20:00;0;170
13.01.2019;20:00;21:00;0;172
13.01.2019;21:00;22:00;0;172
13.01.2019;22:00;23:00;0;172
13.01.2019;23:00;00:00;0;171
14.01.2019;00:00;01:00;0;171
14.01.2019;01:00;02:00;0;172
14.01.2019;02:00;03:00;0;171
14.01.2019;03:00;04:00;0;171
14.01.2019;04:00;05:00;0;173
14.01.2019;05:00;06:00;0;172
14.01.2019;06:00;07:00;0;172
14.01.2019;07:00;08:00;0;164
14.01.2019;08:00;09:00;0;174
14.01.2019;09:00;10:00;0;182
14.01.2019;10:00;11:00;0;179
14.01.2019;11:00;12:00;0;176
14.01.2019;12:00;13:00;0;176
14.01.2019;13:00;14:00;0;176
14.01.2019;14:00;15:00;0;177
14.01.2019;15:00;16:00;0;175
14.01.2019;16:00;17:00;0;177
14.01.2019;17:00;18:00;0;163
14.01.2019;18:00;19:00;0;170
14.01.2019;19:00;20:00;0;175
14.01.2019;20:00;21:00;0;173
14.01.2019;21:00;22:00;0;171
14.01.2019;22:00;23:00;0;169
14.01.2019;23:00;00:00;0;174
15.01.2019;00:00;01:00;0;172
15.01.2019;01:00;02:00;0;173
15.01.2019;02:00;03:00;0;167
15.01.2019;03:00;04:00;0;170
15.01.2019;04:00;05:00;0;167
15.01.2019;05:00;06:00;0;181
15.01.2019;06:00;07:00;0;191
15.01.2019;07:00;08:00;7;186
15.01.2019;08:00;09:00;164;213
15.01.2019;09:00;10:00;238;240
15.01.2019;10:00;11:00;247;191
15.01.2019;11:00;12:00;222;174
15.01.2019;12:00;13:00;221;172
15.01.2019;13:00;14:00;220;173
15.01.2019;14:00;15:00;218;161
15.01.2019;15:00;16:00;230;171
15.01.2019;16:00;17:00;245;216
15.01.2019;17:00;18:00;223;223
15.01.2019;18:00;19:00;221;228
15.01.2019;19:00;20:00;226;225
15.01.2019;20:00;21:00;271;17
15.01.2019;21:00;22:00;194;0
15.01.2019;22:00;23:00;194;0
15.01.2019;23:00;00:00;193;0
16.01.2019;00:00;01:00;194;0
16.01.2019;01:00;02:00;196;0
16.01.2019;02:00;03:00;213;0
16.01.2019;03:00;04:00;225;0
16.01.2019;04:00;05:00;227;0
16.01.2019;05:00;06:00;228;0
16.01.2019;06:00;07:00;231;0
16.01.2019;07:00;08:00;231;0
16.01.2019;08:00;09:00;231;0
16.01.2019;09:00;10:00;231;0
16.01.2019;10:00;11:00;230;0
16.01.2019;11:00;12:00;232;0
16.01.2019;12:00;13:00;232;0
16.01.2019;13:00;14:00;231;0
16.01.2019;14:00;15:00;236;0
16.01.2019;15:00;16:00;237;0
16.01.2019;16:00;17:00;237;0
16.01.2019;17:00;18:00;238;0
16.01.2019;18:00;19:00;238;0
16.01.2019;19:00;20:00;237;0
16.01.2019;20:00;21:00;220;0
16.01.2019;21:00;22:00;218;0
16.01.2019;22:00;23:00;214;0
16.01.2019;23:00;00:00;214;0
17.01.2019;00:00;01:00;213;0
17.01.2019;01:00;02:00;214;0
17.01.2019;02:00;03:00;214;0
17.01.2019;03:00;04:00;249;0
17.01.2019;04:00;05:00;263;0
17.01.2019;05:00;06:00;261;78
17.01.2019;06:00;07:00;260;217
17.01.2019;07:00;08:00;288;312
17.01.2019;08:00;09:00;330;338
17.01.2019;09:00;10:00;375;323
17.01.2019;10:00;11:00;395;319
17.01.2019;11:00;12:00;395;321
17.01.2019;12:00;13:00;396;320
17.01.2019;13:00;14:00;397;320
17.01.2019;14:00;15:00;396;323
17.01.2019;15:00;16:00;397;322
17.01.2019;16:00;17:00;397;319
17.01.2019;17:00;18:00;397;320
17.01.2019;18:00;19:00;397;319
17.01.2019;19:00;20:00;397;320
17.01.2019;20:00;21:00;390;314
17.01.2019;21:00;22:00;244;199
17.01.2019;22:00;23:00;229;200
17.01.2019;23:00;00:00;222;202
18.01.2019;00:00;01:00;243;210
18.01.2019;01:00;02:00;208;204
18.01.2019;02:00;03:00;213;187
18.01.2019;03:00;04:00;272;258
18.01.2019;04:00;05:00;357;323
18.01.2019;05:00;06:00;383;336
18.01.2019;06:00;07:00;387;334
18.01.2019;07:00;08:00;387;329
18.01.2019;08:00;09:00;392;331
18.01.2019;09:00;10:00;392;330
18.01.2019;10:00;11:00;392;329
18.01.2019;11:00;12:00;392;329
18.01.2019;12:00;13:00;391;330
18.01.2019;13:00;14:00;392;329
18.01.2019;14:00;15:00;393;329
18.01.2019;15:00;16:00;393;328
18.01.2019;16:00;17:00;392;328
18.01.2019;17:00;18:00;391;330
18.01.2019;18:00;19:00;391;326
18.01.2019;19:00;20:00;390;328
18.01.2019;20:00;21:00;391;326
18.01.2019;21:00;22:00;392;329
18.01.2019;22:00;23:00;391;330
18.01.2019;23:00;00:00;392;338
19.01.2019;00:00;01:00;392;332
19.01.2019;01:00;02:00;391;333
19.01.2019;02:00;03:00;392;335
19.01.2019;03:00;04:00;392;333
19.01.2019;04:00;05:00;392;335
19.01.2019;05:00;06:00;392;336
19.01.2019;06:00;07:00;395;334
19.01.2019;07:00;08:00;394;331
19.01.2019;08:00;09:00;394;332
19.01.2019;09:00;10:00;394;332
19.01.2019;10:00;11:00;395;332
19.01.2019;11:00;12:00;396;336
19.01.2019;12:00;13:00;396;334
19.01.2019;13:00;14:00;396;334
19.01.2019;14:00;15:00;395;334
19.01.2019;15:00;16:00;397;336
19.01.2019;16:00;17:00;396;334
19.01.2019;17:00;18:00;395;329
19.01.2019;18:00;19:00;396;328
19.01.2019;19:00;20:00;396;327
19.01.2019;20:00;21:00;395;332
19.01.2019;21:00;22:00;396;333
19.01.2019;22:00;23:00;396;329
19.01.2019;23:00;00:00;395;331
20.01.2019;00:00;01:00;396;327
20.01.2019;01:00;02:00;396;325
20.01.2019;02:00;03:00;395;328
20.01.2019;03:00;04:00;397;329
20.01.2019;04:00;05:00;396;331
20.01.2019;05:00;06:00;394;330
20.01.2019;06:00;07:00;391;329
20.01.2019;07:00;08:00;391;333
20.01.2019;08:00;09:00;391;325
20.01.2019;09:00;10:00;391;324
20.01.2019;10:00;11:00;392;330
20.01.2019;11:00;12:00;392;333
20.01.2019;12:00;13:00;392;332
20.01.2019;13:00;14:00;392;336
20.01.2019;14:00;15:00;389;334
20.01.2019;15:00;16:00;388;334
20.01.2019;16:00;17:00;389;330
20.01.2019;17:00;18:00;390;329
20.01.2019;18:00;19:00;388;330
20.01.2019;19:00;20:00;390;324
20.01.2019;20:00;21:00;392;331
20.01.2019;21:00;22:00;391;331
20.01.2019;22:00;23:00;392;329
20.01.2019;23:00;00:00;391;328
21.01.2019;00:00;01:00;389;331
21.01.2019;01:00;02:00;392;331
21.01.2019;02:00;03:00;392;335
21.01.2019;03:00;04:00;384;339
21.01.2019;04:00;05:00;372;349
21.01.2019;05:00;06:00;394;325
21.01.2019;06:00;07:00;392;327
21.01.2019;07:00;08:00;391;329
21.01.2019;08:00;09:00;392;328
21.01.2019;09:00;10:00;392;329
21.01.2019;10:00;11:00;395;329
21.01.2019;11:00;12:00;394;333
21.01.2019;12:00;13:00;395;330
21.01.2019;13:00;14:00;394;332
21.01.2019;14:00;15:00;393;323
21.01.2019;15:00;16:00;395;322
21.01.2019;16:00;17:00;395;321
21.01.2019;17:00;18:00;395;315
21.01.2019;18:00;19:00;392;325
21.01.2019;19:00;20:00;393;323
21.01.2019;20:00;21:00;393;319
21.01.2019;21:00;22:00;393;325
21.01.2019;22:00;23:00;390;332
21.01.2019;23:00;00:00;385;338
22.01.2019;00:00;01:00;388;338
22.01.2019;01:00;02:00;388;338
22.01.2019;02:00;03:00;386;339
22.01.2019;03:00;04:00;386;338
22.01.2019;04:00;05:00;388;339
22.01.2019;05:00;06:00;386;334
22.01.2019;06:00;07:00;388;335
22.01.2019;07:00;08:00;387;333
22.01.2019;08:00;09:00;386;333
22.01.2019;09:00;10:00;386;331
22.01.2019;10:00;11:00;387;333
22.01.2019;11:00;12:00;386;334
22.01.2019;12:00;13:00;386;332
22.01.2019;13:00;14:00;385;332
22.01.2019;14:00;15:00;387;332
22.01.2019;15:00;16:00;395;325
22.01.2019;16:00;17:00;395;323
22.01.2019;17:00;18:00;398;321
22.01.2019;18:00;19:00;397;322
22.01.2019;19:00;20:00;397;331
22.01.2019;20:00;21:00;397;325
22.01.2019;21:00;22:00;385;336
22.01.2019;22:00;23:00;385;333
22.01.2019;23:00;00:00;385;328
23.01.2019;00:00;01:00;384;335
23.01.2019;01:00;02:00;385;339
23.01.2019;02:00;03:00;384;339
23.01.2019;03:00;04:00;384;337
23.01.2019;04:00;05:00;385;338
23.01.2019;05:00;06:00;385;336
23.01.2019;06:00;07:00;384;334
23.01.2019;07:00;08:00;384;335
23.01.2019;08:00;09:00;385;332
23.01.2019;09:00;10:00;384;332
23.01.2019;10:00;11:00;383;333
23.01.2019;11:00;12:00;383;332
23.01.2019;12:00;13:00;384;332
23.01.2019;13:00;14:00;385;333
23.01.2019;14:00;15:00;344;297
23.01.2019;15:00;16:00;327;258
23.01.2019;16:00;17:00;324;260
23.01.2019;17:00;18:00;327;266
23.01.2019;18:00;19:00;386;329
23.01.2019;19:00;20:00;387;332
23.01.2019;20:00;21:00;386;334
23.01.2019;21:00;22:00;387;335
23.01.2019;22:00;23:00;387;338
23.01.2019;23:00;00:00;387;339
24.01.2019;00:00;01:00;386;336
24.01.2019;01:00;02:00;357;304
24.01.2019;02:00;03:00;350;17
24.01.2019;03:00;04:00;348;0
24.01.2019;04:00;05:00;344;0
24.01.2019;05:00;06:00;342;0
24.01.2019;06:00;07:00;339;0
24.01.2019;07:00;08:00;337;0
24.01.2019;08:00;09:00;336;0
24.01.2019;09:00;10:00;337;0
24.01.2019;10:00;11:00;340;111
24.01.2019;11:00;12:00;343;297
24.01.2019;12:00;13:00;341;324
24.01.2019;13:00;14:00;354;331
24.01.2019;14:00;15:00;388;311
24.01.2019;15:00;16:00;407;299
24.01.2019;16:00;17:00;409;280
24.01.2019;17:00;18:00;409;280
24.01.2019;18:00;19:00;408;282
24.01.2019;19:00;20:00;408;278
24.01.2019;20:00;21:00;410;277
24.01.2019;21:00;22:00;407;277
24.01.2019;22:00;23:00;408;278
24.01.2019;23:00;00:00;408;278
25.01.2019;00:00;01:00;408;271
25.01.2019;01:00;02:00;409;188
25.01.2019;02:00;03:00;399;297
25.01.2019;03:00;04:00;394;291
25.01.2019;04:00;05:00;395;292
25.01.2019;05:00;06:00;395;289
25.01.2019;06:00;07:00;399;283
25.01.2019;07:00;08:00;403;286
25.01.2019;08:00;09:00;403;288
25.01.2019;09:00;10:00;405;285
25.01.2019;10:00;11:00;403;324
25.01.2019;11:00;12:00;406;313
25.01.2019;12:00;13:00;405;296
25.01.2019;13:00;14:00;404;294
25.01.2019;14:00;15:00;408;292
25.01.2019;15:00;16:00;405;290
25.01.2019;16:00;17:00;400;290
25.01.2019;17:00;18:00;405;288
25.01.2019;18:00;19:00;403;290
25.01.2019;19:00;20:00;400;287
25.01.2019;20:00;21:00;402;286
25.01.2019;21:00;22:00;400;292
25.01.2019;22:00;23:00;403;288
25.01.2019;23:00;00:00;401;290
26.01.2019;00:00;01:00;400;291
26.01.2019;01:00;02:00;400;290
26.01.2019;02:00;03:00;401;286
26.01.2019;03:00;04:00;402;289
26.01.2019;04:00;05:00;401;293
26.01.2019;05:00;06:00;402;292
26.01.2019;06:00;07:00;400;293
26.01.2019;07:00;08:00;401;293
26.01.2019;08:00;09:00;402;291
26.01.2019;09:00;10:00;401;293
26.01.2019;10:00;11:00;402;291
26.01.2019;11:00;12:00;402;295
26.01.2019;12:00;13:00;401;294
26.01.2019;13:00;14:00;399;292
26.01.2019;14:00;15:00;402;292
26.01.2019;15:00;16:00;392;295
26.01.2019;16:00;17:00;392;293
26.01.2019;17:00;18:00;397;294
26.01.2019;18:00;19:00;394;292
26.01.2019;19:00;20:00;393;290
26.01.2019;20:00;21:00;296;251
26.01.2019;21:00;22:00;260;204
26.01.2019;22:00;23:00;252;216
26.01.2019;23:00;00:00;222;208
27.01.2019;00:00;01:00;221;0
27.01.2019;01:00;02:00;220;0
27.01.2019;02:00;03:00;220;0
27.01.2019;03:00;04:00;220;0
27.01.2019;04:00;05:00;221;0
27.01.2019;05:00;06:00;221;0
27.01.2019;06:00;07:00;220;0
27.01.2019;07:00;08:00;236;0
27.01.2019;08:00;09:00;247;0
27.01.2019;09:00;10:00;267;0
27.01.2019;10:00;11:00;252;162
27.01.2019;11:00;12:00;240;237
27.01.2019;12:00;13:00;239;238
27.01.2019;13:00;14:00;228;236
27.01.2019;14:00;15:00;235;226
27.01.2019;15:00;16:00;226;202
27.01.2019;16:00;17:00;241;203
27.01.2019;17:00;18:00;363;296
27.01.2019;18:00;19:00;382;329
27.01.2019;19:00;20:00;383;328
27.01.2019;20:00;21:00;385;325
27.01.2019;21:00;22:00;386;329
27.01.2019;22:00;23:00;384;323
27.01.2019;23:00;00:00;276;238
28.01.2019;00:00;01:00;217;237
28.01.2019;01:00;02:00;211;236
28.01.2019;02:00;03:00;212;239
28.01.2019;03:00;04:00;210;242
28.01.2019;04:00;05:00;212;242
28.01.2019;05:00;06:00;218;252
28.01.2019;06:00;07:00;360;328
28.01.2019;07:00;08:00;398;317
28.01.2019;08:00;09:00;398;315
28.01.2019;09:00;10:00;396;315
28.01.2019;10:00;11:00;398;315
28.01.2019;11:00;12:00;397;315
28.01.2019;12:00;13:00;397;318
28.01.2019;13:00;14:00;399;317
28.01.2019;14:00;15:00;397;316
28.01.2019;15:00;16:00;395;316
28.01.2019;16:00;17:00;402;305
28.01.2019;17:00;18:00;393;322
28.01.2019;18:00;19:00;389;318
28.01.2019;19:00;20:00;392;324
28.01.2019;20:00;21:00;379;330
28.01.2019;21:00;22:00;378;335
28.01.2019;22:00;23:00;379;335
28.01.2019;23:00;00:00;379;334
29.01.2019;00:00;01:00;379;333
29.01.2019;01:00;02:00;379;333
29.01.2019;02:00;03:00;377;337
29.01.2019;03:00;04:00;381;333
29.01.2019;04:00;05:00;384;333
29.01.2019;05:00;06:00;383;331
29.01.2019;06:00;07:00;386;330
29.01.2019;07:00;08:00;388;329
29.01.2019;08:00;09:00;387;327
29.01.2019;09:00;10:00;389;329
29.01.2019;10:00;11:00;386;331
29.01.2019;11:00;12:00;385;330
29.01.2019;12:00;13:00;384;335
29.01.2019;13:00;14:00;384;329
29.01.2019;14:00;15:00;384;329
29.01.2019;15:00;16:00;386;324
29.01.2019;16:00;17:00;386;323
29.01.2019;17:00;18:00;406;304
29.01.2019;18:00;19:00;406;316
29.01.2019;19:00;20:00;400;312
29.01.2019;20:00;21:00;397;313
29.01.2019;21:00;22:00;397;317
29.01.2019;22:00;23:00;402;315
29.01.2019;23:00;00:00;397;317
30.01.2019;00:00;01:00;396;321
30.01.2019;01:00;02:00;396;322
30.01.2019;02:00;03:00;395;318
30.01.2019;03:00;04:00;400;321
30.01.2019;04:00;05:00;401;314
30.01.2019;05:00;06:00;399;311
30.01.2019;06:00;07:00;398;311
30.01.2019;07:00;08:00;397;303
30.01.2019;08:00;09:00;407;308
30.01.2019;09:00;10:00;405;316
30.01.2019;10:00;11:00;391;322
30.01.2019;11:00;12:00;390;326
30.01.2019;12:00;13:00;390;329
30.01.2019;13:00;14:00;391;329
30.01.2019;14:00;15:00;390;329
30.01.2019;15:00;16:00;391;325
30.01.2019;16:00;17:00;391;326
30.01.2019;17:00;18:00;391;317
30.01.2019;18:00;19:00;390;315
30.01.2019;19:00;20:00;390;316
30.01.2019;20:00;21:00;390;316
30.01.2019;21:00;22:00;389;317
30.01.2019;22:00;23:00;391;319
30.01.2019;23:00;00:00;392;319
31.01.2019;00:00;01:00;391;321
31.01.2019;01:00;02:00;392;322
31.01.2019;02:00;03:00;390;321
31.01.2019;03:00;04:00;390;321
31.01.2019;04:00;05:00;391;321
31.01.2019;05:00;06:00;389;317
31.01.2019;06:00;07:00;393;319
31.01.2019;07:00;08:00;394;316
31.01.2019;08:00;09:00;394;318
31.01.2019;09:00;10:00;395;317
31.01.2019;10:00;11:00;395;318
31.01.2019;11:00;12:00;395;318
31.01.2019;12:00;13:00;395;319
31.01.2019;13:00;14:00;396;320
31.01.2019;14:00;15:00;394;322
31.01.2019;15:00;16:00;395;319
31.01.2019;16:00;17:00;395;318
31.01.2019;17:00;18:00;395;320
31.01.2019;18:00;19:00;394;316
31.01.2019;19:00;20:00;393;317
31.01.2019;20:00;21:00;392;316
31.01.2019;21:00;22:00;393;317
31.01.2019;22:00;23:00;394;318
31.01.2019;23:00;00:00;394;321
01.02.2019;00:00;01:00;393;320
01.02.2019;01:00;02:00;394;318
01.02.2019;02:00;03:00;394;319
01.02.2019;03:00;04:00;394;305
01.02.2019;04:00;05:00;394;321
01.02.2019;05:00;06:00;392;321
01.02.2019;06:00;07:00;396;323
01.02.2019;07:00;08:00;396;329
01.02.2019;08:00;09:00;397;327
01.02.2019;09:00;10:00;398;326
01.02.2019;10:00;11:00;397;329
01.02.2019;11:00;12:00;397;331
01.02.2019;12:00;13:00;398;328
01.02.2019;13:00;14:00;397;329
01.02.2019;14:00;15:00;399;327
01.02.2019;15:00;16:00;396;329
01.02.2019;16:00;17:00;395;329
01.02.2019;17:00;18:00;392;324
01.02.2019;18:00;19:00;399;319
01.02.2019;19:00;20:00;402;323
01.02.2019;20:00;21:00;401;321
01.02.2019;21:00;22:00;400;317
01.02.2019;22:00;23:00;399;319
01.02.2019;23:00;00:00;396;321
02.02.2019;00:00;01:00;397;321
02.02.2019;01:00;02:00;398;326
02.02.2019;02:00;03:00;397;330
02.02.2019;03:00;04:00;396;330
02.02.2019;04:00;05:00;398;330
02.02.2019;05:00;06:00;397;331
02.02.2019;06:00;07:00;398;329
02.02.2019;07:00;08:00;397;327
02.02.2019;08:00;09:00;398;327
02.02.2019;09:00;10:00;397;334
02.02.2019;10:00;11:00;397;330
02.02.2019;11:00;12:00;397;330
02.02.2019;12:00;13:00;398;328
02.02.2019;13:00;14:00;398;327
02.02.2019;14:00;15:00;394;329
02.02.2019;15:00;16:00;393;330
02.02.2019;16:00;17:00;392;327
02.02.2019;17:00;18:00;390;328
02.02.2019;18:00;19:00;392;330
02.02.2019;19:00;20:00;391;328
02.02.2019;20:00;21:00;391;329
02.02.2019;21:00;22:00;392;328
02.02.2019;22:00;23:00;393;329
02.02.2019;23:00;00:00;386;328
03.02.2019;00:00;01:00;367;314
03.02.2019;01:00;02:00;290;307
03.02.2019;02:00;03:00;235;275
03.02.2019;03:00;04:00;212;239
03.02.2019;04:00;05:00;206;237
03.02.2019;05:00;06:00;204;236
03.02.2019;06:00;07:00;212;237
03.02.2019;07:00;08:00;277;240
03.02.2019;08:00;09:00;282;275
03.02.2019;09:00;10:00;370;344
03.02.2019;10:00;11:00;379;348
03.02.2019;11:00;12:00;378;346
03.02.2019;12:00;13:00;379;348
03.02.2019;13:00;14:00;379;349
03.02.2019;14:00;15:00;379;347
03.02.2019;15:00;16:00;379;347
03.02.2019;16:00;17:00;379;348
03.02.2019;17:00;18:00;384;342
03.02.2019;18:00;19:00;385;342
03.02.2019;19:00;20:00;384;342
03.02.2019;20:00;21:00;384;340
03.02.2019;21:00;22:00;385;343
03.02.2019;22:00;23:00;381;343
03.02.2019;23:00;00:00;376;344
04.02.2019;00:00;01:00;373;325
04.02.2019;01:00;02:00;319;278
04.02.2019;02:00;03:00;252;222
04.02.2019;03:00;04:00;234;210
04.02.2019;04:00;05:00;305;281
04.02.2019;05:00;06:00;386;326
04.02.2019;06:00;07:00;394;326
04.02.2019;07:00;08:00;394;328
04.02.2019;08:00;09:00;395;327
04.02.2019;09:00;10:00;394;328
04.02.2019;10:00;11:00;397;327
04.02.2019;11:00;12:00;395;328
04.02.2019;12:00;13:00;395;330
04.02.2019;13:00;14:00;397;331
04.02.2019;14:00;15:00;397;329
04.02.2019;15:00;16:00;396;328
04.02.2019;16:00;17:00;398;328
04.02.2019;17:00;18:00;396;328
04.02.2019;18:00;19:00;396;331
04.02.2019;19:00;20:00;396;327
04.02.2019;20:00;21:00;396;328
04.02.2019;21:00;22:00;396;330
04.02.2019;22:00;23:00;395;328
04.02.2019;23:00;00:00;387;329
05.02.2019;00:00;01:00;366;296
05.02.2019;01:00;02:00;395;321
05.02.2019;02:00;03:00;396;320
05.02.2019;03:00;04:00;396;319
05.02.2019;04:00;05:00;397;319
05.02.2019;05:00;06:00;395;329
05.02.2019;06:00;07:00;395;330
05.02.2019;07:00;08:00;391;326
05.02.2019;08:00;09:00;398;331
05.02.2019;09:00;10:00;397;324
05.02.2019;10:00;11:00;399;328
05.02.2019;11:00;12:00;394;329
05.02.2019;12:00;13:00;397;332
05.02.2019;13:00;14:00;396;332
05.02.2019;14:00;15:00;397;328
05.02.2019;15:00;16:00;396;329
05.02.2019;16:00;17:00;398;327
05.02.2019;17:00;18:00;397;327
05.02.2019;18:00;19:00;398;331
05.02.2019;19:00;20:00;397;329
05.02.2019;20:00;21:00;397;331
05.02.2019;21:00;22:00;397;330
05.02.2019;22:00;23:00;397;329
05.02.2019;23:00;00:00;396;330
06.02.2019;00:00;01:00;387;323
06.02.2019;01:00;02:00;249;222
06.02.2019;02:00;03:00;225;208
06.02.2019;03:00;04:00;224;213
06.02.2019;04:00;05:00;250;217
06.02.2019;05:00;06:00;379;315
06.02.2019;06:00;07:00;396;320
06.02.2019;07:00;08:00;395;315
06.02.2019;08:00;09:00;398;324
06.02.2019;09:00;10:00;398;327
06.02.2019;10:00;11:00;400;325
06.02.2019;11:00;12:00;401;329
06.02.2019;12:00;13:00;397;327
06.02.2019;13:00;14:00;386;325
06.02.2019;14:00;15:00;385;326
06.02.2019;15:00;16:00;384;325
06.02.2019;16:00;17:00;391;310
06.02.2019;17:00;18:00;397;272
06.02.2019;18:00;19:00;397;250
06.02.2019;19:00;20:00;396;242
06.02.2019;20:00;21:00;397;246
06.02.2019;21:00;22:00;395;249
06.02.2019;22:00;23:00;394;247
06.02.2019;23:00;00:00;397;244
07.02.2019;00:00;01:00;396;245
07.02.2019;01:00;02:00;384;241
07.02.2019;02:00;03:00;241;200
07.02.2019;03:00;04:00;220;193
07.02.2019;04:00;05:00;219;194
07.02.2019;05:00;06:00;229;196
07.02.2019;06:00;07:00;364;255
07.02.2019;07:00;08:00;374;222
07.02.2019;08:00;09:00;245;188
07.02.2019;09:00;10:00;226;193
07.02.2019;10:00;11:00;219;194
07.02.2019;11:00;12:00;219;194
07.02.2019;12:00;13:00;220;204
07.02.2019;13:00;14:00;221;203
07.02.2019;14:00;15:00;221;201
07.02.2019;15:00;16:00;219;187
07.02.2019;16:00;17:00;219;189
07.02.2019;17:00;18:00;220;190
07.02.2019;18:00;19:00;219;189
07.02.2019;19:00;20:00;220;195
07.02.2019;20:00;21:00;219;198
07.02.2019;21:00;22:00;218;194
07.02.2019;22:00;23:00;220;194
07.02.2019;23:00;00:00;221;195
08.02.2019;00:00;01:00;219;191
08.02.2019;01:00;02:00;219;192
08.02.2019;02:00;03:00;220;193
08.02.2019;03:00;04:00;221;193
08.02.2019;04:00;05:00;245;201
08.02.2019;05:00;06:00;385;236
08.02.2019;06:00;07:00;391;241
08.02.2019;07:00;08:00;385;244
08.02.2019;08:00;09:00;384;244
08.02.2019;09:00;10:00;382;242
08.02.2019;10:00;11:00;293;240
08.02.2019;11:00;12:00;229;193
08.02.2019;12:00;13:00;227;187
08.02.2019;13:00;14:00;227;188
08.02.2019;14:00;15:00;227;190
08.02.2019;15:00;16:00;228;188
08.02.2019;16:00;17:00;228;189
08.02.2019;17:00;18:00;236;215
08.02.2019;18:00;19:00;231;1
08.02.2019;19:00;20:00;218;0
08.02.2019;20:00;21:00;217;0
08.02.2019;21:00;22:00;215;0
08.02.2019;22:00;23:00;217;0
08.02.2019;23:00;00:00;216;0
09.02.2019;00:00;01:00;217;0
09.02.2019;01:00;02:00;217;0
09.02.2019;02:00;03:00;216;0
09.02.2019;03:00;04:00;217;0
09.02.2019;04:00;05:00;217;0
09.02.2019;05:00;06:00;214;0
09.02.2019;06:00;07:00;216;0
09.02.2019;07:00;08:00;217;0
09.02.2019;08:00;09:00;217;0
09.02.2019;09:00;10:00;217;0
09.02.2019;10:00;11:00;217;0
09.02.2019;11:00;12:00;217;0
09.02.2019;12:00;13:00;217;0
09.02.2019;13:00;14:00;218;0
09.02.2019;14:00;15:00;217;0
09.02.2019;15:00;16:00;217;0
09.02.2019;16:00;17:00;218;0
09.02.2019;17:00;18:00;218;0
09.02.2019;18:00;19:00;218;0
09.02.2019;19:00;20:00;218;0
09.02.2019;20:00;21:00;216;0
09.02.2019;21:00;22:00;218;0
09.02.2019;22:00;23:00;219;0
09.02.2019;23:00;00:00;222;0
10.02.2019;00:00;01:00;229;0
10.02.2019;01:00;02:00;228;0
10.02.2019;02:00;03:00;225;0
10.02.2019;03:00;04:00;227;0
10.02.2019;04:00;05:00;227;0
10.02.2019;05:00;06:00;226;0
10.02.2019;06:00;07:00;220;0
10.02.2019;07:00;08:00;217;0
10.02.2019;08:00;09:00;206;0
10.02.2019;09:00;10:00;204;0
10.02.2019;10:00;11:00;204;0
10.02.2019;11:00;12:00;202;0
10.02.2019;12:00;13:00;206;0
10.02.2019;13:00;14:00;203;0
10.02.2019;14:00;15:00;204;0
10.02.2019;15:00;16:00;207;0
10.02.2019;16:00;17:00;204;0
10.02.2019;17:00;18:00;204;0
10.02.2019;18:00;19:00;205;0
10.02.2019;19:00;20:00;205;0
10.02.2019;20:00;21:00;206;0
10.02.2019;21:00;22:00;213;0
10.02.2019;22:00;23:00;213;0
10.02.2019;23:00;00:00;209;0
11.02.2019;00:00;01:00;208;0
11.02.2019;01:00;02:00;207;0
11.02.2019;02:00;03:00;210;0
11.02.2019;03:00;04:00;208;0
11.02.2019;04:00;05:00;210;0
11.02.2019;05:00;06:00;209;0
11.02.2019;06:00;07:00;214;0
11.02.2019;07:00;08:00;298;0
11.02.2019;08:00;09:00;305;0
11.02.2019;09:00;10:00;304;0
11.02.2019;10:00;11:00;255;0
11.02.2019;11:00;12:00;202;0
11.02.2019;12:00;13:00;202;0
11.02.2019;13:00;14:00;204;0
11.02.2019;14:00;15:00;203;0
11.02.2019;15:00;16:00;205;0
11.02.2019;16:00;17:00;213;0
11.02.2019;17:00;18:00;295;0
11.02.2019;18:00;19:00;297;0
11.02.2019;19:00;20:00;295;0
11.02.2019;20:00;21:00;296;0
11.02.2019;21:00;22:00;294;0
11.02.2019;22:00;23:00;224;0
11.02.2019;23:00;00:00;202;0
12.02.2019;00:00;01:00;213;0
12.02.2019;01:00;02:00;213;0
12.02.2019;02:00;03:00;214;0
12.02.2019;03:00;04:00;211;0
12.02.2019;04:00;05:00;212;0
12.02.2019;05:00;06:00;261;77
12.02.2019;06:00;07:00;343;210
12.02.2019;07:00;08:00;331;226
12.02.2019;08:00;09:00;334;292
12.02.2019;09:00;10:00;341;311
12.02.2019;10:00;11:00;388;332
12.02.2019;11:00;12:00;389;331
12.02.2019;12:00;13:00;389;329
12.02.2019;13:00;14:00;390;330
12.02.2019;14:00;15:00;390;328
12.02.2019;15:00;16:00;390;324
12.02.2019;16:00;17:00;390;317
12.02.2019;17:00;18:00;391;315
12.02.2019;18:00;19:00;389;314
12.02.2019;19:00;20:00;382;307
12.02.2019;20:00;21:00;300;224
12.02.2019;21:00;22:00;270;217
12.02.2019;22:00;23:00;215;197
12.02.2019;23:00;00:00;205;192
13.02.2019;00:00;01:00;207;192
13.02.2019;01:00;02:00;203;194
13.02.2019;02:00;03:00;204;191
13.02.2019;03:00;04:00;204;189
13.02.2019;04:00;05:00;205;193
13.02.2019;05:00;06:00;214;199
13.02.2019;06:00;07:00;262;236
13.02.2019;07:00;08:00;269;245
13.02.2019;08:00;09:00;306;286
13.02.2019;09:00;10:00;351;281
13.02.2019;10:00;11:00;339;254
13.02.2019;11:00;12:00;254;217
13.02.2019;12:00;13:00;230;202
13.02.2019;13:00;14:00;253;212
13.02.2019;14:00;15:00;269;216
13.02.2019;15:00;16:00;308;267
13.02.2019;16:00;17:00;318;290
13.02.2019;17:00;18:00;367;329
13.02.2019;18:00;19:00;372;323
13.02.2019;19:00;20:00;377;323
13.02.2019;20:00;21:00;377;318
13.02.2019;21:00;22:00;377;321
13.02.2019;22:00;23:00;376;320
13.02.2019;23:00;00:00;376;320
14.02.2019;00:00;01:00;378;330
14.02.2019;01:00;02:00;378;331
14.02.2019;02:00;03:00;308;263
14.02.2019;03:00;04:00;324;244
14.02.2019;04:00;05:00;366;294
14.02.2019;05:00;06:00;390;326
14.02.2019;06:00;07:00;390;321
14.02.2019;07:00;08:00;390;323
14.02.2019;08:00;09:00;390;325
14.02.2019;09:00;10:00;389;322
14.02.2019;10:00;11:00;390;320
14.02.2019;11:00;12:00;390;326
14.02.2019;12:00;13:00;366;324
14.02.2019;13:00;14:00;388;321
14.02.2019;14:00;15:00;389;319
14.02.2019;15:00;16:00;389;320
14.02.2019;16:00;17:00;390;319
14.02.2019;17:00;18:00;389;321
14.02.2019;18:00;19:00;389;316
14.02.2019;19:00;20:00;387;315
14.02.2019;20:00;21:00;390;318
14.02.2019;21:00;22:00;390;317
14.02.2019;22:00;23:00;394;315
14.02.2019;23:00;00:00;394;317
15.02.2019;00:00;01:00;392;319
15.02.2019;01:00;02:00;375;316
15.02.2019;02:00;03:00;394;318
15.02.2019;03:00;04:00;393;293
15.02.2019;04:00;05:00;393;317
15.02.2019;05:00;06:00;394;315
15.02.2019;06:00;07:00;392;317
15.02.2019;07:00;08:00;394;317
15.02.2019;08:00;09:00;394;317
15.02.2019;09:00;10:00;395;317
15.02.2019;10:00;11:00;393;317
15.02.2019;11:00;12:00;364;295
15.02.2019;12:00;13:00;363;298
15.02.2019;13:00;14:00;325;302
15.02.2019;14:00;15:00;336;20
15.02.2019;15:00;16:00;340;0
15.02.2019;16:00;17:00;341;0
15.02.2019;17:00;18:00;333;69
15.02.2019;18:00;19:00;318;245
15.02.2019;19:00;20:00;330;330
15.02.2019;20:00;21:00;339;350
15.02.2019;21:00;22:00;297;308
15.02.2019;22:00;23:00;261;231
15.02.2019;23:00;00:00;252;223
16.02.2019;00:00;01:00;221;190
16.02.2019;01:00;02:00;220;184
16.02.2019;02:00;03:00;218;187
16.02.2019;03:00;04:00;218;196
16.02.2019;04:00;05:00;214;196
16.02.2019;05:00;06:00;221;206
16.02.2019;06:00;07:00;349;317
16.02.2019;07:00;08:00;359;323
16.02.2019;08:00;09:00;313;298
16.02.2019;09:00;10:00;251;266
16.02.2019;10:00;11:00;218;205
16.02.2019;11:00;12:00;265;256
16.02.2019;12:00;13:00;326;304
16.02.2019;13:00;14:00;271;261
16.02.2019;14:00;15:00;338;304
16.02.2019;15:00;16:00;376;321
16.02.2019;16:00;17:00;377;320
16.02.2019;17:00;18:00;377;324
16.02.2019;18:00;19:00;377;322
16.02.2019;19:00;20:00;377;320
16.02.2019;20:00;21:00;377;323
16.02.2019;21:00;22:00;377;322
16.02.2019;22:00;23:00;377;323
16.02.2019;23:00;00:00;371;319
17.02.2019;00:00;01:00;336;321
17.02.2019;01:00;02:00;336;314
17.02.2019;02:00;03:00;335;315
17.02.2019;03:00;04:00;328;316
17.02.2019;04:00;05:00;334;311
17.02.2019;05:00;06:00;288;270
17.02.2019;06:00;07:00;277;291
17.02.2019;07:00;08:00;365;332
17.02.2019;08:00;09:00;372;326
17.02.2019;09:00;10:00;362;333
17.02.2019;10:00;11:00;299;332
17.02.2019;11:00;12:00;271;294
17.02.2019;12:00;13:00;229;212
17.02.2019;13:00;14:00;216;196
17.02.2019;14:00;15:00;217;200
17.02.2019;15:00;16:00;271;223
17.02.2019;16:00;17:00;378;319
17.02.2019;17:00;18:00;370;321
17.02.2019;18:00;19:00;372;324
17.02.2019;19:00;20:00;371;324
17.02.2019;20:00;21:00;372;327
17.02.2019;21:00;22:00;372;328
17.02.2019;22:00;23:00;372;328
17.02.2019;23:00;00:00;363;316
18.02.2019;00:00;01:00;232;214
18.02.2019;01:00;02:00;216;201
18.02.2019;02:00;03:00;243;123
18.02.2019;03:00;04:00;336;0
18.02.2019;04:00;05:00;331;0
18.02.2019;05:00;06:00;332;0
18.02.2019;06:00;07:00;331;0
18.02.2019;07:00;08:00;331;0
18.02.2019;08:00;09:00;330;0
18.02.2019;09:00;10:00;332;0
18.02.2019;10:00;11:00;332;0
18.02.2019;11:00;12:00;331;0
18.02.2019;12:00;13:00;332;0
18.02.2019;13:00;14:00;332;0
18.02.2019;14:00;15:00;332;0
18.02.2019;15:00;16:00;333;0
18.02.2019;16:00;17:00;332;0
18.02.2019;17:00;18:00;332;0
18.02.2019;18:00;19:00;333;0
18.02.2019;19:00;20:00;331;0
18.02.2019;20:00;21:00;331;0
18.02.2019;21:00;22:00;332;0
18.02.2019;22:00;23:00;324;0
18.02.2019;23:00;00:00;321;0
19.02.2019;00:00;01:00;233;0
19.02.2019;01:00;02:00;228;0
19.02.2019;02:00;03:00;227;0
19.02.2019;03:00;04:00;239;0
19.02.2019;04:00;05:00;248;0
19.02.2019;05:00;06:00;249;0
19.02.2019;06:00;07:00;284;169
19.02.2019;07:00;08:00;291;251
19.02.2019;08:00;09:00;286;334
19.02.2019;09:00;10:00;223;264
19.02.2019;10:00;11:00;217;247
19.02.2019;11:00;12:00;277;274
19.02.2019;12:00;13:00;224;242
19.02.2019;13:00;14:00;207;229
19.02.2019;14:00;15:00;235;196
19.02.2019;15:00;16:00;354;305
19.02.2019;16:00;17:00;380;328
19.02.2019;17:00;18:00;380;330
19.02.2019;18:00;19:00;379;330
19.02.2019;19:00;20:00;381;331
19.02.2019;20:00;21:00;382;331
19.02.2019;21:00;22:00;382;331
19.02.2019;22:00;23:00;382;327
19.02.2019;23:00;00:00;373;304
20.02.2019;00:00;01:00;306;216
20.02.2019;01:00;02:00;206;181
20.02.2019;02:00;03:00;199;174
20.02.2019;03:00;04:00;201;175
20.02.2019;04:00;05:00;219;180
20.02.2019;05:00;06:00;295;260
20.02.2019;06:00;07:00;390;318
20.02.2019;07:00;08:00;398;316
20.02.2019;08:00;09:00;397;316
20.02.2019;09:00;10:00;397;315
20.02.2019;10:00;11:00;341;253
20.02.2019;11:00;12:00;344;161
20.02.2019;12:00;13:00;251;132
20.02.2019;13:00;14:00;335;0
20.02.2019;14:00;15:00;351;0
20.02.2019;15:00;16:00;349;0
20.02.2019;16:00;17:00;348;0
20.02.2019;17:00;18:00;346;196
20.02.2019;18:00;19:00;331;318
20.02.2019;19:00;20:00;386;325
20.02.2019;20:00;21:00;387;320
20.02.2019;21:00;22:00;388;317
20.02.2019;22:00;23:00;388;316
20.02.2019;23:00;00:00;382;308
21.02.2019;00:00;01:00;319;226
21.02.2019;01:00;02:00;229;156
21.02.2019;02:00;03:00;209;164
21.02.2019;03:00;04:00;205;167
21.02.2019;04:00;05:00;205;175
21.02.2019;05:00;06:00;307;291
21.02.2019;06:00;07:00;316;288
21.02.2019;07:00;08:00;231;201
21.02.2019;08:00;09:00;228;196
21.02.2019;09:00;10:00;285;241
21.02.2019;10:00;11:00;384;307
21.02.2019;11:00;12:00;388;309
21.02.2019;12:00;13:00;386;313
21.02.2019;13:00;14:00;363;314
21.02.2019;14:00;15:00;368;319
21.02.2019;15:00;16:00;390;317
21.02.2019;16:00;17:00;393;317
21.02.2019;17:00;18:00;388;316
21.02.2019;18:00;19:00;385;316
21.02.2019;19:00;20:00;392;314
21.02.2019;20:00;21:00;396;316
21.02.2019;21:00;22:00;397;319
21.02.2019;22:00;23:00;397;317
21.02.2019;23:00;00:00;398;322
22.02.2019;00:00;01:00;386;304
22.02.2019;01:00;02:00;322;244
22.02.2019;02:00;03:00;348;276
22.02.2019;03:00;04:00;386;321
22.02.2019;04:00;05:00;387;318
22.02.2019;05:00;06:00;388;320
22.02.2019;06:00;07:00;384;321
22.02.2019;07:00;08:00;382;326
22.02.2019;08:00;09:00;388;323
22.02.2019;09:00;10:00;383;322
22.02.2019;10:00;11:00;381;319
22.02.2019;11:00;12:00;381;318
22.02.2019;12:00;13:00;382;317
22.02.2019;13:00;14:00;383;316
22.02.2019;14:00;15:00;387;323
22.02.2019;15:00;16:00;387;325
22.02.2019;16:00;17:00;387;328
22.02.2019;17:00;18:00;386;329
22.02.2019;18:00;19:00;385;322
22.02.2019;19:00;20:00;384;323
22.02.2019;20:00;21:00;386;326
22.02.2019;21:00;22:00;384;334
22.02.2019;22:00;23:00;384;337
22.02.2019;23:00;00:00;391;336
23.02.2019;00:00;01:00;380;324
23.02.2019;01:00;02:00;325;260
23.02.2019;02:00;03:00;305;263
23.02.2019;03:00;04:00;257;210
23.02.2019;04:00;05:00;276;211
23.02.2019;05:00;06:00;324;259
23.02.2019;06:00;07:00;388;328
23.02.2019;07:00;08:00;393;327
23.02.2019;08:00;09:00;393;327
23.02.2019;09:00;10:00;394;327
23.02.2019;10:00;11:00;393;330
23.02.2019;11:00;12:00;389;322
23.02.2019;12:00;13:00;264;196
23.02.2019;13:00;14:00;230;183
23.02.2019;14:00;15:00;230;182
23.02.2019;15:00;16:00;243;203
23.02.2019;16:00;17:00;375;330
23.02.2019;17:00;18:00;386;333
23.02.2019;18:00;19:00;395;335
23.02.2019;19:00;20:00;388;336
23.02.2019;20:00;21:00;395;322
23.02.2019;21:00;22:00;333;220
23.02.2019;22:00;23:00;329;198
23.02.2019;23:00;00:00;348;217
24.02.2019;00:00;01:00;386;111
24.02.2019;01:00;02:00;340;0
24.02.2019;02:00;03:00;340;0
24.02.2019;03:00;04:00;338;0
24.02.2019;04:00;05:00;339;0
24.02.2019;05:00;06:00;340;0
24.02.2019;06:00;07:00;339;0
24.02.2019;07:00;08:00;339;0
24.02.2019;08:00;09:00;333;0
24.02.2019;09:00;10:00;308;0
24.02.2019;10:00;11:00;334;0
24.02.2019;11:00;12:00;334;0
24.02.2019;12:00;13:00;331;0
24.02.2019;13:00;14:00;274;0
24.02.2019;14:00;15:00;278;0
24.02.2019;15:00;16:00;333;0
24.02.2019;16:00;17:00;331;0
24.02.2019;17:00;18:00;333;0
24.02.2019;18:00;19:00;330;0
24.02.2019;19:00;20:00;331;0
24.02.2019;20:00;21:00;331;0
24.02.2019;21:00;22:00;332;0
24.02.2019;22:00;23:00;332;0
24.02.2019;23:00;00:00;331;0
25.02.2019;00:00;01:00;334;0
25.02.2019;01:00;02:00;310;0
25.02.2019;02:00;03:00;328;0
25.02.2019;03:00;04:00;330;0
25.02.2019;04:00;05:00;330;0
25.02.2019;05:00;06:00;331;0
25.02.2019;06:00;07:00;329;0
25.02.2019;07:00;08:00;330;0
25.02.2019;08:00;09:00;331;0
25.02.2019;09:00;10:00;332;0
25.02.2019;10:00;11:00;331;0
25.02.2019;11:00;12:00;331;0
25.02.2019;12:00;13:00;332;0
25.02.2019;13:00;14:00;332;0
25.02.2019;14:00;15:00;331;0
25.02.2019;15:00;16:00;332;0
25.02.2019;16:00;17:00;328;0
25.02.2019;17:00;18:00;328;0
25.02.2019;18:00;19:00;326;0
25.02.2019;19:00;20:00;328;0
25.02.2019;20:00;21:00;324;0
25.02.2019;21:00;22:00;327;0
25.02.2019;22:00;23:00;328;0
25.02.2019;23:00;00:00;327;0
26.02.2019;00:00;01:00;328;0
26.02.2019;01:00;02:00;327;0
26.02.2019;02:00;03:00;326;0
26.02.2019;03:00;04:00;326;0
26.02.2019;04:00;05:00;327;0
26.02.2019;05:00;06:00;327;0
26.02.2019;06:00;07:00;327;0
26.02.2019;07:00;08:00;326;0
26.02.2019;08:00;09:00;328;0
26.02.2019;09:00;10:00;329;0
26.02.2019;10:00;11:00;326;0
26.02.2019;11:00;12:00;328;0
26.02.2019;12:00;13:00;328;0
26.02.2019;13:00;14:00;328;0
26.02.2019;14:00;15:00;327;0
26.02.2019;15:00;16:00;328;0
26.02.2019;16:00;17:00;329;0
26.02.2019;17:00;18:00;328;0
26.02.2019;18:00;19:00;328;0
26.02.2019;19:00;20:00;329;0
26.02.2019;20:00;21:00;329;0
26.02.2019;21:00;22:00;327;0
26.02.2019;22:00;23:00;327;0
26.02.2019;23:00;00:00;328;0
27.02.2019;00:00;01:00;328;0
27.02.2019;01:00;02:00;328;0
27.02.2019;02:00;03:00;327;0
27.02.2019;03:00;04:00;328;0
27.02.2019;04:00;05:00;329;0
27.02.2019;05:00;06:00;327;0
27.02.2019;06:00;07:00;329;0
27.02.2019;07:00;08:00;328;0
27.02.2019;08:00;09:00;329;0
27.02.2019;09:00;10:00;327;0
27.02.2019;10:00;11:00;328;0
27.02.2019;11:00;12:00;328;0
27.02.2019;12:00;13:00;328;0
27.02.2019;13:00;14:00;328;0
27.02.2019;14:00;15:00;328;0
27.02.2019;15:00;16:00;328;0
27.02.2019;16:00;17:00;328;0
27.02.2019;17:00;18:00;328;0
27.02.2019;18:00;19:00;332;0
27.02.2019;19:00;20:00;336;0
27.02.2019;20:00;21:00;323;0
27.02.2019;21:00;22:00;278;0
27.02.2019;22:00;23:00;278;0
27.02.2019;23:00;00:00;278;0
28.02.2019;00:00;01:00;291;0
28.02.2019;01:00;02:00;301;0
28.02.2019;02:00;03:00;303;0
28.02.2019;03:00;04:00;304;0
28.02.2019;04:00;05:00;305;0
28.02.2019;05:00;06:00;318;0
28.02.2019;06:00;07:00;324;0
28.02.2019;07:00;08:00;338;1
28.02.2019;08:00;09:00;316;77
28.02.2019;09:00;10:00;285;254
28.02.2019;10:00;11:00;312;343
28.02.2019;11:00;12:00;243;293
28.02.2019;12:00;13:00;194;232
28.02.2019;13:00;14:00;186;234
28.02.2019;14:00;15:00;185;234
28.02.2019;15:00;16:00;197;233
28.02.2019;16:00;17:00;285;230
28.02.2019;17:00;18:00;382;287
28.02.2019;18:00;19:00;392;316
28.02.2019;19:00;20:00;388;330
28.02.2019;20:00;21:00;377;336
28.02.2019;21:00;22:00;389;329
28.02.2019;22:00;23:00;388;321
28.02.2019;23:00;00:00;341;270
01.03.2019;00:00;01:00;268;209
01.03.2019;01:00;02:00;262;208
01.03.2019;02:00;03:00;267;210
01.03.2019;03:00;04:00;237;182
01.03.2019;04:00;05:00;270;210
01.03.2019;05:00;06:00;303;238
01.03.2019;06:00;07:00;373;315
01.03.2019;07:00;08:00;390;318
01.03.2019;08:00;09:00;407;324
01.03.2019;09:00;10:00;408;320
01.03.2019;10:00;11:00;407;323
01.03.2019;11:00;12:00;407;324
01.03.2019;12:00;13:00;408;322
01.03.2019;13:00;14:00;408;326
01.03.2019;14:00;15:00;401;325
01.03.2019;15:00;16:00;392;329
01.03.2019;16:00;17:00;390;336
01.03.2019;17:00;18:00;391;334
01.03.2019;18:00;19:00;399;322
01.03.2019;19:00;20:00;399;319
01.03.2019;20:00;21:00;393;335
01.03.2019;21:00;22:00;391;333
01.03.2019;22:00;23:00;391;336
01.03.2019;23:00;00:00;391;339
02.03.2019;00:00;01:00;391;337
02.03.2019;01:00;02:00;391;332
02.03.2019;02:00;03:00;383;328
02.03.2019;03:00;04:00;244;214
02.03.2019;04:00;05:00;224;178
02.03.2019;05:00;06:00;226;181
02.03.2019;06:00;07:00;226;184
02.03.2019;07:00;08:00;231;226
02.03.2019;08:00;09:00;359;314
02.03.2019;09:00;10:00;391;325
02.03.2019;10:00;11:00;390;326
02.03.2019;11:00;12:00;386;328
02.03.2019;12:00;13:00;386;328
02.03.2019;13:00;14:00;387;328
02.03.2019;14:00;15:00;390;323
02.03.2019;15:00;16:00;392;324
02.03.2019;16:00;17:00;391;322
02.03.2019;17:00;18:00;392;325
02.03.2019;18:00;19:00;388;322
02.03.2019;19:00;20:00;297;251
02.03.2019;20:00;21:00;249;184
02.03.2019;21:00;22:00;18;181
02.03.2019;22:00;23:00;0;183
02.03.2019;23:00;00:00;0;188
03.03.2019;00:00;01:00;0;216
03.03.2019;01:00;02:00;0;213
03.03.2019;02:00;03:00;0;213
03.03.2019;03:00;04:00;0;212
03.03.2019;04:00;05:00;0;212
03.03.2019;05:00;06:00;0;212
03.03.2019;06:00;07:00;0;215
03.03.2019;07:00;08:00;0;220
03.03.2019;08:00;09:00;0;214
03.03.2019;09:00;10:00;0;183
03.03.2019;10:00;11:00;0;183
03.03.2019;11:00;12:00;0;184
03.03.2019;12:00;13:00;0;183
03.03.2019;13:00;14:00;0;184
03.03.2019;14:00;15:00;0;184
03.03.2019;15:00;16:00;0;184
03.03.2019;16:00;17:00;0;186
03.03.2019;17:00;18:00;0;183
03.03.2019;18:00;19:00;0;182
03.03.2019;19:00;20:00;0;183
03.03.2019;20:00;21:00;0;184
03.03.2019;21:00;22:00;0;182
03.03.2019;22:00;23:00;0;184
03.03.2019;23:00;00:00;0;185
04.03.2019;00:00;01:00;0;212
04.03.2019;01:00;02:00;0;221
04.03.2019;02:00;03:00;0;208
04.03.2019;03:00;04:00;0;224
04.03.2019;04:00;05:00;0;227
04.03.2019;05:00;06:00;0;213
04.03.2019;06:00;07:00;0;187
04.03.2019;07:00;08:00;0;183
04.03.2019;08:00;09:00;0;184
04.03.2019;09:00;10:00;0;185
04.03.2019;10:00;11:00;0;184
04.03.2019;11:00;12:00;0;183
04.03.2019;12:00;13:00;0;183
04.03.2019;13:00;14:00;0;182
04.03.2019;14:00;15:00;0;183
04.03.2019;15:00;16:00;0;181
04.03.2019;16:00;17:00;0;169
04.03.2019;17:00;18:00;0;168
04.03.2019;18:00;19:00;0;168
04.03.2019;19:00;20:00;0;171
04.03.2019;20:00;21:00;0;211
04.03.2019;21:00;22:00;0;211
04.03.2019;22:00;23:00;0;212
04.03.2019;23:00;00:00;0;207
05.03.2019;00:00;01:00;0;185
05.03.2019;01:00;02:00;0;185
05.03.2019;02:00;03:00;0;185
05.03.2019;03:00;04:00;0;183
05.03.2019;04:00;05:00;0;181
05.03.2019;05:00;06:00;0;183
05.03.2019;06:00;07:00;0;187
05.03.2019;07:00;08:00;0;320
05.03.2019;08:00;09:00;0;334
05.03.2019;09:00;10:00;0;234
05.03.2019;10:00;11:00;0;197
05.03.2019;11:00;12:00;0;271
05.03.2019;12:00;13:00;0;279
05.03.2019;13:00;14:00;0;208
05.03.2019;14:00;15:00;0;209
05.03.2019;15:00;16:00;0;324
05.03.2019;16:00;17:00;0;331
05.03.2019;17:00;18:00;0;329
05.03.2019;18:00;19:00;0;329
05.03.2019;19:00;20:00;0;323
05.03.2019;20:00;21:00;0;325
05.03.2019;21:00;22:00;0;349
05.03.2019;22:00;23:00;0;355
05.03.2019;23:00;00:00;0;289
06.03.2019;00:00;01:00;0;201
06.03.2019;01:00;02:00;0;183
06.03.2019;02:00;03:00;0;190
06.03.2019;03:00;04:00;0;188
06.03.2019;04:00;05:00;0;187
06.03.2019;05:00;06:00;0;197
06.03.2019;06:00;07:00;0;274
06.03.2019;07:00;08:00;0;289
06.03.2019;08:00;09:00;0;329
06.03.2019;09:00;10:00;0;315
06.03.2019;10:00;11:00;0;194
06.03.2019;11:00;12:00;0;178
06.03.2019;12:00;13:00;0;184
06.03.2019;13:00;14:00;0;182
06.03.2019;14:00;15:00;0;183
06.03.2019;15:00;16:00;0;184
06.03.2019;16:00;17:00;0;184
06.03.2019;17:00;18:00;0;187
06.03.2019;18:00;19:00;0;316
06.03.2019;19:00;20:00;0;329
06.03.2019;20:00;21:00;0;316
06.03.2019;21:00;22:00;0;195
06.03.2019;22:00;23:00;0;190
06.03.2019;23:00;00:00;0;192
07.03.2019;00:00;01:00;0;195
07.03.2019;01:00;02:00;0;193
07.03.2019;02:00;03:00;0;191
07.03.2019;03:00;04:00;0;192
07.03.2019;04:00;05:00;0;192
07.03.2019;05:00;06:00;0;192
07.03.2019;06:00;07:00;0;191
07.03.2019;07:00;08:00;0;192
07.03.2019;08:00;09:00;0;177
07.03.2019;09:00;10:00;0;173
07.03.2019;10:00;11:00;0;185
07.03.2019;11:00;12:00;0;186
07.03.2019;12:00;13:00;0;182
07.03.2019;13:00;14:00;0;183
07.03.2019;14:00;15:00;0;176
07.03.2019;15:00;16:00;0;174
07.03.2019;16:00;17:00;0;174
07.03.2019;17:00;18:00;0;165
07.03.2019;18:00;19:00;0;167
07.03.2019;19:00;20:00;0;167
07.03.2019;20:00;21:00;0;181
07.03.2019;21:00;22:00;0;185
07.03.2019;22:00;23:00;0;179
07.03.2019;23:00;00:00;0;181
08.03.2019;00:00;01:00;0;181
08.03.2019;01:00;02:00;0;178
08.03.2019;02:00;03:00;0;177
08.03.2019;03:00;04:00;0;178
08.03.2019;04:00;05:00;0;178
08.03.2019;05:00;06:00;0;178
08.03.2019;06:00;07:00;0;177
08.03.2019;07:00;08:00;0;176
08.03.2019;08:00;09:00;0;178
08.03.2019;09:00;10:00;0;181
08.03.2019;10:00;11:00;0;179
08.03.2019;11:00;12:00;0;178
08.03.2019;12:00;13:00;0;177
08.03.2019;13:00;14:00;0;175
08.03.2019;14:00;15:00;0;169
08.03.2019;15:00;16:00;0;173
08.03.2019;16:00;17:00;0;189
08.03.2019;17:00;18:00;0;318
08.03.2019;18:00;19:00;0;331
08.03.2019;19:00;20:00;0;333
08.03.2019;20:00;21:00;0;333
08.03.2019;21:00;22:00;0;321
08.03.2019;22:00;23:00;0;185
08.03.2019;23:00;00:00;0;192
09.03.2019;00:00;01:00;0;190
09.03.2019;01:00;02:00;0;183
09.03.2019;02:00;03:00;0;184
09.03.2019;03:00;04:00;0;184
09.03.2019;04:00;05:00;0;181
09.03.2019;05:00;06:00;0;181
09.03.2019;06:00;07:00;0;182
09.03.2019;07:00;08:00;0;181
09.03.2019;08:00;09:00;0;183
09.03.2019;09:00;10:00;0;182
09.03.2019;10:00;11:00;0;170
09.03.2019;11:00;12:00;0;179
09.03.2019;12:00;13:00;0;179
09.03.2019;13:00;14:00;0;179
09.03.2019;14:00;15:00;0;179
09.03.2019;15:00;16:00;0;178
09.03.2019;16:00;17:00;0;177
09.03.2019;17:00;18:00;0;174
09.03.2019;18:00;19:00;0;177
09.03.2019;19:00;20:00;0;178
09.03.2019;20:00;21:00;0;175
09.03.2019;21:00;22:00;0;178
09.03.2019;22:00;23:00;0;179
09.03.2019;23:00;00:00;0;188
10.03.2019;00:00;01:00;0;212
10.03.2019;01:00;02:00;0;212
10.03.2019;02:00;03:00;0;211
10.03.2019;03:00;04:00;0;213
10.03.2019;04:00;05:00;0;213
10.03.2019;05:00;06:00;0;211
10.03.2019;06:00;07:00;0;199
10.03.2019;07:00;08:00;0;180
10.03.2019;08:00;09:00;0;178
10.03.2019;09:00;10:00;0;180
10.03.2019;10:00;11:00;0;179
10.03.2019;11:00;12:00;0;177
10.03.2019;12:00;13:00;0;177
10.03.2019;13:00;14:00;0;178
10.03.2019;14:00;15:00;0;179
10.03.2019;15:00;16:00;0;180
10.03.2019;16:00;17:00;0;177
10.03.2019;17:00;18:00;0;178
10.03.2019;18:00;19:00;0;179
10.03.2019;19:00;20:00;0;176
10.03.2019;20:00;21:00;0;184
10.03.2019;21:00;22:00;0;183
10.03.2019;22:00;23:00;0;183
10.03.2019;23:00;00:00;0;187
11.03.2019;00:00;01:00;0;218
11.03.2019;01:00;02:00;0;219
11.03.2019;02:00;03:00;0;222
11.03.2019;03:00;04:00;0;232
11.03.2019;04:00;05:00;0;232
11.03.2019;05:00;06:00;0;209
11.03.2019;06:00;07:00;0;185
11.03.2019;07:00;08:00;0;296
11.03.2019;08:00;09:00;0;333
11.03.2019;09:00;10:00;0;337
11.03.2019;10:00;11:00;0;341
11.03.2019;11:00;12:00;0;340
11.03.2019;12:00;13:00;0;339
11.03.2019;13:00;14:00;0;228
11.03.2019;14:00;15:00;0;182
11.03.2019;15:00;16:00;0;181
11.03.2019;16:00;17:00;0;193
11.03.2019;17:00;18:00;0;316
11.03.2019;18:00;19:00;0;312
11.03.2019;19:00;20:00;0;315
11.03.2019;20:00;21:00;0;317
11.03.2019;21:00;22:00;0;323
11.03.2019;22:00;23:00;0;333
11.03.2019;23:00;00:00;0;322
12.03.2019;00:00;01:00;0;193
12.03.2019;01:00;02:00;0;181
12.03.2019;02:00;03:00;0;180
12.03.2019;03:00;04:00;0;175
12.03.2019;04:00;05:00;0;178
12.03.2019;05:00;06:00;0;194
12.03.2019;06:00;07:00;0;321
12.03.2019;07:00;08:00;0;329
12.03.2019;08:00;09:00;0;326
12.03.2019;09:00;10:00;0;329
12.03.2019;10:00;11:00;0;281
12.03.2019;11:00;12:00;0;161
12.03.2019;12:00;13:00;0;172
12.03.2019;13:00;14:00;0;169
12.03.2019;14:00;15:00;0;171
12.03.2019;15:00;16:00;0;169
12.03.2019;16:00;17:00;0;171
12.03.2019;17:00;18:00;0;172
12.03.2019;18:00;19:00;0;170
12.03.2019;19:00;20:00;0;171
12.03.2019;20:00;21:00;0;168
12.03.2019;21:00;22:00;0;169
12.03.2019;22:00;23:00;0;165
12.03.2019;23:00;00:00;0;166
13.03.2019;00:00;01:00;0;185
13.03.2019;01:00;02:00;0;178
13.03.2019;02:00;03:00;0;174
13.03.2019;03:00;04:00;0;172
13.03.2019;04:00;05:00;0;173
13.03.2019;05:00;06:00;0;168
13.03.2019;06:00;07:00;0;166
13.03.2019;07:00;08:00;0;163
13.03.2019;08:00;09:00;0;164
13.03.2019;09:00;10:00;0;165
13.03.2019;10:00;11:00;0;163
13.03.2019;11:00;12:00;0;164
13.03.2019;12:00;13:00;0;164
13.03.2019;13:00;14:00;0;162
13.03.2019;14:00;15:00;0;166
13.03.2019;15:00;16:00;0;166
13.03.2019;16:00;17:00;0;161
13.03.2019;17:00;18:00;0;165
13.03.2019;18:00;19:00;0;164
13.03.2019;19:00;20:00;0;163
13.03.2019;20:00;21:00;0;164
13.03.2019;21:00;22:00;0;164
13.03.2019;22:00;23:00;0;163
13.03.2019;23:00;00:00;0;164
14.03.2019;00:00;01:00;0;170
14.03.2019;01:00;02:00;0;186
14.03.2019;02:00;03:00;0;168
14.03.2019;03:00;04:00;0;170
14.03.2019;04:00;05:00;0;171
14.03.2019;05:00;06:00;0;166
14.03.2019;06:00;07:00;0;163
14.03.2019;07:00;08:00;0;161
14.03.2019;08:00;09:00;0;164
14.03.2019;09:00;10:00;0;182
14.03.2019;10:00;11:00;0;165
14.03.2019;11:00;12:00;0;165
14.03.2019;12:00;13:00;0;161
14.03.2019;13:00;14:00;0;162
14.03.2019;14:00;15:00;0;166
14.03.2019;15:00;16:00;0;162
14.03.2019;16:00;17:00;0;162
14.03.2019;17:00;18:00;0;163
14.03.2019;18:00;19:00;0;173
14.03.2019;19:00;20:00;0;228
14.03.2019;20:00;21:00;0;162
14.03.2019;21:00;22:00;0;164
14.03.2019;22:00;23:00;0;161
14.03.2019;23:00;00:00;0;161
15.03.2019;00:00;01:00;0;192
15.03.2019;01:00;02:00;0;171
15.03.2019;02:00;03:00;0;171
15.03.2019;03:00;04:00;0;171
15.03.2019;04:00;05:00;0;168
15.03.2019;05:00;06:00;0;168
15.03.2019;06:00;07:00;0;192
15.03.2019;07:00;08:00;0;314
15.03.2019;08:00;09:00;0;316
15.03.2019;09:00;10:00;0;320
15.03.2019;10:00;11:00;0;316
15.03.2019;11:00;12:00;0;176
15.03.2019;12:00;13:00;0;165
15.03.2019;13:00;14:00;0;181
15.03.2019;14:00;15:00;0;180
15.03.2019;15:00;16:00;0;180
15.03.2019;16:00;17:00;0;182
15.03.2019;17:00;18:00;0;180
15.03.2019;18:00;19:00;0;181
15.03.2019;19:00;20:00;0;182
15.03.2019;20:00;21:00;0;181
15.03.2019;21:00;22:00;0;182
15.03.2019;22:00;23:00;0;182
15.03.2019;23:00;00:00;0;179
16.03.2019;00:00;01:00;0;156
16.03.2019;01:00;02:00;0;160
16.03.2019;02:00;03:00;0;163
16.03.2019;03:00;04:00;0;164
16.03.2019;04:00;05:00;0;163
16.03.2019;05:00;06:00;0;166
16.03.2019;06:00;07:00;0;182
16.03.2019;07:00;08:00;0;163
16.03.2019;08:00;09:00;0;158
16.03.2019;09:00;10:00;0;161
16.03.2019;10:00;11:00;0;164
16.03.2019;11:00;12:00;0;167
16.03.2019;12:00;13:00;0;166
16.03.2019;13:00;14:00;0;179
16.03.2019;14:00;15:00;0;185
16.03.2019;15:00;16:00;0;177
16.03.2019;16:00;17:00;0;182
16.03.2019;17:00;18:00;0;181
16.03.2019;18:00;19:00;0;182
16.03.2019;19:00;20:00;0;198
16.03.2019;20:00;21:00;0;199
16.03.2019;21:00;22:00;0;181
16.03.2019;22:00;23:00;0;172
16.03.2019;23:00;00:00;0;170
17.03.2019;00:00;01:00;0;203
17.03.2019;01:00;02:00;0;203
17.03.2019;02:00;03:00;0;206
17.03.2019;03:00;04:00;0;208
17.03.2019;04:00;05:00;0;210
17.03.2019;05:00;06:00;0;209
17.03.2019;06:00;07:00;0;206
17.03.2019;07:00;08:00;0;211
17.03.2019;08:00;09:00;0;183
17.03.2019;09:00;10:00;0;166
17.03.2019;10:00;11:00;0;166
17.03.2019;11:00;12:00;0;168
17.03.2019;12:00;13:00;0;169
17.03.2019;13:00;14:00;0;169
17.03.2019;14:00;15:00;0;170
17.03.2019;15:00;16:00;0;167
17.03.2019;16:00;17:00;0;165
17.03.2019;17:00;18:00;0;164
17.03.2019;18:00;19:00;0;158
17.03.2019;19:00;20:00;0;162
17.03.2019;20:00;21:00;0;160
17.03.2019;21:00;22:00;0;161
17.03.2019;22:00;23:00;0;177
17.03.2019;23:00;00:00;0;169
18.03.2019;00:00;01:00;0;170
18.03.2019;01:00;02:00;0;194
18.03.2019;02:00;03:00;0;206
18.03.2019;03:00;04:00;0;210
18.03.2019;04:00;05:00;0;213
18.03.2019;05:00;06:00;0;179
18.03.2019;06:00;07:00;0;175
18.03.2019;07:00;08:00;0;177
18.03.2019;08:00;09:00;0;170
18.03.2019;09:00;10:00;0;172
18.03.2019;10:00;11:00;0;173
18.03.2019;11:00;12:00;0;183
18.03.2019;12:00;13:00;0;292
18.03.2019;13:00;14:00;0;266
18.03.2019;14:00;15:00;0;190
18.03.2019;15:00;16:00;0;170
18.03.2019;16:00;17:00;0;179
18.03.2019;17:00;18:00;0;303
18.03.2019;18:00;19:00;0;309
18.03.2019;19:00;20:00;0;307
18.03.2019;20:00;21:00;0;304
18.03.2019;21:00;22:00;0;313
18.03.2019;22:00;23:00;0;306
18.03.2019;23:00;00:00;0;204
19.03.2019;00:00;01:00;0;171
19.03.2019;01:00;02:00;0;173
19.03.2019;02:00;03:00;0;173
19.03.2019;03:00;04:00;0;188
19.03.2019;04:00;05:00;0;203
19.03.2019;05:00;06:00;0;208
19.03.2019;06:00;07:00;0;283
19.03.2019;07:00;08:00;0;302
19.03.2019;08:00;09:00;0;307
19.03.2019;09:00;10:00;0;315
19.03.2019;10:00;11:00;0;319
19.03.2019;11:00;12:00;28;303
19.03.2019;12:00;13:00;180;292
19.03.2019;13:00;14:00;247;276
19.03.2019;14:00;15:00;263;274
19.03.2019;15:00;16:00;280;288
19.03.2019;16:00;17:00;271;271
19.03.2019;17:00;18:00;359;315
19.03.2019;18:00;19:00;399;317
19.03.2019;19:00;20:00;403;316
19.03.2019;20:00;21:00;406;316
19.03.2019;21:00;22:00;396;319
19.03.2019;22:00;23:00;389;328
19.03.2019;23:00;00:00;276;291
20.03.2019;00:00;01:00;240;215
20.03.2019;01:00;02:00;220;190
20.03.2019;02:00;03:00;219;192
20.03.2019;03:00;04:00;219;194
20.03.2019;04:00;05:00;218;187
20.03.2019;05:00;06:00;248;188
20.03.2019;06:00;07:00;388;320
20.03.2019;07:00;08:00;394;320
20.03.2019;08:00;09:00;403;327
20.03.2019;09:00;10:00;397;324
20.03.2019;10:00;11:00;263;217
20.03.2019;11:00;12:00;234;189
20.03.2019;12:00;13:00;229;187
20.03.2019;13:00;14:00;230;189
20.03.2019;14:00;15:00;230;183
20.03.2019;15:00;16:00;237;181
20.03.2019;16:00;17:00;358;208
20.03.2019;17:00;18:00;399;311
20.03.2019;18:00;19:00;407;320
20.03.2019;19:00;20:00;407;318
20.03.2019;20:00;21:00;408;319
20.03.2019;21:00;22:00;408;320
20.03.2019;22:00;23:00;382;290
20.03.2019;23:00;00:00;319;240
21.03.2019;00:00;01:00;232;177
21.03.2019;01:00;02:00;220;186
21.03.2019;02:00;03:00;220;189
21.03.2019;03:00;04:00;220;188
21.03.2019;04:00;05:00;220;183
21.03.2019;05:00;06:00;253;206
21.03.2019;06:00;07:00;393;324
21.03.2019;07:00;08:00;399;321
21.03.2019;08:00;09:00;398;320
21.03.2019;09:00;10:00;391;311
21.03.2019;10:00;11:00;255;224
21.03.2019;11:00;12:00;227;207
21.03.2019;12:00;13:00;225;209
21.03.2019;13:00;14:00;225;209
21.03.2019;14:00;15:00;225;211
21.03.2019;15:00;16:00;225;210
21.03.2019;16:00;17:00;269;236
21.03.2019;17:00;18:00;362;315
21.03.2019;18:00;19:00;398;314
21.03.2019;19:00;20:00;399;319
21.03.2019;20:00;21:00;398;319
21.03.2019;21:00;22:00;395;316
21.03.2019;22:00;23:00;391;300
21.03.2019;23:00;00:00;340;246
22.03.2019;00:00;01:00;251;181
22.03.2019;01:00;02:00;219;179
22.03.2019;02:00;03:00;224;190
22.03.2019;03:00;04:00;223;195
22.03.2019;04:00;05:00;227;198
22.03.2019;05:00;06:00;332;289
22.03.2019;06:00;07:00;398;317
22.03.2019;07:00;08:00;402;315
22.03.2019;08:00;09:00;402;316
22.03.2019;09:00;10:00;402;314
22.03.2019;10:00;11:00;388;306
22.03.2019;11:00;12:00;252;204
22.03.2019;12:00;13:00;218;198
22.03.2019;13:00;14:00;215;199
22.03.2019;14:00;15:00;216;198
22.03.2019;15:00;16:00;217;188
22.03.2019;16:00;17:00;284;267
22.03.2019;17:00;18:00;389;318
22.03.2019;18:00;19:00;394;318
22.03.2019;19:00;20:00;394;317
22.03.2019;20:00;21:00;386;308
22.03.2019;21:00;22:00;322;218
22.03.2019;22:00;23:00;223;191
22.03.2019;23:00;00:00;0;190
23.03.2019;00:00;01:00;0;191
23.03.2019;01:00;02:00;0;191
23.03.2019;02:00;03:00;0;191
23.03.2019;03:00;04:00;0;190
23.03.2019;04:00;05:00;0;191
23.03.2019;05:00;06:00;0;190
23.03.2019;06:00;07:00;0;181
23.03.2019;07:00;08:00;0;179
23.03.2019;08:00;09:00;0;174
23.03.2019;09:00;10:00;0;177
23.03.2019;10:00;11:00;0;179
23.03.2019;11:00;12:00;0;178
23.03.2019;12:00;13:00;0;174
23.03.2019;13:00;14:00;0;205
23.03.2019;14:00;15:00;0;200
23.03.2019;15:00;16:00;0;181
23.03.2019;16:00;17:00;0;183
23.03.2019;17:00;18:00;0;194
23.03.2019;18:00;19:00;0;271
23.03.2019;19:00;20:00;0;274
23.03.2019;20:00;21:00;0;263
23.03.2019;21:00;22:00;0;272
23.03.2019;22:00;23:00;0;268
23.03.2019;23:00;00:00;0;243
24.03.2019;00:00;01:00;0;232
24.03.2019;01:00;02:00;0;229
24.03.2019;02:00;03:00;0;223
24.03.2019;03:00;04:00;0;217
24.03.2019;04:00;05:00;0;218
24.03.2019;05:00;06:00;0;218
24.03.2019;06:00;07:00;0;217
24.03.2019;07:00;08:00;0;194
24.03.2019;08:00;09:00;0;174
24.03.2019;09:00;10:00;0;169
24.03.2019;10:00;11:00;0;169
24.03.2019;11:00;12:00;0;169
24.03.2019;12:00;13:00;0;171
24.03.2019;13:00;14:00;0;176
24.03.2019;14:00;15:00;0;172
24.03.2019;15:00;16:00;0;174
24.03.2019;16:00;17:00;0;173
24.03.2019;17:00;18:00;0;178
24.03.2019;18:00;19:00;0;252
24.03.2019;19:00;20:00;0;244
24.03.2019;20:00;21:00;0;231
24.03.2019;21:00;22:00;0;244
24.03.2019;22:00;23:00;0;163
24.03.2019;23:00;00:00;0;205
25.03.2019;00:00;01:00;0;200
25.03.2019;01:00;02:00;0;199
25.03.2019;02:00;03:00;0;199
25.03.2019;03:00;04:00;0;197
25.03.2019;04:00;05:00;0;184
25.03.2019;05:00;06:00;0;176
25.03.2019;06:00;07:00;0;171
25.03.2019;07:00;08:00;0;159
25.03.2019;08:00;09:00;0;162
25.03.2019;09:00;10:00;0;176
25.03.2019;10:00;11:00;0;171
25.03.2019;11:00;12:00;0;169
25.03.2019;12:00;13:00;0;171
25.03.2019;13:00;14:00;0;168
25.03.2019;14:00;15:00;0;163
25.03.2019;15:00;16:00;0;158
25.03.2019;16:00;17:00;0;169
25.03.2019;17:00;18:00;0;168
25.03.2019;18:00;19:00;63;167
25.03.2019;19:00;20:00;230;177
25.03.2019;20:00;21:00;278;184
25.03.2019;21:00;22:00;273;83
25.03.2019;22:00;23:00;307;0
25.03.2019;23:00;00:00;281;0
26.03.2019;00:00;01:00;333;0
26.03.2019;01:00;02:00;285;0
26.03.2019;02:00;03:00;349;46
26.03.2019;03:00;04:00;301;240
26.03.2019;04:00;05:00;222;199
26.03.2019;05:00;06:00;219;193
26.03.2019;06:00;07:00;222;188
26.03.2019;07:00;08:00;231;200
26.03.2019;08:00;09:00;228;194
26.03.2019;09:00;10:00;282;222
26.03.2019;10:00;11:00;256;214
26.03.2019;11:00;12:00;222;199
26.03.2019;12:00;13:00;225;189
26.03.2019;13:00;14:00;226;187
26.03.2019;14:00;15:00;226;186
26.03.2019;15:00;16:00;224;190
26.03.2019;16:00;17:00;226;186
26.03.2019;17:00;18:00;333;265
26.03.2019;18:00;19:00;348;278
26.03.2019;19:00;20:00;393;317
26.03.2019;20:00;21:00;396;317
26.03.2019;21:00;22:00;399;318
26.03.2019;22:00;23:00;398;316
26.03.2019;23:00;00:00;381;309
27.03.2019;00:00;01:00;288;257
27.03.2019;01:00;02:00;244;215
27.03.2019;02:00;03:00;218;190
27.03.2019;03:00;04:00;218;194
27.03.2019;04:00;05:00;226;186
27.03.2019;05:00;06:00;297;218
27.03.2019;06:00;07:00;383;306
27.03.2019;07:00;08:00;398;310
27.03.2019;08:00;09:00;397;305
27.03.2019;09:00;10:00;398;305
27.03.2019;10:00;11:00;338;273
27.03.2019;11:00;12:00;284;231
27.03.2019;12:00;13:00;236;210
27.03.2019;13:00;14:00;229;221
27.03.2019;14:00;15:00;229;220
27.03.2019;15:00;16:00;228;212
27.03.2019;16:00;17:00;232;220
27.03.2019;17:00;18:00;309;264
27.03.2019;18:00;19:00;374;309
27.03.2019;19:00;20:00;381;307
27.03.2019;20:00;21:00;400;310
27.03.2019;21:00;22:00;402;317
27.03.2019;22:00;23:00;395;308
27.03.2019;23:00;00:00;253;234
28.03.2019;00:00;01:00;222;203
28.03.2019;01:00;02:00;221;201
28.03.2019;02:00;03:00;219;203
28.03.2019;03:00;04:00;220;199
28.03.2019;04:00;05:00;228;211
28.03.2019;05:00;06:00;297;267
28.03.2019;06:00;07:00;393;320
28.03.2019;07:00;08:00;398;325
28.03.2019;08:00;09:00;398;324
28.03.2019;09:00;10:00;399;330
28.03.2019;10:00;11:00;401;338
28.03.2019;11:00;12:00;398;328
28.03.2019;12:00;13:00;398;326
28.03.2019;13:00;14:00;398;330
28.03.2019;14:00;15:00;397;327
28.03.2019;15:00;16:00;397;327
28.03.2019;16:00;17:00;398;322
28.03.2019;17:00;18:00;398;325
28.03.2019;18:00;19:00;397;315
28.03.2019;19:00;20:00;397;262
28.03.2019;20:00;21:00;404;296
28.03.2019;21:00;22:00;396;294
28.03.2019;22:00;23:00;391;335
28.03.2019;23:00;00:00;383;331
29.03.2019;00:00;01:00;273;228
29.03.2019;01:00;02:00;218;197
29.03.2019;02:00;03:00;215;197
29.03.2019;03:00;04:00;220;199
29.03.2019;04:00;05:00;219;202
29.03.2019;05:00;06:00;229;204
29.03.2019;06:00;07:00;381;314
29.03.2019;07:00;08:00;402;315
29.03.2019;08:00;09:00;402;325
29.03.2019;09:00;10:00;301;241
29.03.2019;10:00;11:00;230;199
29.03.2019;11:00;12:00;227;209
29.03.2019;12:00;13:00;223;208
29.03.2019;13:00;14:00;225;207
29.03.2019;14:00;15:00;224;206
29.03.2019;15:00;16:00;224;206
29.03.2019;16:00;17:00;230;207
29.03.2019;17:00;18:00;328;271
29.03.2019;18:00;19:00;405;318
29.03.2019;19:00;20:00;406;317
29.03.2019;20:00;21:00;405;318
29.03.2019;21:00;22:00;350;318
29.03.2019;22:00;23:00;269;300
29.03.2019;23:00;00:00;19;306
30.03.2019;00:00;01:00;0;245
30.03.2019;01:00;02:00;0;206
30.03.2019;02:00;03:00;0;205
30.03.2019;03:00;04:00;0;202
30.03.2019;04:00;05:00;0;199
30.03.2019;05:00;06:00;0;200
30.03.2019;06:00;07:00;0;198
30.03.2019;07:00;08:00;0;187
30.03.2019;08:00;09:00;0;189
30.03.2019;09:00;10:00;0;188
30.03.2019;10:00;11:00;0;188
30.03.2019;11:00;12:00;0;187
30.03.2019;12:00;13:00;0;187
30.03.2019;13:00;14:00;0;188
30.03.2019;14:00;15:00;0;189
30.03.2019;15:00;16:00;0;190
30.03.2019;16:00;17:00;0;188
30.03.2019;17:00;18:00;0;190
30.03.2019;18:00;19:00;0;318
30.03.2019;19:00;20:00;0;327
30.03.2019;20:00;21:00;0;324
30.03.2019;21:00;22:00;0;318
30.03.2019;22:00;23:00;0;242
30.03.2019;23:00;00:00;0;221
31.03.2019;00:00;01:00;0;233
31.03.2019;01:00;02:00;0;233
31.03.2019;03:00;04:00;0;237
31.03.2019;04:00;05:00;0;237
31.03.2019;05:00;06:00;0;236
31.03.2019;06:00;07:00;0;210
31.03.2019;07:00;08:00;0;194
31.03.2019;08:00;09:00;0;187
31.03.2019;09:00;10:00;0;184
31.03.2019;10:00;11:00;0;184
31.03.2019;11:00;12:00;0;182
31.03.2019;12:00;13:00;0;184
31.03.2019;13:00;14:00;0;196
31.03.2019;14:00;15:00;0;191
31.03.2019;15:00;16:00;0;181
31.03.2019;16:00;17:00;0;180
31.03.2019;17:00;18:00;0;183
31.03.2019;18:00;19:00;0;182
31.03.2019;19:00;20:00;0;181
31.03.2019;20:00;21:00;0;182
31.03.2019;21:00;22:00;0;184
31.03.2019;22:00;23:00;0;180
31.03.2019;23:00;00:00;0;184
01.04.2019;00:00;01:00;0;219
01.04.2019;01:00;02:00;0;231
01.04.2019;02:00;03:00;0;235
01.04.2019;03:00;04:00;0;246
01.04.2019;04:00;05:00;0;275
01.04.2019;05:00;06:00;0;272
01.04.2019;06:00;07:00;6;266
01.04.2019;07:00;08:00;176;275
01.04.2019;08:00;09:00;248;320
01.04.2019;09:00;10:00;368;329
01.04.2019;10:00;11:00;385;331
01.04.2019;11:00;12:00;357;312
01.04.2019;12:00;13:00;244;208
01.04.2019;13:00;14:00;230;200
01.04.2019;14:00;15:00;229;201
01.04.2019;15:00;16:00;222;203
01.04.2019;16:00;17:00;250;178
01.04.2019;17:00;18:00;243;193
01.04.2019;18:00;19:00;356;283
01.04.2019;19:00;20:00;389;319
01.04.2019;20:00;21:00;348;327
01.04.2019;21:00;22:00;284;278
01.04.2019;22:00;23:00;231;217
01.04.2019;23:00;00:00;235;201
02.04.2019;00:00;01:00;232;202
02.04.2019;01:00;02:00;235;203
02.04.2019;02:00;03:00;233;201
02.04.2019;03:00;04:00;233;202
02.04.2019;04:00;05:00;233;202
02.04.2019;05:00;06:00;241;206
02.04.2019;06:00;07:00;344;286
02.04.2019;07:00;08:00;402;303
02.04.2019;08:00;09:00;399;309
02.04.2019;09:00;10:00;345;280
02.04.2019;10:00;11:00;382;296
02.04.2019;11:00;12:00;277;219
02.04.2019;12:00;13:00;237;169
02.04.2019;13:00;14:00;227;168
02.04.2019;14:00;15:00;223;175
02.04.2019;15:00;16:00;220;198
02.04.2019;16:00;17:00;220;202
02.04.2019;17:00;18:00;227;219
02.04.2019;18:00;19:00;328;301
02.04.2019;19:00;20:00;382;341
02.04.2019;20:00;21:00;376;334
02.04.2019;21:00;22:00;272;217
02.04.2019;22:00;23:00;266;201
02.04.2019;23:00;00:00;305;238
03.04.2019;00:00;01:00;307;240
03.04.2019;01:00;02:00;282;218
03.04.2019;02:00;03:00;240;199
03.04.2019;03:00;04:00;233;196
03.04.2019;04:00;05:00;242;201
03.04.2019;05:00;06:00;314;255
03.04.2019;06:00;07:00;379;325
03.04.2019;07:00;08:00;386;332
03.04.2019;08:00;09:00;385;328
03.04.2019;09:00;10:00;385;329
03.04.2019;10:00;11:00;385;334
03.04.2019;11:00;12:00;384;333
03.04.2019;12:00;13:00;386;335
03.04.2019;13:00;14:00;385;335
03.04.2019;14:00;15:00;385;334
03.04.2019;15:00;16:00;385;330
03.04.2019;16:00;17:00;384;330
03.04.2019;17:00;18:00;386;329
03.04.2019;18:00;19:00;386;331
03.04.2019;19:00;20:00;385;328
03.04.2019;20:00;21:00;384;325
03.04.2019;21:00;22:00;341;265
03.04.2019;22:00;23:00;250;189
03.04.2019;23:00;00:00;235;190
04.04.2019;00:00;01:00;234;195
04.04.2019;01:00;02:00;235;198
04.04.2019;02:00;03:00;235;198
04.04.2019;03:00;04:00;239;202
04.04.2019;04:00;05:00;311;261
04.04.2019;05:00;06:00;370;333
04.04.2019;06:00;07:00;372;334
04.04.2019;07:00;08:00;370;335
04.04.2019;08:00;09:00;357;333
04.04.2019;09:00;10:00;357;334
04.04.2019;10:00;11:00;360;331
04.04.2019;11:00;12:00;378;333
04.04.2019;12:00;13:00;379;334
04.04.2019;13:00;14:00;326;293
04.04.2019;14:00;15:00;236;181
04.04.2019;15:00;16:00;241;194
04.04.2019;16:00;17:00;314;251
04.04.2019;17:00;18:00;386;316
04.04.2019;18:00;19:00;395;313
04.04.2019;19:00;20:00;393;317
04.04.2019;20:00;21:00;394;317
04.04.2019;21:00;22:00;389;315
04.04.2019;22:00;23:00;312;245
04.04.2019;23:00;00:00;337;305
05.04.2019;00:00;01:00;349;346
05.04.2019;01:00;02:00;281;270
05.04.2019;02:00;03:00;253;255
05.04.2019;03:00;04:00;253;258
05.04.2019;04:00;05:00;278;280
05.04.2019;05:00;06:00;261;285
05.04.2019;06:00;07:00;362;332
05.04.2019;07:00;08:00;386;325
05.04.2019;08:00;09:00;395;324
05.04.2019;09:00;10:00;395;324
05.04.2019;10:00;11:00;395;323
05.04.2019;11:00;12:00;375;322
05.04.2019;12:00;13:00;292;275
05.04.2019;13:00;14:00;277;247
05.04.2019;14:00;15:00;278;241
05.04.2019;15:00;16:00;273;236
05.04.2019;16:00;17:00;222;165
05.04.2019;17:00;18:00;293;239
05.04.2019;18:00;19:00;378;319
05.04.2019;19:00;20:00;388;325
05.04.2019;20:00;21:00;385;330
05.04.2019;21:00;22:00;298;310
05.04.2019;22:00;23:00;232;239
05.04.2019;23:00;00:00;215;223
06.04.2019;00:00;01:00;202;6
06.04.2019;01:00;02:00;204;0
06.04.2019;02:00;03:00;203;0
06.04.2019;03:00;04:00;202;0
06.04.2019;04:00;05:00;202;0
06.04.2019;05:00;06:00;206;0
06.04.2019;06:00;07:00;230;0
06.04.2019;07:00;08:00;266;0
06.04.2019;08:00;09:00;315;0
06.04.2019;09:00;10:00;319;0
06.04.2019;10:00;11:00;318;0
06.04.2019;11:00;12:00;234;0
06.04.2019;12:00;13:00;205;0
06.04.2019;13:00;14:00;204;0
06.04.2019;14:00;15:00;204;0
06.04.2019;15:00;16:00;203;0
06.04.2019;16:00;17:00;203;0
06.04.2019;17:00;18:00;204;0
06.04.2019;18:00;19:00;204;0
06.04.2019;19:00;20:00;204;0
06.04.2019;20:00;21:00;204;0
06.04.2019;21:00;22:00;205;0
06.04.2019;22:00;23:00;205;0
06.04.2019;23:00;00:00;205;0
07.04.2019;00:00;01:00;216;0
07.04.2019;01:00;02:00;232;0
07.04.2019;02:00;03:00;229;0
07.04.2019;03:00;04:00;226;0
07.04.2019;04:00;05:00;224;0
07.04.2019;05:00;06:00;242;0
07.04.2019;06:00;07:00;244;0
07.04.2019;07:00;08:00;247;0
07.04.2019;08:00;09:00;230;0
07.04.2019;09:00;10:00;219;0
07.04.2019;10:00;11:00;215;0
07.04.2019;11:00;12:00;213;0
07.04.2019;12:00;13:00;215;0
07.04.2019;13:00;14:00;214;0
07.04.2019;14:00;15:00;214;0
07.04.2019;15:00;16:00;214;0
07.04.2019;16:00;17:00;215;0
07.04.2019;17:00;18:00;215;0
07.04.2019;18:00;19:00;214;0
07.04.2019;19:00;20:00;308;0
07.04.2019;20:00;21:00;325;0
07.04.2019;21:00;22:00;324;0
07.04.2019;22:00;23:00;324;0
07.04.2019;23:00;00:00;324;0
08.04.2019;00:00;01:00;237;0
08.04.2019;01:00;02:00;233;0
08.04.2019;02:00;03:00;225;0
08.04.2019;03:00;04:00;229;0
08.04.2019;04:00;05:00;220;1
08.04.2019;05:00;06:00;242;169
08.04.2019;06:00;07:00;321;265
08.04.2019;07:00;08:00;346;343
08.04.2019;08:00;09:00;357;353
08.04.2019;09:00;10:00;363;239
08.04.2019;10:00;11:00;373;221
08.04.2019;11:00;12:00;363;226
08.04.2019;12:00;13:00;246;223
08.04.2019;13:00;14:00;225;223
08.04.2019;14:00;15:00;224;224
08.04.2019;15:00;16:00;236;222
08.04.2019;16:00;17:00;249;211
08.04.2019;17:00;18:00;358;272
08.04.2019;18:00;19:00;403;309
08.04.2019;19:00;20:00;407;309
08.04.2019;20:00;21:00;404;312
08.04.2019;21:00;22:00;399;321
08.04.2019;22:00;23:00;391;314
08.04.2019;23:00;00:00;300;243
09.04.2019;00:00;01:00;229;204
09.04.2019;01:00;02:00;230;205
09.04.2019;02:00;03:00;228;202
09.04.2019;03:00;04:00;229;202
09.04.2019;04:00;05:00;227;201
09.04.2019;05:00;06:00;249;204
09.04.2019;06:00;07:00;394;307
09.04.2019;07:00;08:00;407;316
09.04.2019;08:00;09:00;406;311
09.04.2019;09:00;10:00;406;310
09.04.2019;10:00;11:00;407;306
09.04.2019;11:00;12:00;390;304
09.04.2019;12:00;13:00;289;224
09.04.2019;13:00;14:00;247;213
09.04.2019;14:00;15:00;243;216
09.04.2019;15:00;16:00;244;218
09.04.2019;16:00;17:00;243;219
09.04.2019;17:00;18:00;252;211
09.04.2019;18:00;19:00;382;285
09.04.2019;19:00;20:00;406;306
09.04.2019;20:00;21:00;407;304
09.04.2019;21:00;22:00;397;298
09.04.2019;22:00;23:00;344;233
09.04.2019;23:00;00:00;329;229
10.04.2019;00:00;01:00;232;207
10.04.2019;01:00;02:00;229;206
10.04.2019;02:00;03:00;228;207
10.04.2019;03:00;04:00;226;204
10.04.2019;04:00;05:00;227;206
10.04.2019;05:00;06:00;248;210
10.04.2019;06:00;07:00;391;310
10.04.2019;07:00;08:00;402;312
10.04.2019;08:00;09:00;403;310
10.04.2019;09:00;10:00;398;320
10.04.2019;10:00;11:00;397;312
10.04.2019;11:00;12:00;312;264
10.04.2019;12:00;13:00;247;211
10.04.2019;13:00;14:00;244;210
10.04.2019;14:00;15:00;244;211
10.04.2019;15:00;16:00;243;210
10.04.2019;16:00;17:00;250;197
10.04.2019;17:00;18:00;254;201
10.04.2019;18:00;19:00;366;299
10.04.2019;19:00;20:00;392;312
10.04.2019;20:00;21:00;407;307
10.04.2019;21:00;22:00;400;299
10.04.2019;22:00;23:00;254;199
10.04.2019;23:00;00:00;231;213
11.04.2019;00:00;01:00;229;206
11.04.2019;01:00;02:00;229;205
11.04.2019;02:00;03:00;228;204
11.04.2019;03:00;04:00;229;203
11.04.2019;04:00;05:00;229;201
11.04.2019;05:00;06:00;249;207
11.04.2019;06:00;07:00;392;308
11.04.2019;07:00;08:00;399;311
11.04.2019;08:00;09:00;394;316
11.04.2019;09:00;10:00;388;322
11.04.2019;10:00;11:00;385;325
11.04.2019;11:00;12:00;366;331
11.04.2019;12:00;13:00;341;317
11.04.2019;13:00;14:00;336;313
11.04.2019;14:00;15:00;292;261
11.04.2019;15:00;16:00;290;256
11.04.2019;16:00;17:00;234;254
11.04.2019;17:00;18:00;269;288
11.04.2019;18:00;19:00;359;307
11.04.2019;19:00;20:00;397;317
11.04.2019;20:00;21:00;405;317
11.04.2019;21:00;22:00;402;318
11.04.2019;22:00;23:00;376;299
11.04.2019;23:00;00:00;241;215
12.04.2019;00:00;01:00;233;211
12.04.2019;01:00;02:00;226;210
12.04.2019;02:00;03:00;225;207
12.04.2019;03:00;04:00;227;205
12.04.2019;04:00;05:00;226;204
12.04.2019;05:00;06:00;232;208
12.04.2019;06:00;07:00;362;308
12.04.2019;07:00;08:00;397;315
12.04.2019;08:00;09:00;397;316
12.04.2019;09:00;10:00;397;323
12.04.2019;10:00;11:00;347;288
12.04.2019;11:00;12:00;292;242
12.04.2019;12:00;13:00;254;201
12.04.2019;13:00;14:00;230;199
12.04.2019;14:00;15:00;230;195
12.04.2019;15:00;16:00;230;196
12.04.2019;16:00;17:00;238;192
12.04.2019;17:00;18:00;346;261
12.04.2019;18:00;19:00;395;309
12.04.2019;19:00;20:00;404;311
12.04.2019;20:00;21:00;402;310
12.04.2019;21:00;22:00;403;312
12.04.2019;22:00;23:00;390;309
12.04.2019;23:00;00:00;234;252
13.04.2019;00:00;01:00;216;23
13.04.2019;01:00;02:00;212;0
13.04.2019;02:00;03:00;212;0
13.04.2019;03:00;04:00;210;0
13.04.2019;04:00;05:00;212;0
13.04.2019;05:00;06:00;210;0
13.04.2019;06:00;07:00;198;0
13.04.2019;07:00;08:00;198;0
13.04.2019;08:00;09:00;198;0
13.04.2019;09:00;10:00;194;0
13.04.2019;10:00;11:00;195;0
13.04.2019;11:00;12:00;203;0
13.04.2019;12:00;13:00;200;0
13.04.2019;13:00;14:00;206;0
13.04.2019;14:00;15:00;212;0
13.04.2019;15:00;16:00;212;0
13.04.2019;16:00;17:00;214;0
13.04.2019;17:00;18:00;214;0
13.04.2019;18:00;19:00;220;0
13.04.2019;19:00;20:00;217;0
13.04.2019;20:00;21:00;213;0
13.04.2019;21:00;22:00;214;0
13.04.2019;22:00;23:00;214;0
13.04.2019;23:00;00:00;216;0
14.04.2019;00:00;01:00;240;0
14.04.2019;01:00;02:00;240;0
14.04.2019;02:00;03:00;240;0
14.04.2019;03:00;04:00;239;0
14.04.2019;04:00;05:00;238;0
14.04.2019;05:00;06:00;241;0
14.04.2019;06:00;07:00;239;0
14.04.2019;07:00;08:00;231;0
14.04.2019;08:00;09:00;217;0
14.04.2019;09:00;10:00;210;0
14.04.2019;10:00;11:00;209;0
14.04.2019;11:00;12:00;209;0
14.04.2019;12:00;13:00;210;0
14.04.2019;13:00;14:00;217;0
14.04.2019;14:00;15:00;217;0
14.04.2019;15:00;16:00;214;0
14.04.2019;16:00;17:00;212;0
14.04.2019;17:00;18:00;211;0
14.04.2019;18:00;19:00;213;0
14.04.2019;19:00;20:00;211;0
14.04.2019;20:00;21:00;209;0
14.04.2019;21:00;22:00;216;0
14.04.2019;22:00;23:00;210;0
14.04.2019;23:00;00:00;217;0
15.04.2019;00:00;01:00;240;0
15.04.2019;01:00;02:00;240;0
15.04.2019;02:00;03:00;241;0
15.04.2019;03:00;04:00;241;0
15.04.2019;04:00;05:00;279;0
15.04.2019;05:00;06:00;340;0
15.04.2019;06:00;07:00;341;0
15.04.2019;07:00;08:00;342;0
15.04.2019;08:00;09:00;335;0
15.04.2019;09:00;10:00;186;0
15.04.2019;10:00;11:00;237;0
15.04.2019;11:00;12:00;217;0
15.04.2019;12:00;13:00;227;0
15.04.2019;13:00;14:00;214;0
15.04.2019;14:00;15:00;213;0
15.04.2019;15:00;16:00;214;0
15.04.2019;16:00;17:00;232;0
15.04.2019;17:00;18:00;352;0
15.04.2019;18:00;19:00;344;0
15.04.2019;19:00;20:00;332;0
15.04.2019;20:00;21:00;332;0
15.04.2019;21:00;22:00;333;0
15.04.2019;22:00;23:00;281;0
15.04.2019;23:00;00:00;253;0
16.04.2019;00:00;01:00;252;0
16.04.2019;01:00;02:00;249;0
16.04.2019;02:00;03:00;251;0
16.04.2019;03:00;04:00;251;0
16.04.2019;04:00;05:00;293;0
16.04.2019;05:00;06:00;338;79
16.04.2019;06:00;07:00;354;262
16.04.2019;07:00;08:00;293;335
16.04.2019;08:00;09:00;282;334
16.04.2019;09:00;10:00;276;329
16.04.2019;10:00;11:00;270;239
16.04.2019;11:00;12:00;218;227
16.04.2019;12:00;13:00;241;3
16.04.2019;13:00;14:00;226;0
16.04.2019;14:00;15:00;215;0
16.04.2019;15:00;16:00;226;0
16.04.2019;16:00;17:00;337;0
16.04.2019;17:00;18:00;351;0
16.04.2019;18:00;19:00;351;0
16.04.2019;19:00;20:00;351;0
16.04.2019;20:00;21:00;351;0
16.04.2019;21:00;22:00;351;0
16.04.2019;22:00;23:00;353;0
16.04.2019;23:00;00:00;352;0
17.04.2019;00:00;01:00;310;0
17.04.2019;01:00;02:00;226;0
17.04.2019;02:00;03:00;218;0
17.04.2019;03:00;04:00;217;0
17.04.2019;04:00;05:00;218;0
17.04.2019;05:00;06:00;225;0
17.04.2019;06:00;07:00;305;0
17.04.2019;07:00;08:00;323;0
17.04.2019;08:00;09:00;325;0
17.04.2019;09:00;10:00;323;0
17.04.2019;10:00;11:00;284;0
17.04.2019;11:00;12:00;240;0
17.04.2019;12:00;13:00;225;0
17.04.2019;13:00;14:00;224;0
17.04.2019;14:00;15:00;223;0
17.04.2019;15:00;16:00;225;0
17.04.2019;16:00;17:00;237;0
17.04.2019;17:00;18:00;248;0
17.04.2019;18:00;19:00;338;0
17.04.2019;19:00;20:00;347;0
17.04.2019;20:00;21:00;340;0
17.04.2019;21:00;22:00;327;0
17.04.2019;22:00;23:00;357;93
17.04.2019;23:00;00:00;249;246
18.04.2019;00:00;01:00;219;252
18.04.2019;01:00;02:00;216;249
18.04.2019;02:00;03:00;257;234
18.04.2019;03:00;04:00;53;217
18.04.2019;04:00;05:00;0;273
18.04.2019;05:00;06:00;0;322
18.04.2019;06:00;07:00;0;333
18.04.2019;07:00;08:00;0;333
18.04.2019;08:00;09:00;0;236
18.04.2019;09:00;10:00;0;208
18.04.2019;10:00;11:00;0;203
18.04.2019;11:00;12:00;0;200
18.04.2019;12:00;13:00;0;202
18.04.2019;13:00;14:00;0;202
18.04.2019;14:00;15:00;0;197
18.04.2019;15:00;16:00;0;196
18.04.2019;16:00;17:00;0;197
18.04.2019;17:00;18:00;0;189
18.04.2019;18:00;19:00;0;193
18.04.2019;19:00;20:00;0;195
18.04.2019;20:00;21:00;0;195
18.04.2019;21:00;22:00;0;195
18.04.2019;22:00;23:00;0;208
18.04.2019;23:00;00:00;0;202
19.04.2019;00:00;01:00;0;201
19.04.2019;01:00;02:00;0;199
19.04.2019;02:00;03:00;0;201
19.04.2019;03:00;04:00;0;201
19.04.2019;04:00;05:00;0;200
19.04.2019;05:00;06:00;0;201
19.04.2019;06:00;07:00;0;204
19.04.2019;07:00;08:00;0;206
19.04.2019;08:00;09:00;0;206
19.04.2019;09:00;10:00;0;205
19.04.2019;10:00;11:00;0;201
19.04.2019;11:00;12:00;0;193
19.04.2019;12:00;13:00;0;200
19.04.2019;13:00;14:00;0;190
19.04.2019;14:00;15:00;0;193
19.04.2019;15:00;16:00;0;196
19.04.2019;16:00;17:00;0;201
19.04.2019;17:00;18:00;0;203
19.04.2019;18:00;19:00;0;201
19.04.2019;19:00;20:00;0;198
19.04.2019;20:00;21:00;0;197
19.04.2019;21:00;22:00;0;207
19.04.2019;22:00;23:00;0;209
19.04.2019;23:00;00:00;0;213
20.04.2019;00:00;01:00;0;228
20.04.2019;01:00;02:00;0;229
20.04.2019;02:00;03:00;0;235
20.04.2019;03:00;04:00;0;232
20.04.2019;04:00;05:00;0;230
20.04.2019;05:00;06:00;0;227
20.04.2019;06:00;07:00;0;191
20.04.2019;07:00;08:00;0;188
20.04.2019;08:00;09:00;0;189
20.04.2019;09:00;10:00;0;192
20.04.2019;10:00;11:00;0;193
20.04.2019;11:00;12:00;0;193
20.04.2019;12:00;13:00;0;192
20.04.2019;13:00;14:00;0;192
20.04.2019;14:00;15:00;0;195
20.04.2019;15:00;16:00;0;196
20.04.2019;16:00;17:00;0;196
20.04.2019;17:00;18:00;0;198
20.04.2019;18:00;19:00;0;197
20.04.2019;19:00;20:00;0;197
20.04.2019;20:00;21:00;0;195
20.04.2019;21:00;22:00;0;194
20.04.2019;22:00;23:00;0;199
20.04.2019;23:00;00:00;0;202
21.04.2019;00:00;01:00;0;227
21.04.2019;01:00;02:00;0;231
21.04.2019;02:00;03:00;0;230
21.04.2019;03:00;04:00;0;232
21.04.2019;04:00;05:00;0;232
21.04.2019;05:00;06:00;0;232
21.04.2019;06:00;07:00;0;232
21.04.2019;07:00;08:00;0;225
21.04.2019;08:00;09:00;0;203
21.04.2019;09:00;10:00;0;195
21.04.2019;10:00;11:00;0;187
21.04.2019;11:00;12:00;0;184
21.04.2019;12:00;13:00;0;182
21.04.2019;13:00;14:00;0;182
21.04.2019;14:00;15:00;0;183
21.04.2019;15:00;16:00;0;188
21.04.2019;16:00;17:00;0;195
21.04.2019;17:00;18:00;0;196
21.04.2019;18:00;19:00;0;195
21.04.2019;19:00;20:00;0;193
21.04.2019;20:00;21:00;0;193
21.04.2019;21:00;22:00;0;194
21.04.2019;22:00;23:00;0;193
21.04.2019;23:00;00:00;0;198
22.04.2019;00:00;01:00;0;222
22.04.2019;01:00;02:00;0;228
22.04.2019;02:00;03:00;0;230
22.04.2019;03:00;04:00;0;232
22.04.2019;04:00;05:00;0;230
22.04.2019;05:00;06:00;0;228
22.04.2019;06:00;07:00;0;228
22.04.2019;07:00;08:00;0;207
22.04.2019;08:00;09:00;0;195
22.04.2019;09:00;10:00;0;188
22.04.2019;10:00;11:00;0;188
22.04.2019;11:00;12:00;0;188
22.04.2019;12:00;13:00;0;187
22.04.2019;13:00;14:00;0;186
22.04.2019;14:00;15:00;0;187
22.04.2019;15:00;16:00;0;188
22.04.2019;16:00;17:00;0;184
22.04.2019;17:00;18:00;0;184
22.04.2019;18:00;19:00;0;191
22.04.2019;19:00;20:00;0;208
22.04.2019;20:00;21:00;0;197
22.04.2019;21:00;22:00;0;191
22.04.2019;22:00;23:00;0;193
22.04.2019;23:00;00:00;0;191
23.04.2019;00:00;01:00;0;211
23.04.2019;01:00;02:00;0;219
23.04.2019;02:00;03:00;0;220
23.04.2019;03:00;04:00;0;216
23.04.2019;04:00;05:00;0;216
23.04.2019;05:00;06:00;0;203
23.04.2019;06:00;07:00;0;202
23.04.2019;07:00;08:00;0;196
23.04.2019;08:00;09:00;0;208
23.04.2019;09:00;10:00;0;212
23.04.2019;10:00;11:00;0;214
23.04.2019;11:00;12:00;0;200
23.04.2019;12:00;13:00;0;203
23.04.2019;13:00;14:00;0;200
23.04.2019;14:00;15:00;0;201
23.04.2019;15:00;16:00;0;200
23.04.2019;16:00;17:00;0;202
23.04.2019;17:00;18:00;0;199
23.04.2019;18:00;19:00;0;217
23.04.2019;19:00;20:00;0;216
23.04.2019;20:00;21:00;0;216
23.04.2019;21:00;22:00;0;221
23.04.2019;22:00;23:00;0;198
23.04.2019;23:00;00:00;0;203
24.04.2019;00:00;01:00;0;200
24.04.2019;01:00;02:00;0;200
24.04.2019;02:00;03:00;0;203
24.04.2019;03:00;04:00;0;200
24.04.2019;04:00;05:00;0;202
24.04.2019;05:00;06:00;0;202
24.04.2019;06:00;07:00;0;200
24.04.2019;07:00;08:00;0;207
24.04.2019;08:00;09:00;0;202
24.04.2019;09:00;10:00;0;214
24.04.2019;10:00;11:00;0;214
24.04.2019;11:00;12:00;0;212
24.04.2019;12:00;13:00;0;209
24.04.2019;13:00;14:00;0;209
24.04.2019;14:00;15:00;0;208
24.04.2019;15:00;16:00;0;206
24.04.2019;16:00;17:00;0;207
24.04.2019;17:00;18:00;0;216
24.04.2019;18:00;19:00;0;226
24.04.2019;19:00;20:00;0;225
24.04.2019;20:00;21:00;0;226
24.04.2019;21:00;22:00;0;209
24.04.2019;22:00;23:00;0;210
24.04.2019;23:00;00:00;0;212
25.04.2019;00:00;01:00;0;211
25.04.2019;01:00;02:00;0;213
25.04.2019;02:00;03:00;0;212
25.04.2019;03:00;04:00;0;209
25.04.2019;04:00;05:00;0;208
25.04.2019;05:00;06:00;0;202
25.04.2019;06:00;07:00;0;198
25.04.2019;07:00;08:00;0;203
25.04.2019;08:00;09:00;0;207
25.04.2019;09:00;10:00;0;221
25.04.2019;10:00;11:00;0;221
25.04.2019;11:00;12:00;6;218
25.04.2019;12:00;13:00;95;222
25.04.2019;13:00;14:00;243;225
25.04.2019;14:00;15:00;280;211
25.04.2019;15:00;16:00;259;218
25.04.2019;16:00;17:00;234;14
25.04.2019;17:00;18:00;309;0
25.04.2019;18:00;19:00;361;0
25.04.2019;19:00;20:00;349;0
25.04.2019;20:00;21:00;336;0
25.04.2019;21:00;22:00;241;0
25.04.2019;22:00;23:00;231;0
25.04.2019;23:00;00:00;224;0
26.04.2019;00:00;01:00;224;0
26.04.2019;01:00;02:00;224;0
26.04.2019;02:00;03:00;224;0
26.04.2019;03:00;04:00;222;0
26.04.2019;04:00;05:00;224;0
26.04.2019;05:00;06:00;223;0
26.04.2019;06:00;07:00;227;0
26.04.2019;07:00;08:00;321;0
26.04.2019;08:00;09:00;335;0
26.04.2019;09:00;10:00;334;0
26.04.2019;10:00;11:00;335;0
26.04.2019;11:00;12:00;329;0
26.04.2019;12:00;13:00;279;0
26.04.2019;13:00;14:00;230;0
26.04.2019;14:00;15:00;225;0
26.04.2019;15:00;16:00;224;0
26.04.2019;16:00;17:00;225;0
26.04.2019;17:00;18:00;232;0
26.04.2019;18:00;19:00;335;0
26.04.2019;19:00;20:00;371;0
26.04.2019;20:00;21:00;366;0
26.04.2019;21:00;22:00;244;0
26.04.2019;22:00;23:00;221;0
26.04.2019;23:00;00:00;214;0
27.04.2019;00:00;01:00;213;0
27.04.2019;01:00;02:00;214;0
27.04.2019;02:00;03:00;214;0
27.04.2019;03:00;04:00;213;0
27.04.2019;04:00;05:00;213;0
27.04.2019;05:00;06:00;215;0
27.04.2019;06:00;07:00;214;0
27.04.2019;07:00;08:00;214;0
27.04.2019;08:00;09:00;213;0
27.04.2019;09:00;10:00;214;0
27.04.2019;10:00;11:00;214;0
27.04.2019;11:00;12:00;214;0
27.04.2019;12:00;13:00;214;0
27.04.2019;13:00;14:00;213;0
27.04.2019;14:00;15:00;215;0
27.04.2019;15:00;16:00;214;0
27.04.2019;16:00;17:00;215;0
27.04.2019;17:00;18:00;215;0
27.04.2019;18:00;19:00;215;0
27.04.2019;19:00;20:00;214;0
27.04.2019;20:00;21:00;215;0
27.04.2019;21:00;22:00;214;0
27.04.2019;22:00;23:00;214;0
27.04.2019;23:00;00:00;213;0
28.04.2019;00:00;01:00;225;0
28.04.2019;01:00;02:00;239;0
28.04.2019;02:00;03:00;241;0
28.04.2019;03:00;04:00;242;0
28.04.2019;04:00;05:00;241;0
28.04.2019;05:00;06:00;242;0
28.04.2019;06:00;07:00;244;0
28.04.2019;07:00;08:00;241;0
28.04.2019;08:00;09:00;230;0
28.04.2019;09:00;10:00;221;0
28.04.2019;10:00;11:00;226;0
28.04.2019;11:00;12:00;225;0
28.04.2019;12:00;13:00;228;0
28.04.2019;13:00;14:00;225;0
28.04.2019;14:00;15:00;225;0
28.04.2019;15:00;16:00;224;0
28.04.2019;16:00;17:00;225;0
28.04.2019;17:00;18:00;225;0
28.04.2019;18:00;19:00;233;0
28.04.2019;19:00;20:00;326;0
28.04.2019;20:00;21:00;336;0
28.04.2019;21:00;22:00;335;0
28.04.2019;22:00;23:00;330;0
28.04.2019;23:00;00:00;243;0
29.04.2019;00:00;01:00;246;0
29.04.2019;01:00;02:00;244;0
29.04.2019;02:00;03:00;246;0
29.04.2019;03:00;04:00;246;0
29.04.2019;04:00;05:00;245;0
29.04.2019;05:00;06:00;236;0
29.04.2019;06:00;07:00;322;0
29.04.2019;07:00;08:00;340;0
29.04.2019;08:00;09:00;340;0
29.04.2019;09:00;10:00;341;0
29.04.2019;10:00;11:00;343;0
29.04.2019;11:00;12:00;337;0
29.04.2019;12:00;13:00;246;0
29.04.2019;13:00;14:00;228;0
29.04.2019;14:00;15:00;228;0
29.04.2019;15:00;16:00;218;0
29.04.2019;16:00;17:00;204;0
29.04.2019;17:00;18:00;215;0
29.04.2019;18:00;19:00;339;0
29.04.2019;19:00;20:00;343;0
29.04.2019;20:00;21:00;344;0
29.04.2019;21:00;22:00;344;0
29.04.2019;22:00;23:00;341;0
29.04.2019;23:00;00:00;296;0
30.04.2019;00:00;01:00;223;0
30.04.2019;01:00;02:00;208;0
30.04.2019;02:00;03:00;209;0
30.04.2019;03:00;04:00;210;0
30.04.2019;04:00;05:00;208;0
30.04.2019;05:00;06:00;214;0
30.04.2019;06:00;07:00;314;0
30.04.2019;07:00;08:00;319;0
30.04.2019;08:00;09:00;318;0
30.04.2019;09:00;10:00;321;0
30.04.2019;10:00;11:00;323;0
30.04.2019;11:00;12:00;319;0
30.04.2019;12:00;13:00;231;0
30.04.2019;13:00;14:00;215;0
30.04.2019;14:00;15:00;214;0
30.04.2019;15:00;16:00;214;0
30.04.2019;16:00;17:00;215;0
30.04.2019;17:00;18:00;223;0
30.04.2019;18:00;19:00;313;0
30.04.2019;19:00;20:00;316;0
30.04.2019;20:00;21:00;315;0
30.04.2019;21:00;22:00;315;0
30.04.2019;22:00;23:00;278;0
30.04.2019;23:00;00:00;212;0
01.05.2019;00:00;01:00;209;0
01.05.2019;01:00;02:00;213;0
01.05.2019;02:00;03:00;210;0
01.05.2019;03:00;04:00;212;0
01.05.2019;04:00;05:00;212;0
01.05.2019;05:00;06:00;212;0
01.05.2019;06:00;07:00;213;0
01.05.2019;07:00;08:00;212;0
01.05.2019;08:00;09:00;213;0
01.05.2019;09:00;10:00;212;0
01.05.2019;10:00;11:00;213;0
01.05.2019;11:00;12:00;213;0
01.05.2019;12:00;13:00;212;0
01.05.2019;13:00;14:00;213;0
01.05.2019;14:00;15:00;213;0
01.05.2019;15:00;16:00;213;0
01.05.2019;16:00;17:00;212;0
01.05.2019;17:00;18:00;213;0
01.05.2019;18:00;19:00;212;0
01.05.2019;19:00;20:00;213;0
01.05.2019;20:00;21:00;213;0
01.05.2019;21:00;22:00;214;0
01.05.2019;22:00;23:00;211;0
01.05.2019;23:00;00:00;213;0
02.05.2019;00:00;01:00;234;0
02.05.2019;01:00;02:00;243;0
02.05.2019;02:00;03:00;243;0
02.05.2019;03:00;04:00;243;0
02.05.2019;04:00;05:00;242;0
02.05.2019;05:00;06:00;231;0
02.05.2019;06:00;07:00;222;0
02.05.2019;07:00;08:00;304;0
02.05.2019;08:00;09:00;324;0
02.05.2019;09:00;10:00;303;0
02.05.2019;10:00;11:00;284;0
02.05.2019;11:00;12:00;232;0
02.05.2019;12:00;13:00;215;0
02.05.2019;13:00;14:00;214;0
02.05.2019;14:00;15:00;215;0
02.05.2019;15:00;16:00;215;0
02.05.2019;16:00;17:00;213;0
02.05.2019;17:00;18:00;275;0
02.05.2019;18:00;19:00;335;0
02.05.2019;19:00;20:00;319;0
02.05.2019;20:00;21:00;314;0
02.05.2019;21:00;22:00;308;0
02.05.2019;22:00;23:00;216;0
02.05.2019;23:00;00:00;205;0
03.05.2019;00:00;01:00;215;0
03.05.2019;01:00;02:00;210;0
03.05.2019;02:00;03:00;212;0
03.05.2019;03:00;04:00;212;0
03.05.2019;04:00;05:00;212;0
03.05.2019;05:00;06:00;223;0
03.05.2019;06:00;07:00;323;0
03.05.2019;07:00;08:00;326;0
03.05.2019;08:00;09:00;327;0
03.05.2019;09:00;10:00;336;0
03.05.2019;10:00;11:00;343;0
03.05.2019;11:00;12:00;335;0
03.05.2019;12:00;13:00;295;0
03.05.2019;13:00;14:00;240;0
03.05.2019;14:00;15:00;216;0
03.05.2019;15:00;16:00;210;0
03.05.2019;16:00;17:00;211;0
03.05.2019;17:00;18:00;210;0
03.05.2019;18:00;19:00;231;0
03.05.2019;19:00;20:00;337;0
03.05.2019;20:00;21:00;341;0
03.05.2019;21:00;22:00;341;0
03.05.2019;22:00;23:00;333;0
03.05.2019;23:00;00:00;222;0
04.05.2019;00:00;01:00;210;0
04.05.2019;01:00;02:00;209;0
04.05.2019;02:00;03:00;212;0
04.05.2019;03:00;04:00;211;0
04.05.2019;04:00;05:00;211;0
04.05.2019;05:00;06:00;211;0
04.05.2019;06:00;07:00;211;0
04.05.2019;07:00;08:00;210;0
04.05.2019;08:00;09:00;210;0
04.05.2019;09:00;10:00;210;0
04.05.2019;10:00;11:00;210;0
04.05.2019;11:00;12:00;212;0
04.05.2019;12:00;13:00;210;0
04.05.2019;13:00;14:00;210;0
04.05.2019;14:00;15:00;211;0
04.05.2019;15:00;16:00;211;0
04.05.2019;16:00;17:00;211;0
04.05.2019;17:00;18:00;211;0
04.05.2019;18:00;19:00;212;0
04.05.2019;19:00;20:00;210;0
04.05.2019;20:00;21:00;210;0
04.05.2019;21:00;22:00;219;0
04.05.2019;22:00;23:00;219;0
04.05.2019;23:00;00:00;224;0
05.05.2019;00:00;01:00;238;0
05.05.2019;01:00;02:00;239;0
05.05.2019;02:00;03:00;239;0
05.05.2019;03:00;04:00;239;0
05.05.2019;04:00;05:00;238;0
05.05.2019;05:00;06:00;240;0
05.05.2019;06:00;07:00;238;0
05.05.2019;07:00;08:00;234;0
05.05.2019;08:00;09:00;219;0
05.05.2019;09:00;10:00;213;0
05.05.2019;10:00;11:00;214;0
05.05.2019;11:00;12:00;215;0
05.05.2019;12:00;13:00;215;0
05.05.2019;13:00;14:00;215;0
05.05.2019;14:00;15:00;219;0
05.05.2019;15:00;16:00;214;0
05.05.2019;16:00;17:00;216;0
05.05.2019;17:00;18:00;215;0
05.05.2019;18:00;19:00;215;0
05.05.2019;19:00;20:00;215;0
05.05.2019;20:00;21:00;231;0
05.05.2019;21:00;22:00;247;0
05.05.2019;22:00;23:00;255;0
05.05.2019;23:00;00:00;255;0
06.05.2019;00:00;01:00;256;0
06.05.2019;01:00;02:00;255;0
06.05.2019;02:00;03:00;255;0
06.05.2019;03:00;04:00;254;0
06.05.2019;04:00;05:00;223;0
06.05.2019;05:00;06:00;220;0
06.05.2019;06:00;07:00;320;0
06.05.2019;07:00;08:00;317;0
06.05.2019;08:00;09:00;307;0
06.05.2019;09:00;10:00;310;0
06.05.2019;10:00;11:00;316;0
06.05.2019;11:00;12:00;317;0
06.05.2019;12:00;13:00;301;0
06.05.2019;13:00;14:00;303;0
06.05.2019;14:00;15:00;312;0
06.05.2019;15:00;16:00;282;0
06.05.2019;16:00;17:00;315;0
06.05.2019;17:00;18:00;315;0
06.05.2019;18:00;19:00;316;0
06.05.2019;19:00;20:00;312;0
06.05.2019;20:00;21:00;307;0
06.05.2019;21:00;22:00;312;0
06.05.2019;22:00;23:00;312;0
06.05.2019;23:00;00:00;314;0
07.05.2019;00:00;01:00;315;0
07.05.2019;01:00;02:00;311;0
07.05.2019;02:00;03:00;231;0
07.05.2019;03:00;04:00;226;0
07.05.2019;04:00;05:00;326;18
07.05.2019;05:00;06:00;328;98
07.05.2019;06:00;07:00;301;236
07.05.2019;07:00;08:00;321;332
07.05.2019;08:00;09:00;323;335
07.05.2019;09:00;10:00;372;331
07.05.2019;10:00;11:00;393;330
07.05.2019;11:00;12:00;386;331
07.05.2019;12:00;13:00;384;337
07.05.2019;13:00;14:00;385;333
07.05.2019;14:00;15:00;389;327
07.05.2019;15:00;16:00;393;321
07.05.2019;16:00;17:00;392;323
07.05.2019;17:00;18:00;393;322
07.05.2019;18:00;19:00;395;325
07.05.2019;19:00;20:00;394;325
07.05.2019;20:00;21:00;392;324
07.05.2019;21:00;22:00;394;327
07.05.2019;22:00;23:00;394;325
07.05.2019;23:00;00:00;393;321
08.05.2019;00:00;01:00;325;243
08.05.2019;01:00;02:00;247;198
08.05.2019;02:00;03:00;223;191
08.05.2019;03:00;04:00;217;183
08.05.2019;04:00;05:00;219;184
08.05.2019;05:00;06:00;219;186
08.05.2019;06:00;07:00;246;224
08.05.2019;07:00;08:00;247;315
08.05.2019;08:00;09:00;247;335
08.05.2019;09:00;10:00;242;330
08.05.2019;10:00;11:00;235;329
08.05.2019;11:00;12:00;201;219
08.05.2019;12:00;13:00;219;190
08.05.2019;13:00;14:00;219;191
08.05.2019;14:00;15:00;0;302
08.05.2019;15:00;16:00;0;232
08.05.2019;16:00;17:00;0;178
08.05.2019;17:00;18:00;0;181
08.05.2019;18:00;19:00;0;181
08.05.2019;19:00;20:00;0;181
08.05.2019;20:00;21:00;0;181
08.05.2019;21:00;22:00;0;184
08.05.2019;22:00;23:00;0;188
08.05.2019;23:00;00:00;0;181
09.05.2019;00:00;01:00;0;182
09.05.2019;01:00;02:00;0;179
09.05.2019;02:00;03:00;0;178
09.05.2019;03:00;04:00;0;178
09.05.2019;04:00;05:00;0;176
09.05.2019;05:00;06:00;0;183
09.05.2019;06:00;07:00;0;307
09.05.2019;07:00;08:00;0;319
09.05.2019;08:00;09:00;0;323
09.05.2019;09:00;10:00;0;326
09.05.2019;10:00;11:00;0;306
09.05.2019;11:00;12:00;0;312
09.05.2019;12:00;13:00;0;322
09.05.2019;13:00;14:00;0;324
09.05.2019;14:00;15:00;7;325
09.05.2019;15:00;16:00;209;283
09.05.2019;16:00;17:00;253;266
09.05.2019;17:00;18:00;259;250
09.05.2019;18:00;19:00;377;309
09.05.2019;19:00;20:00;389;311
09.05.2019;20:00;21:00;385;322
09.05.2019;21:00;22:00;376;327
09.05.2019;22:00;23:00;330;274
09.05.2019;23:00;00:00;269;211
10.05.2019;00:00;01:00;226;197
10.05.2019;01:00;02:00;227;196
10.05.2019;02:00;03:00;227;198
10.05.2019;03:00;04:00;228;196
10.05.2019;04:00;05:00;227;196
10.05.2019;05:00;06:00;237;199
10.05.2019;06:00;07:00;381;285
10.05.2019;07:00;08:00;396;320
10.05.2019;08:00;09:00;383;336
10.05.2019;09:00;10:00;369;354
10.05.2019;10:00;11:00;366;352
10.05.2019;11:00;12:00;366;352
10.05.2019;12:00;13:00;357;341
10.05.2019;13:00;14:00;294;273
10.05.2019;14:00;15:00;223;182
10.05.2019;15:00;16:00;212;172
10.05.2019;16:00;17:00;215;169
10.05.2019;17:00;18:00;342;279
10.05.2019;18:00;19:00;397;317
10.05.2019;19:00;20:00;399;316
10.05.2019;20:00;21:00;393;319
10.05.2019;21:00;22:00;392;318
10.05.2019;22:00;23:00;392;320
10.05.2019;23:00;00:00;385;312
11.05.2019;00:00;01:00;248;189
11.05.2019;01:00;02:00;0;298
11.05.2019;02:00;03:00;0;198
11.05.2019;03:00;04:00;0;179
11.05.2019;04:00;05:00;0;183
11.05.2019;05:00;06:00;0;180
11.05.2019;06:00;07:00;0;180
11.05.2019;07:00;08:00;0;183
11.05.2019;08:00;09:00;0;182
11.05.2019;09:00;10:00;0;184
11.05.2019;10:00;11:00;0;217
11.05.2019;11:00;12:00;0;213
11.05.2019;12:00;13:00;0;214
11.05.2019;13:00;14:00;0;212
11.05.2019;14:00;15:00;0;180
11.05.2019;15:00;16:00;0;184
11.05.2019;16:00;17:00;0;189
11.05.2019;17:00;18:00;0;189
11.05.2019;18:00;19:00;0;189
11.05.2019;19:00;20:00;0;190
11.05.2019;20:00;21:00;0;191
11.05.2019;21:00;22:00;0;190
11.05.2019;22:00;23:00;0;191
11.05.2019;23:00;00:00;0;197
12.05.2019;00:00;01:00;0;211
12.05.2019;01:00;02:00;0;216
12.05.2019;02:00;03:00;0;217
12.05.2019;03:00;04:00;0;217
12.05.2019;04:00;05:00;0;218
12.05.2019;05:00;06:00;0;219
12.05.2019;06:00;07:00;0;220
12.05.2019;07:00;08:00;0;221
12.05.2019;08:00;09:00;0;204
12.05.2019;09:00;10:00;0;192
12.05.2019;10:00;11:00;0;192
12.05.2019;11:00;12:00;0;191
12.05.2019;12:00;13:00;0;194
12.05.2019;13:00;14:00;0;191
12.05.2019;14:00;15:00;0;190
12.05.2019;15:00;16:00;0;196
12.05.2019;16:00;17:00;0;219
12.05.2019;17:00;18:00;0;213
12.05.2019;18:00;19:00;0;225
12.05.2019;19:00;20:00;0;218
12.05.2019;20:00;21:00;0;219
12.05.2019;21:00;22:00;0;216
12.05.2019;22:00;23:00;0;204
12.05.2019;23:00;00:00;0;210
13.05.2019;00:00;01:00;0;216
13.05.2019;01:00;02:00;0;222
13.05.2019;02:00;03:00;0;224
13.05.2019;03:00;04:00;0;227
13.05.2019;04:00;05:00;0;227
13.05.2019;05:00;06:00;0;228
13.05.2019;06:00;07:00;0;301
13.05.2019;07:00;08:00;0;309
13.05.2019;08:00;09:00;0;311
13.05.2019;09:00;10:00;0;260
13.05.2019;10:00;11:00;0;201
13.05.2019;11:00;12:00;0;195
13.05.2019;12:00;13:00;0;196
13.05.2019;13:00;14:00;0;197
13.05.2019;14:00;15:00;0;195
13.05.2019;15:00;16:00;0;192
13.05.2019;16:00;17:00;0;201
13.05.2019;17:00;18:00;0;194
13.05.2019;18:00;19:00;0;199
13.05.2019;19:00;20:00;85;187
13.05.2019;20:00;21:00;201;181
13.05.2019;21:00;22:00;228;203
13.05.2019;22:00;23:00;240;206
13.05.2019;23:00;00:00;225;14
14.05.2019;00:00;01:00;215;0
14.05.2019;01:00;02:00;213;0
14.05.2019;02:00;03:00;214;0
14.05.2019;03:00;04:00;214;0
14.05.2019;04:00;05:00;215;0
14.05.2019;05:00;06:00;214;0
14.05.2019;06:00;07:00;234;0
14.05.2019;07:00;08:00;312;0
14.05.2019;08:00;09:00;317;0
14.05.2019;09:00;10:00;242;0
14.05.2019;10:00;11:00;217;0
14.05.2019;11:00;12:00;215;0
14.05.2019;12:00;13:00;216;0
14.05.2019;13:00;14:00;215;0
14.05.2019;14:00;15:00;216;0
14.05.2019;15:00;16:00;222;0
14.05.2019;16:00;17:00;220;0
14.05.2019;17:00;18:00;222;0
14.05.2019;18:00;19:00;221;0
14.05.2019;19:00;20:00;289;0
14.05.2019;20:00;21:00;314;0
14.05.2019;21:00;22:00;314;0
14.05.2019;22:00;23:00;309;0
14.05.2019;23:00;00:00;223;0
15.05.2019;00:00;01:00;218;0
15.05.2019;01:00;02:00;216;0
15.05.2019;02:00;03:00;223;0
15.05.2019;03:00;04:00;229;0
15.05.2019;04:00;05:00;242;0
15.05.2019;05:00;06:00;234;0
15.05.2019;06:00;07:00;250;178
15.05.2019;07:00;08:00;317;302
15.05.2019;08:00;09:00;343;341
15.05.2019;09:00;10:00;346;341
15.05.2019;10:00;11:00;291;279
15.05.2019;11:00;12:00;241;222
15.05.2019;12:00;13:00;216;202
15.05.2019;13:00;14:00;218;197
15.05.2019;14:00;15:00;234;165
15.05.2019;15:00;16:00;233;167
15.05.2019;16:00;17:00;237;166
15.05.2019;17:00;18:00;276;169
15.05.2019;18:00;19:00;299;202
15.05.2019;19:00;20:00;398;273
15.05.2019;20:00;21:00;393;281
15.05.2019;21:00;22:00;253;227
15.05.2019;22:00;23:00;237;214
15.05.2019;23:00;00:00;248;212
16.05.2019;00:00;01:00;229;205
16.05.2019;01:00;02:00;233;209
16.05.2019;02:00;03:00;235;206
16.05.2019;03:00;04:00;234;206
16.05.2019;04:00;05:00;234;206
16.05.2019;05:00;06:00;236;199
16.05.2019;06:00;07:00;249;212
16.05.2019;07:00;08:00;390;312
16.05.2019;08:00;09:00;402;311
16.05.2019;09:00;10:00;308;235
16.05.2019;10:00;11:00;244;204
16.05.2019;11:00;12:00;244;217
16.05.2019;12:00;13:00;244;210
16.05.2019;13:00;14:00;242;205
16.05.2019;14:00;15:00;236;217
16.05.2019;15:00;16:00;253;219
16.05.2019;16:00;17:00;231;173
16.05.2019;17:00;18:00;231;167
16.05.2019;18:00;19:00;234;163
16.05.2019;19:00;20:00;239;186
16.05.2019;20:00;21:00;230;186
16.05.2019;21:00;22:00;232;201
16.05.2019;22:00;23:00;212;204
16.05.2019;23:00;00:00;0;196
17.05.2019;00:00;01:00;0;199
17.05.2019;01:00;02:00;0;204
17.05.2019;02:00;03:00;0;205
17.05.2019;03:00;04:00;0;205
17.05.2019;04:00;05:00;0;205
17.05.2019;05:00;06:00;0;200
17.05.2019;06:00;07:00;0;211
17.05.2019;07:00;08:00;0;304
17.05.2019;08:00;09:00;0;294
17.05.2019;09:00;10:00;0;296
17.05.2019;10:00;11:00;0;296
17.05.2019;11:00;12:00;0;294
17.05.2019;12:00;13:00;0;291
17.05.2019;13:00;14:00;0;276
17.05.2019;14:00;15:00;0;271
17.05.2019;15:00;16:00;0;206
17.05.2019;16:00;17:00;0;172
17.05.2019;17:00;18:00;0;220
17.05.2019;18:00;19:00;0;295
17.05.2019;19:00;20:00;0;291
17.05.2019;20:00;21:00;0;287
17.05.2019;21:00;22:00;0;290
17.05.2019;22:00;23:00;0;290
17.05.2019;23:00;00:00;0;255
18.05.2019;00:00;01:00;0;191
18.05.2019;01:00;02:00;0;183
18.05.2019;02:00;03:00;0;183
18.05.2019;03:00;04:00;0;180
18.05.2019;04:00;05:00;0;181
18.05.2019;05:00;06:00;0;181
18.05.2019;06:00;07:00;0;190
18.05.2019;07:00;08:00;0;195
18.05.2019;08:00;09:00;0;196
18.05.2019;09:00;10:00;0;197
18.05.2019;10:00;11:00;0;197
18.05.2019;11:00;12:00;0;202
18.05.2019;12:00;13:00;0;203
18.05.2019;13:00;14:00;0;201
18.05.2019;14:00;15:00;0;198
18.05.2019;15:00;16:00;0;198
18.05.2019;16:00;17:00;0;202
18.05.2019;17:00;18:00;0;213
18.05.2019;18:00;19:00;0;303
18.05.2019;19:00;20:00;0;308
18.05.2019;20:00;21:00;0;297
18.05.2019;21:00;22:00;0;297
18.05.2019;22:00;23:00;0;292
18.05.2019;23:00;00:00;0;228
19.05.2019;00:00;01:00;0;225
19.05.2019;01:00;02:00;0;221
19.05.2019;02:00;03:00;0;211
19.05.2019;03:00;04:00;0;213
19.05.2019;04:00;05:00;0;213
19.05.2019;05:00;06:00;0;215
19.05.2019;06:00;07:00;0;211
19.05.2019;07:00;08:00;0;204
19.05.2019;08:00;09:00;0;200
19.05.2019;09:00;10:00;0;200
19.05.2019;10:00;11:00;0;201
19.05.2019;11:00;12:00;0;193
19.05.2019;12:00;13:00;0;194
19.05.2019;13:00;14:00;0;193
19.05.2019;14:00;15:00;0;196
19.05.2019;15:00;16:00;0;188
19.05.2019;16:00;17:00;0;202
19.05.2019;17:00;18:00;0;197
19.05.2019;18:00;19:00;0;195
19.05.2019;19:00;20:00;0;196
19.05.2019;20:00;21:00;0;195
19.05.2019;21:00;22:00;0;195
19.05.2019;22:00;23:00;0;194
19.05.2019;23:00;00:00;0;197
20.05.2019;00:00;01:00;0;213
20.05.2019;01:00;02:00;0;223
20.05.2019;02:00;03:00;0;239
20.05.2019;03:00;04:00;0;242
20.05.2019;04:00;05:00;0;241
20.05.2019;05:00;06:00;125;265
20.05.2019;06:00;07:00;261;321
20.05.2019;07:00;08:00;327;344
20.05.2019;08:00;09:00;374;321
20.05.2019;09:00;10:00;376;317
20.05.2019;10:00;11:00;377;309
20.05.2019;11:00;12:00;384;313
20.05.2019;12:00;13:00;384;306
20.05.2019;13:00;14:00;384;304
20.05.2019;14:00;15:00;384;309
20.05.2019;15:00;16:00;383;312
20.05.2019;16:00;17:00;383;306
20.05.2019;17:00;18:00;385;306
20.05.2019;18:00;19:00;384;308
20.05.2019;19:00;20:00;384;311
20.05.2019;20:00;21:00;384;310
20.05.2019;21:00;22:00;380;310
20.05.2019;22:00;23:00;280;218
20.05.2019;23:00;00:00;234;196
21.05.2019;00:00;01:00;228;190
21.05.2019;01:00;02:00;228;188
21.05.2019;02:00;03:00;230;187
21.05.2019;03:00;04:00;229;187
21.05.2019;04:00;05:00;230;186
21.05.2019;05:00;06:00;230;186
21.05.2019;06:00;07:00;229;185
21.05.2019;07:00;08:00;230;180
21.05.2019;08:00;09:00;238;176
21.05.2019;09:00;10:00;239;177
21.05.2019;10:00;11:00;237;175
21.05.2019;11:00;12:00;236;174
21.05.2019;12:00;13:00;225;183
21.05.2019;13:00;14:00;227;180
21.05.2019;14:00;15:00;227;181
21.05.2019;15:00;16:00;226;182
21.05.2019;16:00;17:00;226;183
21.05.2019;17:00;18:00;233;179
21.05.2019;18:00;19:00;235;204
21.05.2019;19:00;20:00;352;305
21.05.2019;20:00;21:00;383;314
21.05.2019;21:00;22:00;244;214
21.05.2019;22:00;23:00;226;211
21.05.2019;23:00;00:00;225;206
22.05.2019;00:00;01:00;224;201
22.05.2019;01:00;02:00;224;202
22.05.2019;02:00;03:00;224;203
22.05.2019;03:00;04:00;225;202
22.05.2019;04:00;05:00;225;203
22.05.2019;05:00;06:00;226;199
22.05.2019;06:00;07:00;242;189
22.05.2019;07:00;08:00;321;245
22.05.2019;08:00;09:00;393;303
22.05.2019;09:00;10:00;397;308
22.05.2019;10:00;11:00;390;304
22.05.2019;11:00;12:00;263;194
22.05.2019;12:00;13:00;225;175
22.05.2019;13:00;14:00;223;176
22.05.2019;14:00;15:00;225;180
22.05.2019;15:00;16:00;226;178
22.05.2019;16:00;17:00;226;177
22.05.2019;17:00;18:00;225;178
22.05.2019;18:00;19:00;244;198
22.05.2019;19:00;20:00;384;317
22.05.2019;20:00;21:00;400;313
22.05.2019;21:00;22:00;397;311
22.05.2019;22:00;23:00;390;302
22.05.2019;23:00;00:00;266;182
23.05.2019;00:00;01:00;235;159
23.05.2019;01:00;02:00;219;164
23.05.2019;02:00;03:00;217;167
23.05.2019;03:00;04:00;217;163
23.05.2019;04:00;05:00;216;165
23.05.2019;05:00;06:00;214;164
23.05.2019;06:00;07:00;305;216
23.05.2019;07:00;08:00;384;311
23.05.2019;08:00;09:00;395;310
23.05.2019;09:00;10:00;278;211
23.05.2019;10:00;11:00;229;174
23.05.2019;11:00;12:00;225;165
23.05.2019;12:00;13:00;226;204
23.05.2019;13:00;14:00;225;214
23.05.2019;14:00;15:00;226;211
23.05.2019;15:00;16:00;234;199
23.05.2019;16:00;17:00;235;207
23.05.2019;17:00;18:00;243;209
23.05.2019;18:00;19:00;383;310
23.05.2019;19:00;20:00;405;314
23.05.2019;20:00;21:00;408;316
23.05.2019;21:00;22:00;407;316
23.05.2019;22:00;23:00;408;317
23.05.2019;23:00;00:00;400;312
24.05.2019;00:00;01:00;268;251
24.05.2019;01:00;02:00;216;0
24.05.2019;02:00;03:00;212;0
24.05.2019;03:00;04:00;214;0
24.05.2019;04:00;05:00;213;0
24.05.2019;05:00;06:00;214;0
24.05.2019;06:00;07:00;229;0
24.05.2019;07:00;08:00;314;0
24.05.2019;08:00;09:00;326;0
24.05.2019;09:00;10:00;322;0
24.05.2019;10:00;11:00;231;0
24.05.2019;11:00;12:00;215;0
24.05.2019;12:00;13:00;213;0
24.05.2019;13:00;14:00;214;0
24.05.2019;14:00;15:00;210;0
24.05.2019;15:00;16:00;219;0
24.05.2019;16:00;17:00;213;0
24.05.2019;17:00;18:00;212;0
24.05.2019;18:00;19:00;218;0
24.05.2019;19:00;20:00;266;0
24.05.2019;20:00;21:00;321;0
24.05.2019;21:00;22:00;320;0
24.05.2019;22:00;23:00;218;0
24.05.2019;23:00;00:00;206;0
25.05.2019;00:00;01:00;209;0
25.05.2019;01:00;02:00;208;0
25.05.2019;02:00;03:00;209;0
25.05.2019;03:00;04:00;208;0
25.05.2019;04:00;05:00;209;0
25.05.2019;05:00;06:00;209;0
25.05.2019;06:00;07:00;208;0
25.05.2019;07:00;08:00;215;0
25.05.2019;08:00;09:00;242;0
25.05.2019;09:00;10:00;246;0
25.05.2019;10:00;11:00;242;0
25.05.2019;11:00;12:00;243;0
25.05.2019;12:00;13:00;242;0
25.05.2019;13:00;14:00;241;0
25.05.2019;14:00;15:00;240;0
25.05.2019;15:00;16:00;241;0
25.05.2019;16:00;17:00;232;0
25.05.2019;17:00;18:00;219;0
25.05.2019;18:00;19:00;219;0
25.05.2019;19:00;20:00;218;0
25.05.2019;20:00;21:00;219;0
25.05.2019;21:00;22:00;218;0
25.05.2019;22:00;23:00;212;0
25.05.2019;23:00;00:00;212;0
26.05.2019;00:00;01:00;230;0
26.05.2019;01:00;02:00;230;0
26.05.2019;02:00;03:00;232;0
26.05.2019;03:00;04:00;231;0
26.05.2019;04:00;05:00;231;0
26.05.2019;05:00;06:00;232;0
26.05.2019;06:00;07:00;230;0
26.05.2019;07:00;08:00;237;0
26.05.2019;08:00;09:00;220;0
26.05.2019;09:00;10:00;217;0
26.05.2019;10:00;11:00;218;0
26.05.2019;11:00;12:00;217;0
26.05.2019;12:00;13:00;217;0
26.05.2019;13:00;14:00;217;0
26.05.2019;14:00;15:00;216;0
26.05.2019;15:00;16:00;217;0
26.05.2019;16:00;17:00;217;0
26.05.2019;17:00;18:00;216;0
26.05.2019;18:00;19:00;210;0
26.05.2019;19:00;20:00;203;0
26.05.2019;20:00;21:00;204;0
26.05.2019;21:00;22:00;214;0
26.05.2019;22:00;23:00;194;0
26.05.2019;23:00;00:00;191;0
27.05.2019;00:00;01:00;202;0
27.05.2019;01:00;02:00;231;0
27.05.2019;02:00;03:00;232;0
27.05.2019;03:00;04:00;232;0
27.05.2019;04:00;05:00;234;0
27.05.2019;05:00;06:00;202;0
27.05.2019;06:00;07:00;204;0
27.05.2019;07:00;08:00;305;0
27.05.2019;08:00;09:00;316;0
27.05.2019;09:00;10:00;321;0
27.05.2019;10:00;11:00;257;0
27.05.2019;11:00;12:00;252;0
27.05.2019;12:00;13:00;240;74
27.05.2019;13:00;14:00;238;218
27.05.2019;14:00;15:00;242;243
27.05.2019;15:00;16:00;239;242
27.05.2019;16:00;17:00;230;254
27.05.2019;17:00;18:00;156;216
27.05.2019;18:00;19:00;0;333
27.05.2019;19:00;20:00;0;336
27.05.2019;20:00;21:00;0;346
27.05.2019;21:00;22:00;0;340
27.05.2019;22:00;23:00;0;332
27.05.2019;23:00;00:00;0;212
28.05.2019;00:00;01:00;0;210
28.05.2019;01:00;02:00;0;208
28.05.2019;02:00;03:00;0;206
28.05.2019;03:00;04:00;130;213
28.05.2019;04:00;05:00;319;262
28.05.2019;05:00;06:00;344;277
28.05.2019;06:00;07:00;396;316
28.05.2019;07:00;08:00;398;313
28.05.2019;08:00;09:00;399;316
28.05.2019;09:00;10:00;400;313
28.05.2019;10:00;11:00;400;310
28.05.2019;11:00;12:00;399;310
28.05.2019;12:00;13:00;399;313
28.05.2019;13:00;14:00;397;305
28.05.2019;14:00;15:00;354;250
28.05.2019;15:00;16:00;308;204
28.05.2019;16:00;17:00;283;187
28.05.2019;17:00;18:00;281;199
28.05.2019;18:00;19:00;263;186
28.05.2019;19:00;20:00;261;188
28.05.2019;20:00;21:00;234;201
28.05.2019;21:00;22:00;235;205
28.05.2019;22:00;23:00;215;203
28.05.2019;23:00;00:00;205;0
29.05.2019;00:00;01:00;205;0
29.05.2019;01:00;02:00;205;0
29.05.2019;02:00;03:00;205;0
29.05.2019;03:00;04:00;204;0
29.05.2019;04:00;05:00;206;0
29.05.2019;05:00;06:00;204;0
29.05.2019;06:00;07:00;213;0
29.05.2019;07:00;08:00;309;0
29.05.2019;08:00;09:00;319;0
29.05.2019;09:00;10:00;318;0
29.05.2019;10:00;11:00;298;0
29.05.2019;11:00;12:00;222;0
29.05.2019;12:00;13:00;218;0
29.05.2019;13:00;14:00;215;0
29.05.2019;14:00;15:00;223;0
29.05.2019;15:00;16:00;227;0
29.05.2019;16:00;17:00;217;0
29.05.2019;17:00;18:00;218;0
29.05.2019;18:00;19:00;219;0
29.05.2019;19:00;20:00;290;0
29.05.2019;20:00;21:00;320;0
29.05.2019;21:00;22:00;311;0
29.05.2019;22:00;23:00;213;0
29.05.2019;23:00;00:00;205;0
30.05.2019;00:00;01:00;205;0
30.05.2019;01:00;02:00;205;0
30.05.2019;02:00;03:00;206;0
30.05.2019;03:00;04:00;205;0
30.05.2019;04:00;05:00;205;0
30.05.2019;05:00;06:00;205;0
30.05.2019;06:00;07:00;204;0
30.05.2019;07:00;08:00;204;0
30.05.2019;08:00;09:00;205;0
30.05.2019;09:00;10:00;205;0
30.05.2019;10:00;11:00;205;0
30.05.2019;11:00;12:00;205;0
30.05.2019;12:00;13:00;206;0
30.05.2019;13:00;14:00;205;0
30.05.2019;14:00;15:00;205;0
30.05.2019;15:00;16:00;205;0
30.05.2019;16:00;17:00;205;0
30.05.2019;17:00;18:00;205;0
30.05.2019;18:00;19:00;205;0
30.05.2019;19:00;20:00;205;0
30.05.2019;20:00;21:00;206;0
30.05.2019;21:00;22:00;204;0
30.05.2019;22:00;23:00;206;0
30.05.2019;23:00;00:00;212;0
31.05.2019;00:00;01:00;223;0
31.05.2019;01:00;02:00;236;0
31.05.2019;02:00;03:00;239;0
31.05.2019;03:00;04:00;240;0
31.05.2019;04:00;05:00;225;0
31.05.2019;05:00;06:00;219;0
31.05.2019;06:00;07:00;220;0
31.05.2019;07:00;08:00;220;0
31.05.2019;08:00;09:00;217;0
31.05.2019;09:00;10:00;219;0
31.05.2019;10:00;11:00;219;0
31.05.2019;11:00;12:00;219;0
31.05.2019;12:00;13:00;219;0
31.05.2019;13:00;14:00;223;0
31.05.2019;14:00;15:00;223;0
31.05.2019;15:00;16:00;226;0
31.05.2019;16:00;17:00;226;0
31.05.2019;17:00;18:00;219;0
31.05.2019;18:00;19:00;219;0
31.05.2019;19:00;20:00;220;0
31.05.2019;20:00;21:00;225;0
31.05.2019;21:00;22:00;220;0
31.05.2019;22:00;23:00;214;0
31.05.2019;23:00;00:00;215;0
01.06.2019;00:00;01:00;215;0
01.06.2019;01:00;02:00;214;0
01.06.2019;02:00;03:00;215;0
01.06.2019;03:00;04:00;214;0
01.06.2019;04:00;05:00;214;0
01.06.2019;05:00;06:00;215;0
01.06.2019;06:00;07:00;215;0
01.06.2019;07:00;08:00;215;0
01.06.2019;08:00;09:00;215;0
01.06.2019;09:00;10:00;214;0
01.06.2019;10:00;11:00;213;0
01.06.2019;11:00;12:00;214;0
01.06.2019;12:00;13:00;215;0
01.06.2019;13:00;14:00;214;0
01.06.2019;14:00;15:00;215;0
01.06.2019;15:00;16:00;216;0
01.06.2019;16:00;17:00;215;0
01.06.2019;17:00;18:00;215;0
01.06.2019;18:00;19:00;214;0
01.06.2019;19:00;20:00;215;0
01.06.2019;20:00;21:00;214;0
01.06.2019;21:00;22:00;216;0
01.06.2019;22:00;23:00;215;0
01.06.2019;23:00;00:00;236;0
02.06.2019;00:00;01:00;251;0
02.06.2019;01:00;02:00;252;0
02.06.2019;02:00;03:00;250;0
02.06.2019;03:00;04:00;252;0
02.06.2019;04:00;05:00;252;0
02.06.2019;05:00;06:00;252;0
02.06.2019;06:00;07:00;254;0
02.06.2019;07:00;08:00;246;0
02.06.2019;08:00;09:00;222;0
02.06.2019;09:00;10:00;214;0
02.06.2019;10:00;11:00;213;0
02.06.2019;11:00;12:00;214;0
02.06.2019;12:00;13:00;215;0
02.06.2019;13:00;14:00;215;0
02.06.2019;14:00;15:00;215;0
02.06.2019;15:00;16:00;213;0
02.06.2019;16:00;17:00;214;0
02.06.2019;17:00;18:00;215;0
02.06.2019;18:00;19:00;222;0
02.06.2019;19:00;20:00;225;0
02.06.2019;20:00;21:00;218;0
02.06.2019;21:00;22:00;208;0
02.06.2019;22:00;23:00;204;0
02.06.2019;23:00;00:00;227;0
03.06.2019;00:00;01:00;248;0
03.06.2019;01:00;02:00;251;0
03.06.2019;02:00;03:00;251;0
03.06.2019;03:00;04:00;251;0
03.06.2019;04:00;05:00;233;0
03.06.2019;05:00;06:00;215;0
03.06.2019;06:00;07:00;220;0
03.06.2019;07:00;08:00;294;0
03.06.2019;08:00;09:00;304;0
03.06.2019;09:00;10:00;303;0
03.06.2019;10:00;11:00;250;0
03.06.2019;11:00;12:00;259;0
03.06.2019;12:00;13:00;310;0
03.06.2019;13:00;14:00;314;0
03.06.2019;14:00;15:00;232;0
03.06.2019;15:00;16:00;229;0
03.06.2019;16:00;17:00;239;0
03.06.2019;17:00;18:00;286;59
03.06.2019;18:00;19:00;300;234
03.06.2019;19:00;20:00;309;322
03.06.2019;20:00;21:00;318;331
03.06.2019;21:00;22:00;320;329
03.06.2019;22:00;23:00;334;301
03.06.2019;23:00;00:00;331;276
04.06.2019;00:00;01:00;241;214
04.06.2019;01:00;02:00;232;198
04.06.2019;02:00;03:00;234;198
04.06.2019;03:00;04:00;236;197
04.06.2019;04:00;05:00;234;197
04.06.2019;05:00;06:00;235;190
04.06.2019;06:00;07:00;250;195
04.06.2019;07:00;08:00;373;307
04.06.2019;08:00;09:00;401;313
04.06.2019;09:00;10:00;392;314
04.06.2019;10:00;11:00;302;222
04.06.2019;11:00;12:00;231;190
04.06.2019;12:00;13:00;225;186
04.06.2019;13:00;14:00;225;186
04.06.2019;14:00;15:00;225;186
04.06.2019;15:00;16:00;224;155
04.06.2019;16:00;17:00;229;164
04.06.2019;17:00;18:00;238;167
04.06.2019;18:00;19:00;322;255
04.06.2019;19:00;20:00;305;273
04.06.2019;20:00;21:00;302;229
04.06.2019;21:00;22:00;194;181
04.06.2019;22:00;23:00;0;182
04.06.2019;23:00;00:00;0;183
05.06.2019;00:00;01:00;0;183
05.06.2019;01:00;02:00;0;181
05.06.2019;02:00;03:00;0;181
05.06.2019;03:00;04:00;0;182
05.06.2019;04:00;05:00;0;184
05.06.2019;05:00;06:00;0;183
05.06.2019;06:00;07:00;0;175
05.06.2019;07:00;08:00;0;188
05.06.2019;08:00;09:00;0;193
05.06.2019;09:00;10:00;0;193
05.06.2019;10:00;11:00;0;197
05.06.2019;11:00;12:00;0;193
05.06.2019;12:00;13:00;0;195
05.06.2019;13:00;14:00;0;196
05.06.2019;14:00;15:00;0;193
05.06.2019;15:00;16:00;0;202
05.06.2019;16:00;17:00;0;308
05.06.2019;17:00;18:00;0;299
05.06.2019;18:00;19:00;0;313
05.06.2019;19:00;20:00;0;323
05.06.2019;20:00;21:00;0;324
05.06.2019;21:00;22:00;0;322
05.06.2019;22:00;23:00;0;230
05.06.2019;23:00;00:00;0;213
06.06.2019;00:00;01:00;0;188
06.06.2019;01:00;02:00;0;184
06.06.2019;02:00;03:00;0;194
06.06.2019;03:00;04:00;0;191
06.06.2019;04:00;05:00;0;191
06.06.2019;05:00;06:00;0;193
06.06.2019;06:00;07:00;0;191
06.06.2019;07:00;08:00;0;190
06.06.2019;08:00;09:00;0;190
06.06.2019;09:00;10:00;0;190
06.06.2019;10:00;11:00;0;190
06.06.2019;11:00;12:00;0;192
06.06.2019;12:00;13:00;0;185
06.06.2019;13:00;14:00;0;190
06.06.2019;14:00;15:00;0;191
06.06.2019;15:00;16:00;0;190
06.06.2019;16:00;17:00;0;192
06.06.2019;17:00;18:00;0;276
06.06.2019;18:00;19:00;0;308
06.06.2019;19:00;20:00;0;307
06.06.2019;20:00;21:00;0;299
06.06.2019;21:00;22:00;0;296
06.06.2019;22:00;23:00;0;310
06.06.2019;23:00;00:00;0;230
07.06.2019;00:00;01:00;0;212
07.06.2019;01:00;02:00;0;214
07.06.2019;02:00;03:00;0;211
07.06.2019;03:00;04:00;0;212
07.06.2019;04:00;05:00;0;214
07.06.2019;05:00;06:00;0;212
07.06.2019;06:00;07:00;0;310
07.06.2019;07:00;08:00;0;319
07.06.2019;08:00;09:00;0;318
07.06.2019;09:00;10:00;0;314
07.06.2019;10:00;11:00;0;220
07.06.2019;11:00;12:00;0;208
07.06.2019;12:00;13:00;0;210
07.06.2019;13:00;14:00;0;211
07.06.2019;14:00;15:00;0;205
07.06.2019;15:00;16:00;0;190
07.06.2019;16:00;17:00;0;195
07.06.2019;17:00;18:00;0;193
07.06.2019;18:00;19:00;0;192
07.06.2019;19:00;20:00;0;198
07.06.2019;20:00;21:00;0;206
07.06.2019;21:00;22:00;0;196
07.06.2019;22:00;23:00;0;196
07.06.2019;23:00;00:00;0;192
08.06.2019;00:00;01:00;0;192
08.06.2019;01:00;02:00;0;191
08.06.2019;02:00;03:00;0;191
08.06.2019;03:00;04:00;0;192
08.06.2019;04:00;05:00;0;192
08.06.2019;05:00;06:00;0;191
08.06.2019;06:00;07:00;0;192
08.06.2019;07:00;08:00;0;192
08.06.2019;08:00;09:00;0;190
08.06.2019;09:00;10:00;0;191
08.06.2019;10:00;11:00;0;192
08.06.2019;11:00;12:00;0;189
08.06.2019;12:00;13:00;0;191
08.06.2019;13:00;14:00;0;194
08.06.2019;14:00;15:00;0;192
08.06.2019;15:00;16:00;0;192
08.06.2019;16:00;17:00;0;194
08.06.2019;17:00;18:00;0;195
08.06.2019;18:00;19:00;0;194
08.06.2019;19:00;20:00;0;194
08.06.2019;20:00;21:00;0;194
08.06.2019;21:00;22:00;0;195
08.06.2019;22:00;23:00;0;190
08.06.2019;23:00;00:00;0;196
09.06.2019;00:00;01:00;0;229
09.06.2019;01:00;02:00;0;228
09.06.2019;02:00;03:00;0;231
09.06.2019;03:00;04:00;0;231
09.06.2019;04:00;05:00;0;231
09.06.2019;05:00;06:00;0;231
09.06.2019;06:00;07:00;0;231
09.06.2019;07:00;08:00;0;221
09.06.2019;08:00;09:00;0;211
09.06.2019;09:00;10:00;0;206
09.06.2019;10:00;11:00;0;202
09.06.2019;11:00;12:00;0;207
09.06.2019;12:00;13:00;0;206
09.06.2019;13:00;14:00;0;204
09.06.2019;14:00;15:00;0;205
09.06.2019;15:00;16:00;0;204
09.06.2019;16:00;17:00;0;202
09.06.2019;17:00;18:00;0;205
09.06.2019;18:00;19:00;0;307
09.06.2019;19:00;20:00;0;317
09.06.2019;20:00;21:00;0;281
09.06.2019;21:00;22:00;0;233
09.06.2019;22:00;23:00;0;185
09.06.2019;23:00;00:00;0;188
10.06.2019;00:00;01:00;0;222
10.06.2019;01:00;02:00;0;227
10.06.2019;02:00;03:00;0;230
10.06.2019;03:00;04:00;0;231
10.06.2019;04:00;05:00;0;231
10.06.2019;05:00;06:00;0;232
10.06.2019;06:00;07:00;0;232
10.06.2019;07:00;08:00;0;226
10.06.2019;08:00;09:00;0;217
10.06.2019;09:00;10:00;0;206
10.06.2019;10:00;11:00;0;204
10.06.2019;11:00;12:00;0;204
10.06.2019;12:00;13:00;0;203
10.06.2019;13:00;14:00;0;201
10.06.2019;14:00;15:00;0;202
10.06.2019;15:00;16:00;0;195
10.06.2019;16:00;17:00;0;184
10.06.2019;17:00;18:00;0;186
10.06.2019;18:00;19:00;0;191
10.06.2019;19:00;20:00;0;192
10.06.2019;20:00;21:00;0;191
10.06.2019;21:00;22:00;0;211
10.06.2019;22:00;23:00;0;200
10.06.2019;23:00;00:00;0;197
11.06.2019;00:00;01:00;0;228
11.06.2019;01:00;02:00;0;245
11.06.2019;02:00;03:00;0;247
11.06.2019;03:00;04:00;0;242
11.06.2019;04:00;05:00;0;246
11.06.2019;05:00;06:00;0;243
11.06.2019;06:00;07:00;0;289
11.06.2019;07:00;08:00;14;315
11.06.2019;08:00;09:00;166;294
11.06.2019;09:00;10:00;317;312
11.06.2019;10:00;11:00;385;322
11.06.2019;11:00;12:00;389;326
11.06.2019;12:00;13:00;388;329
11.06.2019;13:00;14:00;390;329
11.06.2019;14:00;15:00;390;327
11.06.2019;15:00;16:00;391;326
11.06.2019;16:00;17:00;390;325
11.06.2019;17:00;18:00;389;318
11.06.2019;18:00;19:00;392;314
11.06.2019;19:00;20:00;392;315
11.06.2019;20:00;21:00;390;315
11.06.2019;21:00;22:00;386;320
11.06.2019;22:00;23:00;384;323
11.06.2019;23:00;00:00;278;227
12.06.2019;00:00;01:00;220;200
12.06.2019;01:00;02:00;216;203
12.06.2019;02:00;03:00;217;201
12.06.2019;03:00;04:00;216;202
12.06.2019;04:00;05:00;219;199
12.06.2019;05:00;06:00;238;211
12.06.2019;06:00;07:00;317;284
12.06.2019;07:00;08:00;366;332
12.06.2019;08:00;09:00;378;346
12.06.2019;09:00;10:00;385;338
12.06.2019;10:00;11:00;384;338
12.06.2019;11:00;12:00;380;337
12.06.2019;12:00;13:00;382;334
12.06.2019;13:00;14:00;382;331
12.06.2019;14:00;15:00;384;334
12.06.2019;15:00;16:00;384;335
12.06.2019;16:00;17:00;385;338
12.06.2019;17:00;18:00;389;330
12.06.2019;18:00;19:00;393;325
12.06.2019;19:00;20:00;393;324
12.06.2019;20:00;21:00;386;322
12.06.2019;21:00;22:00;380;306
12.06.2019;22:00;23:00;273;281
12.06.2019;23:00;00:00;198;232
13.06.2019;00:00;01:00;205;21
13.06.2019;01:00;02:00;201;0
13.06.2019;02:00;03:00;201;0
13.06.2019;03:00;04:00;199;0
13.06.2019;04:00;05:00;200;0
13.06.2019;05:00;06:00;199;0
13.06.2019;06:00;07:00;203;0
13.06.2019;07:00;08:00;195;0
13.06.2019;08:00;09:00;206;0
13.06.2019;09:00;10:00;198;0
13.06.2019;10:00;11:00;196;0
13.06.2019;11:00;12:00;195;0
13.06.2019;12:00;13:00;188;0
13.06.2019;13:00;14:00;187;0
13.06.2019;14:00;15:00;194;0
13.06.2019;15:00;16:00;197;0
13.06.2019;16:00;17:00;199;0
13.06.2019;17:00;18:00;210;0
13.06.2019;18:00;19:00;301;0
13.06.2019;19:00;20:00;301;0
13.06.2019;20:00;21:00;305;0
13.06.2019;21:00;22:00;310;0
13.06.2019;22:00;23:00;318;0
13.06.2019;23:00;00:00;230;0
14.06.2019;00:00;01:00;194;0
14.06.2019;01:00;02:00;190;0
14.06.2019;02:00;03:00;191;0
14.06.2019;03:00;04:00;186;0
14.06.2019;04:00;05:00;186;0
14.06.2019;05:00;06:00;187;0
14.06.2019;06:00;07:00;188;0
14.06.2019;07:00;08:00;260;0
14.06.2019;08:00;09:00;229;0
14.06.2019;09:00;10:00;205;0
14.06.2019;10:00;11:00;202;0
14.06.2019;11:00;12:00;202;0
14.06.2019;12:00;13:00;203;0
14.06.2019;13:00;14:00;212;0
14.06.2019;14:00;15:00;213;0
14.06.2019;15:00;16:00;221;0
14.06.2019;16:00;17:00;235;0
14.06.2019;17:00;18:00;287;0
14.06.2019;18:00;19:00;300;0
14.06.2019;19:00;20:00;302;0
14.06.2019;20:00;21:00;298;0
14.06.2019;21:00;22:00;311;0
14.06.2019;22:00;23:00;322;0
14.06.2019;23:00;00:00;241;0
15.06.2019;00:00;01:00;198;0
15.06.2019;01:00;02:00;196;0
15.06.2019;02:00;03:00;198;0
15.06.2019;03:00;04:00;197;0
15.06.2019;04:00;05:00;196;0
15.06.2019;05:00;06:00;196;0
15.06.2019;06:00;07:00;196;0
15.06.2019;07:00;08:00;201;0
15.06.2019;08:00;09:00;218;0
15.06.2019;09:00;10:00;216;0
15.06.2019;10:00;11:00;217;0
15.06.2019;11:00;12:00;214;0
15.06.2019;12:00;13:00;208;0
15.06.2019;13:00;14:00;207;0
15.06.2019;14:00;15:00;209;0
15.06.2019;15:00;16:00;210;0
15.06.2019;16:00;17:00;216;0
15.06.2019;17:00;18:00;216;0
15.06.2019;18:00;19:00;211;0
15.06.2019;19:00;20:00;212;0
15.06.2019;20:00;21:00;212;0
15.06.2019;21:00;22:00;212;0
15.06.2019;22:00;23:00;218;0
15.06.2019;23:00;00:00;206;0
16.06.2019;00:00;01:00;206;0
16.06.2019;01:00;02:00;206;0
16.06.2019;02:00;03:00;205;0
16.06.2019;03:00;04:00;204;0
16.06.2019;04:00;05:00;206;0
16.06.2019;05:00;06:00;205;0
16.06.2019;06:00;07:00;205;0
16.06.2019;07:00;08:00;204;0
16.06.2019;08:00;09:00;205;0
16.06.2019;09:00;10:00;208;0
16.06.2019;10:00;11:00;218;0
16.06.2019;11:00;12:00;211;0
16.06.2019;12:00;13:00;221;0
16.06.2019;13:00;14:00;203;0
16.06.2019;14:00;15:00;205;0
16.06.2019;15:00;16:00;206;0
16.06.2019;16:00;17:00;206;0
16.06.2019;17:00;18:00;205;0
16.06.2019;18:00;19:00;207;0
16.06.2019;19:00;20:00;286;0
16.06.2019;20:00;21:00;319;0
16.06.2019;21:00;22:00;322;0
16.06.2019;22:00;23:00;315;0
16.06.2019;23:00;00:00;221;0
17.06.2019;00:00;01:00;233;0
17.06.2019;01:00;02:00;246;0
17.06.2019;02:00;03:00;246;0
17.06.2019;03:00;04:00;244;0
17.06.2019;04:00;05:00;245;0
17.06.2019;05:00;06:00;227;0
17.06.2019;06:00;07:00;307;0
17.06.2019;07:00;08:00;309;0
17.06.2019;08:00;09:00;309;0
17.06.2019;09:00;10:00;228;0
17.06.2019;10:00;11:00;203;0
17.06.2019;11:00;12:00;207;0
17.06.2019;12:00;13:00;199;0
17.06.2019;13:00;14:00;206;0
17.06.2019;14:00;15:00;203;0
17.06.2019;15:00;16:00;204;0
17.06.2019;16:00;17:00;208;0
17.06.2019;17:00;18:00;269;0
17.06.2019;18:00;19:00;300;0
17.06.2019;19:00;20:00;310;0
17.06.2019;20:00;21:00;307;0
17.06.2019;21:00;22:00;310;0
17.06.2019;22:00;23:00;311;0
17.06.2019;23:00;00:00;227;0
18.06.2019;00:00;01:00;215;0
18.06.2019;01:00;02:00;219;0
18.06.2019;02:00;03:00;217;0
18.06.2019;03:00;04:00;218;0
18.06.2019;04:00;05:00;219;0
18.06.2019;05:00;06:00;213;0
18.06.2019;06:00;07:00;235;0
18.06.2019;07:00;08:00;279;0
18.06.2019;08:00;09:00;307;0
18.06.2019;09:00;10:00;224;0
18.06.2019;10:00;11:00;195;0
18.06.2019;11:00;12:00;191;0
18.06.2019;12:00;13:00;188;0
18.06.2019;13:00;14:00;193;0
18.06.2019;14:00;15:00;194;0
18.06.2019;15:00;16:00;192;0
18.06.2019;16:00;17:00;184;0
18.06.2019;17:00;18:00;265;0
18.06.2019;18:00;19:00;299;0
18.06.2019;19:00;20:00;299;0
18.06.2019;20:00;21:00;299;0
18.06.2019;21:00;22:00;300;0
18.06.2019;22:00;23:00;306;0
18.06.2019;23:00;00:00;231;0
19.06.2019;00:00;01:00;219;0
19.06.2019;01:00;02:00;218;0
19.06.2019;02:00;03:00;216;0
19.06.2019;03:00;04:00;218;0
19.06.2019;04:00;05:00;217;0
19.06.2019;05:00;06:00;210;0
19.06.2019;06:00;07:00;222;0
19.06.2019;07:00;08:00;288;0
19.06.2019;08:00;09:00;301;0
19.06.2019;09:00;10:00;299;0
19.06.2019;10:00;11:00;224;0
19.06.2019;11:00;12:00;211;0
19.06.2019;12:00;13:00;205;0
19.06.2019;13:00;14:00;201;0
19.06.2019;14:00;15:00;197;0
19.06.2019;15:00;16:00;190;0
19.06.2019;16:00;17:00;281;0
19.06.2019;17:00;18:00;300;0
19.06.2019;18:00;19:00;305;0
19.06.2019;19:00;20:00;306;0
19.06.2019;20:00;21:00;310;0
19.06.2019;21:00;22:00;311;0
19.06.2019;22:00;23:00;312;0
19.06.2019;23:00;00:00;230;0
20.06.2019;00:00;01:00;220;0
20.06.2019;01:00;02:00;218;0
20.06.2019;02:00;03:00;217;0
20.06.2019;03:00;04:00;217;0
20.06.2019;04:00;05:00;217;0
20.06.2019;05:00;06:00;218;0
20.06.2019;06:00;07:00;219;0
20.06.2019;07:00;08:00;216;0
20.06.2019;08:00;09:00;217;0
20.06.2019;09:00;10:00;218;0
20.06.2019;10:00;11:00;218;0
20.06.2019;11:00;12:00;218;0
20.06.2019;12:00;13:00;218;0
20.06.2019;13:00;14:00;217;0
20.06.2019;14:00;15:00;217;0
20.06.2019;15:00;16:00;218;0
20.06.2019;16:00;17:00;218;0
20.06.2019;17:00;18:00;218;0
20.06.2019;18:00;19:00;219;0
20.06.2019;19:00;20:00;297;0
20.06.2019;20:00;21:00;318;0
20.06.2019;21:00;22:00;319;0
20.06.2019;22:00;23:00;313;0
20.06.2019;23:00;00:00;233;0
21.06.2019;00:00;01:00;218;0
21.06.2019;01:00;02:00;218;0
21.06.2019;02:00;03:00;217;0
21.06.2019;03:00;04:00;216;0
21.06.2019;04:00;05:00;216;0
21.06.2019;05:00;06:00;213;0
21.06.2019;06:00;07:00;213;0
21.06.2019;07:00;08:00;271;0
21.06.2019;08:00;09:00;318;0
21.06.2019;09:00;10:00;317;0
21.06.2019;10:00;11:00;244;0
21.06.2019;11:00;12:00;205;0
21.06.2019;12:00;13:00;203;0
21.06.2019;13:00;14:00;203;0
21.06.2019;14:00;15:00;204;0
21.06.2019;15:00;16:00;205;0
21.06.2019;16:00;17:00;203;0
21.06.2019;17:00;18:00;203;0
21.06.2019;18:00;19:00;254;0
21.06.2019;19:00;20:00;312;0
21.06.2019;20:00;21:00;319;0
21.06.2019;21:00;22:00;319;0
21.06.2019;22:00;23:00;318;0
21.06.2019;23:00;00:00;227;0
22.06.2019;00:00;01:00;201;0
22.06.2019;01:00;02:00;198;0
22.06.2019;02:00;03:00;200;0
22.06.2019;03:00;04:00;200;0
22.06.2019;04:00;05:00;199;0
22.06.2019;05:00;06:00;199;0
22.06.2019;06:00;07:00;201;0
22.06.2019;07:00;08:00;199;0
22.06.2019;08:00;09:00;200;0
22.06.2019;09:00;10:00;198;0
22.06.2019;10:00;11:00;199;0
22.06.2019;11:00;12:00;200;0
22.06.2019;12:00;13:00;199;0
22.06.2019;13:00;14:00;199;0
22.06.2019;14:00;15:00;199;0
22.06.2019;15:00;16:00;199;0
22.06.2019;16:00;17:00;199;0
22.06.2019;17:00;18:00;200;0
22.06.2019;18:00;19:00;198;0
22.06.2019;19:00;20:00;199;0
22.06.2019;20:00;21:00;198;0
22.06.2019;21:00;22:00;200;0
22.06.2019;22:00;23:00;198;0
22.06.2019;23:00;00:00;234;0
23.06.2019;00:00;01:00;256;0
23.06.2019;01:00;02:00;254;0
23.06.2019;02:00;03:00;253;0
23.06.2019;03:00;04:00;254;0
23.06.2019;04:00;05:00;252;0
23.06.2019;05:00;06:00;249;0
23.06.2019;06:00;07:00;254;0
23.06.2019;07:00;08:00;230;0
23.06.2019;08:00;09:00;193;0
23.06.2019;09:00;10:00;190;0
23.06.2019;10:00;11:00;191;0
23.06.2019;11:00;12:00;190;0
23.06.2019;12:00;13:00;191;0
23.06.2019;13:00;14:00;191;0
23.06.2019;14:00;15:00;191;0
23.06.2019;15:00;16:00;192;0
23.06.2019;16:00;17:00;179;0
23.06.2019;17:00;18:00;175;0
23.06.2019;18:00;19:00;178;0
23.06.2019;19:00;20:00;180;0
23.06.2019;20:00;21:00;181;0
23.06.2019;21:00;22:00;180;0
23.06.2019;22:00;23:00;209;0
23.06.2019;23:00;00:00;222;0
24.06.2019;00:00;01:00;259;0
24.06.2019;01:00;02:00;257;0
24.06.2019;02:00;03:00;257;0
24.06.2019;03:00;04:00;258;0
24.06.2019;04:00;05:00;257;0
24.06.2019;05:00;06:00;230;0
24.06.2019;06:00;07:00;208;0
24.06.2019;07:00;08:00;196;0
24.06.2019;08:00;09:00;196;0
24.06.2019;09:00;10:00;197;0
24.06.2019;10:00;11:00;194;0
24.06.2019;11:00;12:00;194;0
24.06.2019;12:00;13:00;190;0
24.06.2019;13:00;14:00;191;0
24.06.2019;14:00;15:00;190;0
24.06.2019;15:00;16:00;192;0
24.06.2019;16:00;17:00;190;0
24.06.2019;17:00;18:00;198;0
24.06.2019;18:00;19:00;284;0
24.06.2019;19:00;20:00;288;0
24.06.2019;20:00;21:00;283;0
24.06.2019;21:00;22:00;250;0
24.06.2019;22:00;23:00;252;0
24.06.2019;23:00;00:00;219;0
25.06.2019;00:00;01:00;210;0
25.06.2019;01:00;02:00;209;0
25.06.2019;02:00;03:00;211;0
25.06.2019;03:00;04:00;209;0
25.06.2019;04:00;05:00;209;0
25.06.2019;05:00;06:00;209;0
25.06.2019;06:00;07:00;202;0
25.06.2019;07:00;08:00;224;0
25.06.2019;08:00;09:00;257;0
25.06.2019;09:00;10:00;217;0
25.06.2019;10:00;11:00;204;0
25.06.2019;11:00;12:00;195;0
25.06.2019;12:00;13:00;187;0
25.06.2019;13:00;14:00;189;0
25.06.2019;14:00;15:00;195;0
25.06.2019;15:00;16:00;193;0
25.06.2019;16:00;17:00;209;0
25.06.2019;17:00;18:00;274;0
25.06.2019;18:00;19:00;278;0
25.06.2019;19:00;20:00;278;0
25.06.2019;20:00;21:00;278;0
25.06.2019;21:00;22:00;279;0
25.06.2019;22:00;23:00;275;0
25.06.2019;23:00;00:00;234;0
26.06.2019;00:00;01:00;224;0
26.06.2019;01:00;02:00;214;0
26.06.2019;02:00;03:00;214;0
26.06.2019;03:00;04:00;213;0
26.06.2019;04:00;05:00;213;0
26.06.2019;05:00;06:00;214;0
26.06.2019;06:00;07:00;228;0
26.06.2019;07:00;08:00;284;0
26.06.2019;08:00;09:00;290;0
26.06.2019;09:00;10:00;275;0
26.06.2019;10:00;11:00;275;0
26.06.2019;11:00;12:00;269;0
26.06.2019;12:00;13:00;241;0
26.06.2019;13:00;14:00;197;0
26.06.2019;14:00;15:00;195;0
26.06.2019;15:00;16:00;203;0
26.06.2019;16:00;17:00;203;0
26.06.2019;17:00;18:00;202;0
26.06.2019;18:00;19:00;208;0
26.06.2019;19:00;20:00;213;0
26.06.2019;20:00;21:00;222;0
26.06.2019;21:00;22:00;203;0
26.06.2019;22:00;23:00;205;0
26.06.2019;23:00;00:00;204;0
27.06.2019;00:00;01:00;203;0
27.06.2019;01:00;02:00;204;0
27.06.2019;02:00;03:00;204;0
27.06.2019;03:00;04:00;204;0
27.06.2019;04:00;05:00;203;0
27.06.2019;05:00;06:00;203;0
27.06.2019;06:00;07:00;193;0
27.06.2019;07:00;08:00;187;0
27.06.2019;08:00;09:00;199;0
27.06.2019;09:00;10:00;204;0
27.06.2019;10:00;11:00;206;0
27.06.2019;11:00;12:00;202;0
27.06.2019;12:00;13:00;193;0
27.06.2019;13:00;14:00;190;0
27.06.2019;14:00;15:00;191;0
27.06.2019;15:00;16:00;193;0
27.06.2019;16:00;17:00;201;0
27.06.2019;17:00;18:00;197;0
27.06.2019;18:00;19:00;198;0
27.06.2019;19:00;20:00;199;0
27.06.2019;20:00;21:00;197;0
27.06.2019;21:00;22:00;206;0
27.06.2019;22:00;23:00;202;0
27.06.2019;23:00;00:00;204;0
28.06.2019;00:00;01:00;204;0
28.06.2019;01:00;02:00;205;0
28.06.2019;02:00;03:00;204;0
28.06.2019;03:00;04:00;204;0
28.06.2019;04:00;05:00;203;0
28.06.2019;05:00;06:00;210;0
28.06.2019;06:00;07:00;281;0
28.06.2019;07:00;08:00;281;0
28.06.2019;08:00;09:00;282;0
28.06.2019;09:00;10:00;300;0
28.06.2019;10:00;11:00;215;0
28.06.2019;11:00;12:00;201;0
28.06.2019;12:00;13:00;200;0
28.06.2019;13:00;14:00;199;0
28.06.2019;14:00;15:00;199;0
28.06.2019;15:00;16:00;199;0
28.06.2019;16:00;17:00;204;0
28.06.2019;17:00;18:00;210;0
28.06.2019;18:00;19:00;222;0
28.06.2019;19:00;20:00;292;0
28.06.2019;20:00;21:00;223;0
28.06.2019;21:00;22:00;222;0
28.06.2019;22:00;23:00;204;0
28.06.2019;23:00;00:00;187;0
29.06.2019;00:00;01:00;188;0
29.06.2019;01:00;02:00;185;0
29.06.2019;02:00;03:00;187;0
29.06.2019;03:00;04:00;187;0
29.06.2019;04:00;05:00;186;0
29.06.2019;05:00;06:00;187;0
29.06.2019;06:00;07:00;187;0
29.06.2019;07:00;08:00;187;0
29.06.2019;08:00;09:00;190;0
29.06.2019;09:00;10:00;190;0
29.06.2019;10:00;11:00;190;0
29.06.2019;11:00;12:00;191;0
29.06.2019;12:00;13:00;190;0
29.06.2019;13:00;14:00;194;0
29.06.2019;14:00;15:00;200;0
29.06.2019;15:00;16:00;200;0
29.06.2019;16:00;17:00;201;0
29.06.2019;17:00;18:00;200;0
29.06.2019;18:00;19:00;202;0
29.06.2019;19:00;20:00;298;0
29.06.2019;20:00;21:00;310;0
29.06.2019;21:00;22:00;311;0
29.06.2019;22:00;23:00;309;0
29.06.2019;23:00;00:00;241;0
30.06.2019;00:00;01:00;244;0
30.06.2019;01:00;02:00;246;0
30.06.2019;02:00;03:00;246;0
30.06.2019;03:00;04:00;244;0
30.06.2019;04:00;05:00;245;0
30.06.2019;05:00;06:00;243;0
30.06.2019;06:00;07:00;235;0
30.06.2019;07:00;08:00;226;0
30.06.2019;08:00;09:00;195;0
30.06.2019;09:00;10:00;190;0
30.06.2019;10:00;11:00;191;0
30.06.2019;11:00;12:00;190;0
30.06.2019;12:00;13:00;190;0
30.06.2019;13:00;14:00;191;0
30.06.2019;14:00;15:00;192;0
30.06.2019;15:00;16:00;197;0
30.06.2019;16:00;17:00;200;0
30.06.2019;17:00;18:00;186;0
30.06.2019;18:00;19:00;188;0
30.06.2019;19:00;20:00;187;0
30.06.2019;20:00;21:00;187;0
30.06.2019;21:00;22:00;193;0
30.06.2019;22:00;23:00;193;0
30.06.2019;23:00;00:00;196;0
01.07.2019;00:00;01:00;228;0
01.07.2019;01:00;02:00;231;0
01.07.2019;02:00;03:00;233;0
01.07.2019;03:00;04:00;232;0
01.07.2019;04:00;05:00;234;0
01.07.2019;05:00;06:00;226;0
01.07.2019;06:00;07:00;199;0
01.07.2019;07:00;08:00;198;0
01.07.2019;08:00;09:00;195;0
01.07.2019;09:00;10:00;206;0
01.07.2019;10:00;11:00;201;0
01.07.2019;11:00;12:00;195;0
01.07.2019;12:00;13:00;195;0
01.07.2019;13:00;14:00;194;0
01.07.2019;14:00;15:00;196;0
01.07.2019;15:00;16:00;195;0
01.07.2019;16:00;17:00;196;0
01.07.2019;17:00;18:00;204;0
01.07.2019;18:00;19:00;195;0
01.07.2019;19:00;20:00;202;0
01.07.2019;20:00;21:00;201;0
01.07.2019;21:00;22:00;207;0
01.07.2019;22:00;23:00;206;0
01.07.2019;23:00;00:00;206;0
02.07.2019;00:00;01:00;205;0
02.07.2019;01:00;02:00;206;0
02.07.2019;02:00;03:00;205;0
02.07.2019;03:00;04:00;206;0
02.07.2019;04:00;05:00;205;0
02.07.2019;05:00;06:00;206;0
02.07.2019;06:00;07:00;206;0
02.07.2019;07:00;08:00;206;0
02.07.2019;08:00;09:00;205;0
02.07.2019;09:00;10:00;206;0
02.07.2019;10:00;11:00;206;0
02.07.2019;11:00;12:00;205;0
02.07.2019;12:00;13:00;205;0
02.07.2019;13:00;14:00;206;0
02.07.2019;14:00;15:00;205;0
02.07.2019;15:00;16:00;205;0
02.07.2019;16:00;17:00;213;0
02.07.2019;17:00;18:00;200;0
02.07.2019;18:00;19:00;201;0
02.07.2019;19:00;20:00;216;0
02.07.2019;20:00;21:00;311;0
02.07.2019;21:00;22:00;310;0
02.07.2019;22:00;23:00;220;0
02.07.2019;23:00;00:00;197;0
03.07.2019;00:00;01:00;197;0
03.07.2019;01:00;02:00;196;0
03.07.2019;02:00;03:00;196;0
03.07.2019;03:00;04:00;195;0
03.07.2019;04:00;05:00;195;0
03.07.2019;05:00;06:00;198;0
03.07.2019;06:00;07:00;199;0
03.07.2019;07:00;08:00;219;0
03.07.2019;08:00;09:00;243;0
03.07.2019;09:00;10:00;237;0
03.07.2019;10:00;11:00;237;0
03.07.2019;11:00;12:00;239;0
03.07.2019;12:00;13:00;240;0
03.07.2019;13:00;14:00;240;0
03.07.2019;14:00;15:00;241;0
03.07.2019;15:00;16:00;287;9
03.07.2019;16:00;17:00;242;126
03.07.2019;17:00;18:00;217;241
03.07.2019;18:00;19:00;200;258
03.07.2019;19:00;20:00;201;258
03.07.2019;20:00;21:00;256;311
03.07.2019;21:00;22:00;195;267
03.07.2019;22:00;23:00;252;301
03.07.2019;23:00;00:00;244;208
04.07.2019;00:00;01:00;0;178
04.07.2019;01:00;02:00;0;178
04.07.2019;02:00;03:00;0;178
04.07.2019;03:00;04:00;0;184
04.07.2019;04:00;05:00;0;181
04.07.2019;05:00;06:00;0;182
04.07.2019;06:00;07:00;0;188
04.07.2019;07:00;08:00;0;193
04.07.2019;08:00;09:00;0;191
04.07.2019;09:00;10:00;0;190
04.07.2019;10:00;11:00;0;189
04.07.2019;11:00;12:00;0;191
04.07.2019;12:00;13:00;0;191
04.07.2019;13:00;14:00;0;190
04.07.2019;14:00;15:00;0;189
04.07.2019;15:00;16:00;0;189
04.07.2019;16:00;17:00;0;200
04.07.2019;17:00;18:00;0;205
04.07.2019;18:00;19:00;0;206
04.07.2019;19:00;20:00;0;206
04.07.2019;20:00;21:00;0;208
04.07.2019;21:00;22:00;0;205
04.07.2019;22:00;23:00;0;210
04.07.2019;23:00;00:00;0;186
05.07.2019;00:00;01:00;0;187
05.07.2019;01:00;02:00;0;189
05.07.2019;02:00;03:00;0;187
05.07.2019;03:00;04:00;0;186
05.07.2019;04:00;05:00;0;189
05.07.2019;05:00;06:00;0;192
05.07.2019;06:00;07:00;0;183
05.07.2019;07:00;08:00;0;189
05.07.2019;08:00;09:00;0;204
05.07.2019;09:00;10:00;0;215
05.07.2019;10:00;11:00;0;205
05.07.2019;11:00;12:00;0;190
05.07.2019;12:00;13:00;0;185
05.07.2019;13:00;14:00;0;191
05.07.2019;14:00;15:00;0;195
05.07.2019;15:00;16:00;0;201
05.07.2019;16:00;17:00;0;203
05.07.2019;17:00;18:00;0;206
05.07.2019;18:00;19:00;0;208
05.07.2019;19:00;20:00;0;207
05.07.2019;20:00;21:00;0;204
05.07.2019;21:00;22:00;0;208
05.07.2019;22:00;23:00;0;214
05.07.2019;23:00;00:00;0;210
06.07.2019;00:00;01:00;0;210
06.07.2019;01:00;02:00;0;213
06.07.2019;02:00;03:00;0;212
06.07.2019;03:00;04:00;0;211
06.07.2019;04:00;05:00;0;211
06.07.2019;05:00;06:00;0;210
06.07.2019;06:00;07:00;0;190
06.07.2019;07:00;08:00;0;189
06.07.2019;08:00;09:00;0;189
06.07.2019;09:00;10:00;0;188
06.07.2019;10:00;11:00;0;187
06.07.2019;11:00;12:00;0;181
06.07.2019;12:00;13:00;0;180
06.07.2019;13:00;14:00;0;185
06.07.2019;14:00;15:00;0;202
06.07.2019;15:00;16:00;0;201
06.07.2019;16:00;17:00;0;203
06.07.2019;17:00;18:00;0;201
06.07.2019;18:00;19:00;0;200
06.07.2019;19:00;20:00;0;202
06.07.2019;20:00;21:00;0;203
06.07.2019;21:00;22:00;0;205
06.07.2019;22:00;23:00;0;207
06.07.2019;23:00;00:00;0;207
07.07.2019;00:00;01:00;0;227
07.07.2019;01:00;02:00;0;238
07.07.2019;02:00;03:00;0;239
07.07.2019;03:00;04:00;0;240
07.07.2019;04:00;05:00;0;242
07.07.2019;05:00;06:00;0;242
07.07.2019;06:00;07:00;0;242
07.07.2019;07:00;08:00;0;226
07.07.2019;08:00;09:00;0;201
07.07.2019;09:00;10:00;0;189
07.07.2019;10:00;11:00;0;183
07.07.2019;11:00;12:00;0;183
07.07.2019;12:00;13:00;0;173
07.07.2019;13:00;14:00;0;174
07.07.2019;14:00;15:00;0;174
07.07.2019;15:00;16:00;0;177
07.07.2019;16:00;17:00;0;177
07.07.2019;17:00;18:00;0;182
07.07.2019;18:00;19:00;0;188
07.07.2019;19:00;20:00;0;188
07.07.2019;20:00;21:00;0;188
07.07.2019;21:00;22:00;0;186
07.07.2019;22:00;23:00;0;187
07.07.2019;23:00;00:00;0;191
08.07.2019;00:00;01:00;0;234
08.07.2019;01:00;02:00;0;238
08.07.2019;02:00;03:00;0;241
08.07.2019;03:00;04:00;0;238
08.07.2019;04:00;05:00;0;238
08.07.2019;05:00;06:00;0;210
08.07.2019;06:00;07:00;0;182
08.07.2019;07:00;08:00;0;178
08.07.2019;08:00;09:00;0;200
08.07.2019;09:00;10:00;0;178
08.07.2019;10:00;11:00;0;179
08.07.2019;11:00;12:00;0;178
08.07.2019;12:00;13:00;0;181
08.07.2019;13:00;14:00;0;181
08.07.2019;14:00;15:00;0;180
08.07.2019;15:00;16:00;0;181
08.07.2019;16:00;17:00;0;181
08.07.2019;17:00;18:00;0;183
08.07.2019;18:00;19:00;0;181
08.07.2019;19:00;20:00;0;181
08.07.2019;20:00;21:00;0;182
08.07.2019;21:00;22:00;0;182
08.07.2019;22:00;23:00;0;184
08.07.2019;23:00;00:00;0;181
09.07.2019;00:00;01:00;0;180
09.07.2019;01:00;02:00;0;181
09.07.2019;02:00;03:00;0;182
09.07.2019;03:00;04:00;0;183
09.07.2019;04:00;05:00;0;182
09.07.2019;05:00;06:00;0;182
09.07.2019;06:00;07:00;0;198
09.07.2019;07:00;08:00;0;205
09.07.2019;08:00;09:00;0;197
09.07.2019;09:00;10:00;0;199
09.07.2019;10:00;11:00;0;207
09.07.2019;11:00;12:00;0;207
09.07.2019;12:00;13:00;0;208
09.07.2019;13:00;14:00;0;192
09.07.2019;14:00;15:00;0;191
09.07.2019;15:00;16:00;0;192
09.07.2019;16:00;17:00;0;195
09.07.2019;17:00;18:00;0;193
09.07.2019;18:00;19:00;0;200
09.07.2019;19:00;20:00;0;313
09.07.2019;20:00;21:00;0;319
09.07.2019;21:00;22:00;0;314
09.07.2019;22:00;23:00;0;220
09.07.2019;23:00;00:00;0;201
10.07.2019;00:00;01:00;0;202
10.07.2019;01:00;02:00;0;201
10.07.2019;02:00;03:00;0;200
10.07.2019;03:00;04:00;0;204
10.07.2019;04:00;05:00;0;203
10.07.2019;05:00;06:00;0;199
10.07.2019;06:00;07:00;0;203
10.07.2019;07:00;08:00;0;201
10.07.2019;08:00;09:00;0;194
10.07.2019;09:00;10:00;0;194
10.07.2019;10:00;11:00;0;197
10.07.2019;11:00;12:00;0;194
10.07.2019;12:00;13:00;0;197
10.07.2019;13:00;14:00;0;196
10.07.2019;14:00;15:00;0;195
10.07.2019;15:00;16:00;0;195
10.07.2019;16:00;17:00;0;197
10.07.2019;17:00;18:00;0;201
10.07.2019;18:00;19:00;0;311
10.07.2019;19:00;20:00;0;327
10.07.2019;20:00;21:00;0;306
10.07.2019;21:00;22:00;0;331
10.07.2019;22:00;23:00;0;319
10.07.2019;23:00;00:00;0;209
11.07.2019;00:00;01:00;0;199
11.07.2019;01:00;02:00;0;199
11.07.2019;02:00;03:00;0;198
11.07.2019;03:00;04:00;0;195
11.07.2019;04:00;05:00;0;194
11.07.2019;05:00;06:00;0;198
11.07.2019;06:00;07:00;0;198
11.07.2019;07:00;08:00;0;310
11.07.2019;08:00;09:00;0;334
11.07.2019;09:00;10:00;0;336
11.07.2019;10:00;11:00;0;336
11.07.2019;11:00;12:00;0;335
11.07.2019;12:00;13:00;0;335
11.07.2019;13:00;14:00;0;334
11.07.2019;14:00;15:00;0;335
11.07.2019;15:00;16:00;0;335
11.07.2019;16:00;17:00;0;336
11.07.2019;17:00;18:00;0;326
11.07.2019;18:00;19:00;0;308
11.07.2019;19:00;20:00;0;323
11.07.2019;20:00;21:00;0;336
11.07.2019;21:00;22:00;0;340
11.07.2019;22:00;23:00;0;329
11.07.2019;23:00;00:00;0;204
12.07.2019;00:00;01:00;0;190
12.07.2019;01:00;02:00;0;188
12.07.2019;02:00;03:00;0;184
12.07.2019;03:00;04:00;0;185
12.07.2019;04:00;05:00;0;184
12.07.2019;05:00;06:00;0;201
12.07.2019;06:00;07:00;0;324
12.07.2019;07:00;08:00;0;339
12.07.2019;08:00;09:00;0;342
12.07.2019;09:00;10:00;0;336
12.07.2019;10:00;11:00;0;336
12.07.2019;11:00;12:00;0;341
12.07.2019;12:00;13:00;0;340
12.07.2019;13:00;14:00;0;269
12.07.2019;14:00;15:00;0;183
12.07.2019;15:00;16:00;0;188
12.07.2019;16:00;17:00;0;185
12.07.2019;17:00;18:00;0;188
12.07.2019;18:00;19:00;0;189
12.07.2019;19:00;20:00;0;192
12.07.2019;20:00;21:00;0;191
12.07.2019;21:00;22:00;0;192
12.07.2019;22:00;23:00;0;191
12.07.2019;23:00;00:00;0;191
13.07.2019;00:00;01:00;0;191
13.07.2019;01:00;02:00;0;191
13.07.2019;02:00;03:00;0;190
13.07.2019;03:00;04:00;0;193
13.07.2019;04:00;05:00;0;190
13.07.2019;05:00;06:00;0;193
13.07.2019;06:00;07:00;0;191
13.07.2019;07:00;08:00;0;190
13.07.2019;08:00;09:00;0;191
13.07.2019;09:00;10:00;0;191
13.07.2019;10:00;11:00;0;190
13.07.2019;11:00;12:00;0;190
13.07.2019;12:00;13:00;0;191
13.07.2019;13:00;14:00;0;191
13.07.2019;14:00;15:00;0;191
13.07.2019;15:00;16:00;0;190
13.07.2019;16:00;17:00;0;193
13.07.2019;17:00;18:00;0;192
13.07.2019;18:00;19:00;0;191
13.07.2019;19:00;20:00;0;190
13.07.2019;20:00;21:00;0;189
13.07.2019;21:00;22:00;0;192
13.07.2019;22:00;23:00;0;196
13.07.2019;23:00;00:00;0;206
14.07.2019;00:00;01:00;0;230
14.07.2019;01:00;02:00;0;233
14.07.2019;02:00;03:00;0;234
14.07.2019;03:00;04:00;0;240
14.07.2019;04:00;05:00;0;239
14.07.2019;05:00;06:00;0;242
14.07.2019;06:00;07:00;0;239
14.07.2019;07:00;08:00;0;228
14.07.2019;08:00;09:00;0;216
14.07.2019;09:00;10:00;0;213
14.07.2019;10:00;11:00;0;202
14.07.2019;11:00;12:00;0;200
14.07.2019;12:00;13:00;0;201
14.07.2019;13:00;14:00;0;204
14.07.2019;14:00;15:00;0;202
14.07.2019;15:00;16:00;0;202
14.07.2019;16:00;17:00;0;200
14.07.2019;17:00;18:00;0;200
14.07.2019;18:00;19:00;0;201
14.07.2019;19:00;20:00;0;201
14.07.2019;20:00;21:00;0;203
14.07.2019;21:00;22:00;0;200
14.07.2019;22:00;23:00;0;200
14.07.2019;23:00;00:00;0;212
15.07.2019;00:00;01:00;0;234
15.07.2019;01:00;02:00;0;239
15.07.2019;02:00;03:00;0;241
15.07.2019;03:00;04:00;0;240
15.07.2019;04:00;05:00;0;241
15.07.2019;05:00;06:00;0;237
15.07.2019;06:00;07:00;0;311
15.07.2019;07:00;08:00;0;313
15.07.2019;08:00;09:00;0;314
15.07.2019;09:00;10:00;0;315
15.07.2019;10:00;11:00;0;244
15.07.2019;11:00;12:00;0;202
15.07.2019;12:00;13:00;0;200
15.07.2019;13:00;14:00;0;206
15.07.2019;14:00;15:00;0;206
15.07.2019;15:00;16:00;0;207
15.07.2019;16:00;17:00;0;205
15.07.2019;17:00;18:00;0;208
15.07.2019;18:00;19:00;0;206
15.07.2019;19:00;20:00;0;206
15.07.2019;20:00;21:00;0;208
15.07.2019;21:00;22:00;0;208
15.07.2019;22:00;23:00;0;204
15.07.2019;23:00;00:00;0;205
16.07.2019;00:00;01:00;0;206
16.07.2019;01:00;02:00;0;206
16.07.2019;02:00;03:00;0;205
16.07.2019;03:00;04:00;0;204
16.07.2019;04:00;05:00;0;206
16.07.2019;05:00;06:00;0;207
16.07.2019;06:00;07:00;0;207
16.07.2019;07:00;08:00;0;206
16.07.2019;08:00;09:00;0;205
16.07.2019;09:00;10:00;0;206
16.07.2019;10:00;11:00;0;208
16.07.2019;11:00;12:00;0;207
16.07.2019;12:00;13:00;0;205
16.07.2019;13:00;14:00;0;206
16.07.2019;14:00;15:00;0;208
16.07.2019;15:00;16:00;0;206
16.07.2019;16:00;17:00;0;207
16.07.2019;17:00;18:00;0;203
16.07.2019;18:00;19:00;0;204
16.07.2019;19:00;20:00;0;207
16.07.2019;20:00;21:00;0;206
16.07.2019;21:00;22:00;0;205
16.07.2019;22:00;23:00;0;209
16.07.2019;23:00;00:00;0;222
17.07.2019;00:00;01:00;0;231
17.07.2019;01:00;02:00;0;229
17.07.2019;02:00;03:00;0;226
17.07.2019;03:00;04:00;0;229
17.07.2019;04:00;05:00;0;228
17.07.2019;05:00;06:00;0;228
17.07.2019;06:00;07:00;32;298
17.07.2019;07:00;08:00;202;310
17.07.2019;08:00;09:00;267;288
17.07.2019;09:00;10:00;281;214
17.07.2019;10:00;11:00;260;116
17.07.2019;11:00;12:00;273;114
17.07.2019;12:00;13:00;192;228
17.07.2019;13:00;14:00;7;308
17.07.2019;14:00;15:00;0;218
17.07.2019;15:00;16:00;0;216
17.07.2019;16:00;17:00;0;209
17.07.2019;17:00;18:00;0;217
17.07.2019;18:00;19:00;0;298
17.07.2019;19:00;20:00;0;298
17.07.2019;20:00;21:00;0;299
17.07.2019;21:00;22:00;0;299
17.07.2019;22:00;23:00;0;303
17.07.2019;23:00;00:00;0;272
18.07.2019;00:00;01:00;0;223
18.07.2019;01:00;02:00;0;211
18.07.2019;02:00;03:00;0;207
18.07.2019;03:00;04:00;0;212
18.07.2019;04:00;05:00;0;213
18.07.2019;05:00;06:00;0;211
18.07.2019;06:00;07:00;0;213
18.07.2019;07:00;08:00;0;211
18.07.2019;08:00;09:00;0;198
18.07.2019;09:00;10:00;0;190
18.07.2019;10:00;11:00;0;186
18.07.2019;11:00;12:00;0;176
18.07.2019;12:00;13:00;0;194
18.07.2019;13:00;14:00;0;192
18.07.2019;14:00;15:00;0;191
18.07.2019;15:00;16:00;0;191
18.07.2019;16:00;17:00;0;186
18.07.2019;17:00;18:00;0;190
18.07.2019;18:00;19:00;0;190
18.07.2019;19:00;20:00;0;190
18.07.2019;20:00;21:00;0;216
18.07.2019;21:00;22:00;0;197
18.07.2019;22:00;23:00;0;195
18.07.2019;23:00;00:00;0;198
19.07.2019;00:00;01:00;0;199
19.07.2019;01:00;02:00;0;196
19.07.2019;02:00;03:00;0;197
19.07.2019;03:00;04:00;0;198
19.07.2019;04:00;05:00;0;198
19.07.2019;05:00;06:00;0;195
19.07.2019;06:00;07:00;0;201
19.07.2019;07:00;08:00;0;311
19.07.2019;08:00;09:00;0;319
19.07.2019;09:00;10:00;0;317
19.07.2019;10:00;11:00;0;318
19.07.2019;11:00;12:00;0;314
19.07.2019;12:00;13:00;0;210
19.07.2019;13:00;14:00;0;199
19.07.2019;14:00;15:00;0;200
19.07.2019;15:00;16:00;0;195
19.07.2019;16:00;17:00;0;196
19.07.2019;17:00;18:00;0;248
19.07.2019;18:00;19:00;0;310
19.07.2019;19:00;20:00;0;300
19.07.2019;20:00;21:00;0;294
19.07.2019;21:00;22:00;0;292
19.07.2019;22:00;23:00;0;286
19.07.2019;23:00;00:00;0;207
20.07.2019;00:00;01:00;0;189
20.07.2019;01:00;02:00;0;189
20.07.2019;02:00;03:00;0;182
20.07.2019;03:00;04:00;0;188
20.07.2019;04:00;05:00;0;195
20.07.2019;05:00;06:00;0;192
20.07.2019;06:00;07:00;0;194
20.07.2019;07:00;08:00;0;197
20.07.2019;08:00;09:00;0;196
20.07.2019;09:00;10:00;0;196
20.07.2019;10:00;11:00;0;195
20.07.2019;11:00;12:00;0;194
20.07.2019;12:00;13:00;0;196
20.07.2019;13:00;14:00;0;211
20.07.2019;14:00;15:00;0;211
20.07.2019;15:00;16:00;0;206
20.07.2019;16:00;17:00;0;204
20.07.2019;17:00;18:00;0;205
20.07.2019;18:00;19:00;0;220
20.07.2019;19:00;20:00;0;216
20.07.2019;20:00;21:00;0;210
20.07.2019;21:00;22:00;0;211
20.07.2019;22:00;23:00;0;199
20.07.2019;23:00;00:00;0;201
21.07.2019;00:00;01:00;0;209
21.07.2019;01:00;02:00;0;210
21.07.2019;02:00;03:00;0;210
21.07.2019;03:00;04:00;0;217
21.07.2019;04:00;05:00;0;218
21.07.2019;05:00;06:00;0;219
21.07.2019;06:00;07:00;0;221
21.07.2019;07:00;08:00;0;215
21.07.2019;08:00;09:00;0;205
21.07.2019;09:00;10:00;0;202
21.07.2019;10:00;11:00;0;200
21.07.2019;11:00;12:00;0;198
21.07.2019;12:00;13:00;0;201
21.07.2019;13:00;14:00;0;201
21.07.2019;14:00;15:00;0;201
21.07.2019;15:00;16:00;0;200
21.07.2019;16:00;17:00;0;200
21.07.2019;17:00;18:00;0;201
21.07.2019;18:00;19:00;0;200
21.07.2019;19:00;20:00;0;201
21.07.2019;20:00;21:00;0;203
21.07.2019;21:00;22:00;0;202
21.07.2019;22:00;23:00;0;201
21.07.2019;23:00;00:00;0;200
22.07.2019;00:00;01:00;0;202
22.07.2019;01:00;02:00;0;199
22.07.2019;02:00;03:00;0;199
22.07.2019;03:00;04:00;0;203
22.07.2019;04:00;05:00;0;200
22.07.2019;05:00;06:00;0;201
22.07.2019;06:00;07:00;0;201
22.07.2019;07:00;08:00;0;201
22.07.2019;08:00;09:00;0;216
22.07.2019;09:00;10:00;0;200
22.07.2019;10:00;11:00;0;200
22.07.2019;11:00;12:00;0;201
22.07.2019;12:00;13:00;0;202
22.07.2019;13:00;14:00;0;202
22.07.2019;14:00;15:00;0;201
22.07.2019;15:00;16:00;0;199
22.07.2019;16:00;17:00;0;201
22.07.2019;17:00;18:00;0;201
22.07.2019;18:00;19:00;0;199
22.07.2019;19:00;20:00;0;240
22.07.2019;20:00;21:00;0;213
22.07.2019;21:00;22:00;0;240
22.07.2019;22:00;23:00;0;239
22.07.2019;23:00;00:00;0;223
23.07.2019;00:00;01:00;0;201
23.07.2019;01:00;02:00;0;202
23.07.2019;02:00;03:00;0;201
23.07.2019;03:00;04:00;0;201
23.07.2019;04:00;05:00;0;202
23.07.2019;05:00;06:00;0;201
23.07.2019;06:00;07:00;0;206
23.07.2019;07:00;08:00;0;243
23.07.2019;08:00;09:00;0;242
23.07.2019;09:00;10:00;0;258
23.07.2019;10:00;11:00;0;210
23.07.2019;11:00;12:00;0;204
23.07.2019;12:00;13:00;0;201
23.07.2019;13:00;14:00;0;210
23.07.2019;14:00;15:00;0;193
23.07.2019;15:00;16:00;0;199
23.07.2019;16:00;17:00;0;208
23.07.2019;17:00;18:00;0;238
23.07.2019;18:00;19:00;0;232
23.07.2019;19:00;20:00;0;234
23.07.2019;20:00;21:00;0;236
23.07.2019;21:00;22:00;0;234
23.07.2019;22:00;23:00;0;237
23.07.2019;23:00;00:00;0;240
24.07.2019;00:00;01:00;0;232
24.07.2019;01:00;02:00;0;234
24.07.2019;02:00;03:00;0;234
24.07.2019;03:00;04:00;0;242
24.07.2019;04:00;05:00;0;243
24.07.2019;05:00;06:00;0;241
24.07.2019;06:00;07:00;17;238
24.07.2019;07:00;08:00;177;224
24.07.2019;08:00;09:00;271;252
24.07.2019;09:00;10:00;265;202
24.07.2019;10:00;11:00;300;235
24.07.2019;11:00;12:00;246;157
24.07.2019;12:00;13:00;231;150
24.07.2019;13:00;14:00;234;193
24.07.2019;14:00;15:00;235;182
24.07.2019;15:00;16:00;234;185
24.07.2019;16:00;17:00;235;188
24.07.2019;17:00;18:00;236;185
24.07.2019;18:00;19:00;234;183
24.07.2019;19:00;20:00;235;182
24.07.2019;20:00;21:00;235;180
24.07.2019;21:00;22:00;234;179
24.07.2019;22:00;23:00;234;180
24.07.2019;23:00;00:00;236;186
25.07.2019;00:00;01:00;235;209
25.07.2019;01:00;02:00;236;206
25.07.2019;02:00;03:00;235;212
25.07.2019;03:00;04:00;234;226
25.07.2019;04:00;05:00;235;225
25.07.2019;05:00;06:00;235;224
25.07.2019;06:00;07:00;235;213
25.07.2019;07:00;08:00;235;207
25.07.2019;08:00;09:00;234;207
25.07.2019;09:00;10:00;236;207
25.07.2019;10:00;11:00;235;205
25.07.2019;11:00;12:00;234;200
25.07.2019;12:00;13:00;235;196
25.07.2019;13:00;14:00;234;195
25.07.2019;14:00;15:00;236;195
25.07.2019;15:00;16:00;235;196
25.07.2019;16:00;17:00;235;197
25.07.2019;17:00;18:00;231;198
25.07.2019;18:00;19:00;230;198
25.07.2019;19:00;20:00;234;194
25.07.2019;20:00;21:00;229;192
25.07.2019;21:00;22:00;226;195
25.07.2019;22:00;23:00;238;198
25.07.2019;23:00;00:00;217;199
26.07.2019;00:00;01:00;0;216
26.07.2019;01:00;02:00;0;214
26.07.2019;02:00;03:00;0;213
26.07.2019;03:00;04:00;0;212
26.07.2019;04:00;05:00;0;215
26.07.2019;05:00;06:00;0;216
26.07.2019;06:00;07:00;0;216
26.07.2019;07:00;08:00;0;277
26.07.2019;08:00;09:00;0;284
26.07.2019;09:00;10:00;0;284
26.07.2019;10:00;11:00;0;281
26.07.2019;11:00;12:00;0;212
26.07.2019;12:00;13:00;0;204
26.07.2019;13:00;14:00;0;206
26.07.2019;14:00;15:00;0;201
26.07.2019;15:00;16:00;0;201
26.07.2019;16:00;17:00;0;201
26.07.2019;17:00;18:00;0;201
26.07.2019;18:00;19:00;0;200
26.07.2019;19:00;20:00;0;201
26.07.2019;20:00;21:00;0;202
26.07.2019;21:00;22:00;0;195
26.07.2019;22:00;23:00;0;197
26.07.2019;23:00;00:00;0;197
27.07.2019;00:00;01:00;0;191
27.07.2019;01:00;02:00;0;190
27.07.2019;02:00;03:00;0;194
27.07.2019;03:00;04:00;0;191
27.07.2019;04:00;05:00;0;190
27.07.2019;05:00;06:00;0;190
27.07.2019;06:00;07:00;0;192
27.07.2019;07:00;08:00;0;194
27.07.2019;08:00;09:00;0;192
27.07.2019;09:00;10:00;0;192
27.07.2019;10:00;11:00;0;191
27.07.2019;11:00;12:00;0;191
27.07.2019;12:00;13:00;0;193
27.07.2019;13:00;14:00;0;190
27.07.2019;14:00;15:00;0;190
27.07.2019;15:00;16:00;0;192
27.07.2019;16:00;17:00;0;190
27.07.2019;17:00;18:00;0;193
27.07.2019;18:00;19:00;0;192
27.07.2019;19:00;20:00;0;193
27.07.2019;20:00;21:00;0;197
27.07.2019;21:00;22:00;0;197
27.07.2019;22:00;23:00;0;218
27.07.2019;23:00;00:00;0;227
28.07.2019;00:00;01:00;0;231
28.07.2019;01:00;02:00;0;232
28.07.2019;02:00;03:00;0;231
28.07.2019;03:00;04:00;0;233
28.07.2019;04:00;05:00;0;232
28.07.2019;05:00;06:00;0;232
28.07.2019;06:00;07:00;0;231
28.07.2019;07:00;08:00;0;214
28.07.2019;08:00;09:00;0;198
28.07.2019;09:00;10:00;0;193
28.07.2019;10:00;11:00;0;192
28.07.2019;11:00;12:00;0;193
28.07.2019;12:00;13:00;0;191
28.07.2019;13:00;14:00;0;192
28.07.2019;14:00;15:00;0;192
28.07.2019;15:00;16:00;0;193
28.07.2019;16:00;17:00;0;190
28.07.2019;17:00;18:00;0;193
28.07.2019;18:00;19:00;0;192
28.07.2019;19:00;20:00;0;192
28.07.2019;20:00;21:00;0;193
28.07.2019;21:00;22:00;0;192
28.07.2019;22:00;23:00;0;192
28.07.2019;23:00;00:00;0;190
29.07.2019;00:00;01:00;0;192
29.07.2019;01:00;02:00;0;220
29.07.2019;02:00;03:00;0;225
29.07.2019;03:00;04:00;0;230
29.07.2019;04:00;05:00;0;231
29.07.2019;05:00;06:00;0;230
29.07.2019;06:00;07:00;0;208
29.07.2019;07:00;08:00;0;302
29.07.2019;08:00;09:00;0;308
29.07.2019;09:00;10:00;0;310
29.07.2019;10:00;11:00;0;311
29.07.2019;11:00;12:00;0;310
29.07.2019;12:00;13:00;0;241
29.07.2019;13:00;14:00;0;197
29.07.2019;14:00;15:00;0;197
29.07.2019;15:00;16:00;0;196
29.07.2019;16:00;17:00;0;195
29.07.2019;17:00;18:00;0;195
29.07.2019;18:00;19:00;0;194
29.07.2019;19:00;20:00;0;196
29.07.2019;20:00;21:00;0;228
29.07.2019;21:00;22:00;0;229
29.07.2019;22:00;23:00;0;263
29.07.2019;23:00;00:00;0;205
30.07.2019;00:00;01:00;0;199
30.07.2019;01:00;02:00;0;200
30.07.2019;02:00;03:00;0;199
30.07.2019;03:00;04:00;0;198
30.07.2019;04:00;05:00;0;199
30.07.2019;05:00;06:00;0;202
30.07.2019;06:00;07:00;0;199
30.07.2019;07:00;08:00;0;200
30.07.2019;08:00;09:00;0;200
30.07.2019;09:00;10:00;0;199
30.07.2019;10:00;11:00;0;200
30.07.2019;11:00;12:00;0;202
30.07.2019;12:00;13:00;0;200
30.07.2019;13:00;14:00;0;197
30.07.2019;14:00;15:00;0;200
30.07.2019;15:00;16:00;0;199
30.07.2019;16:00;17:00;0;200
30.07.2019;17:00;18:00;0;195
30.07.2019;18:00;19:00;0;198
30.07.2019;19:00;20:00;0;283
30.07.2019;20:00;21:00;0;268
30.07.2019;21:00;22:00;0;207
30.07.2019;22:00;23:00;0;197
30.07.2019;23:00;00:00;0;200
31.07.2019;00:00;01:00;0;198
31.07.2019;01:00;02:00;0;198
31.07.2019;02:00;03:00;0;201
31.07.2019;03:00;04:00;0;201
31.07.2019;04:00;05:00;0;202
31.07.2019;05:00;06:00;0;199
31.07.2019;06:00;07:00;0;198
31.07.2019;07:00;08:00;0;203
31.07.2019;08:00;09:00;0;299
31.07.2019;09:00;10:00;0;309
31.07.2019;10:00;11:00;0;311
31.07.2019;11:00;12:00;0;210
31.07.2019;12:00;13:00;0;196
31.07.2019;13:00;14:00;0;195
31.07.2019;14:00;15:00;0;195
31.07.2019;15:00;16:00;0;193
31.07.2019;16:00;17:00;0;195
31.07.2019;17:00;18:00;0;191
31.07.2019;18:00;19:00;0;210
31.07.2019;19:00;20:00;0;207
31.07.2019;20:00;21:00;0;214
31.07.2019;21:00;22:00;0;199
31.07.2019;22:00;23:00;0;199
31.07.2019;23:00;00:00;0;200
01.08.2019;00:00;01:00;0;201
01.08.2019;01:00;02:00;0;200
01.08.2019;02:00;03:00;0;200
01.08.2019;03:00;04:00;0;200
01.08.2019;04:00;05:00;0;201
01.08.2019;05:00;06:00;0;202
01.08.2019;06:00;07:00;0;202
01.08.2019;07:00;08:00;0;202
01.08.2019;08:00;09:00;0;205
01.08.2019;09:00;10:00;0;201
01.08.2019;10:00;11:00;0;201
01.08.2019;11:00;12:00;0;201
01.08.2019;12:00;13:00;0;201
01.08.2019;13:00;14:00;0;201
01.08.2019;14:00;15:00;0;201
01.08.2019;15:00;16:00;0;197
01.08.2019;16:00;17:00;0;199
01.08.2019;17:00;18:00;0;204
01.08.2019;18:00;19:00;0;279
01.08.2019;19:00;20:00;0;277
01.08.2019;20:00;21:00;0;280
01.08.2019;21:00;22:00;0;279
01.08.2019;22:00;23:00;0;278
01.08.2019;23:00;00:00;0;203
02.08.2019;00:00;01:00;0;199
02.08.2019;01:00;02:00;0;202
02.08.2019;02:00;03:00;0;200
02.08.2019;03:00;04:00;0;200
02.08.2019;04:00;05:00;0;199
02.08.2019;05:00;06:00;0;200
02.08.2019;06:00;07:00;0;225
02.08.2019;07:00;08:00;0;307
02.08.2019;08:00;09:00;0;312
02.08.2019;09:00;10:00;0;314
02.08.2019;10:00;11:00;0;243
02.08.2019;11:00;12:00;0;204
02.08.2019;12:00;13:00;0;209
02.08.2019;13:00;14:00;0;213
02.08.2019;14:00;15:00;0;210
02.08.2019;15:00;16:00;0;205
02.08.2019;16:00;17:00;0;216
02.08.2019;17:00;18:00;0;218
02.08.2019;18:00;19:00;0;218
02.08.2019;19:00;20:00;0;283
02.08.2019;20:00;21:00;0;288
02.08.2019;21:00;22:00;0;211
02.08.2019;22:00;23:00;0;219
02.08.2019;23:00;00:00;0;212
03.08.2019;00:00;01:00;0;201
03.08.2019;01:00;02:00;0;189
03.08.2019;02:00;03:00;0;197
03.08.2019;03:00;04:00;0;198
03.08.2019;04:00;05:00;0;197
03.08.2019;05:00;06:00;0;190
03.08.2019;06:00;07:00;0;192
03.08.2019;07:00;08:00;0;191
03.08.2019;08:00;09:00;0;191
03.08.2019;09:00;10:00;0;190
03.08.2019;10:00;11:00;0;190
03.08.2019;11:00;12:00;0;191
03.08.2019;12:00;13:00;0;194
03.08.2019;13:00;14:00;0;198
03.08.2019;14:00;15:00;0;197
03.08.2019;15:00;16:00;0;195
03.08.2019;16:00;17:00;0;196
03.08.2019;17:00;18:00;0;197
03.08.2019;18:00;19:00;0;195
03.08.2019;19:00;20:00;0;196
03.08.2019;20:00;21:00;0;196
03.08.2019;21:00;22:00;0;196
03.08.2019;22:00;23:00;0;198
03.08.2019;23:00;00:00;0;196
04.08.2019;00:00;01:00;0;195
04.08.2019;01:00;02:00;0;205
04.08.2019;02:00;03:00;0;210
04.08.2019;03:00;04:00;0;211
04.08.2019;04:00;05:00;0;210
04.08.2019;05:00;06:00;0;211
04.08.2019;06:00;07:00;0;222
04.08.2019;07:00;08:00;0;211
04.08.2019;08:00;09:00;0;198
04.08.2019;09:00;10:00;0;196
04.08.2019;10:00;11:00;0;192
04.08.2019;11:00;12:00;0;194
04.08.2019;12:00;13:00;0;196
04.08.2019;13:00;14:00;0;199
04.08.2019;14:00;15:00;0;211
04.08.2019;15:00;16:00;0;209
04.08.2019;16:00;17:00;0;204
04.08.2019;17:00;18:00;0;204
04.08.2019;18:00;19:00;0;204
04.08.2019;19:00;20:00;0;206
04.08.2019;20:00;21:00;0;207
04.08.2019;21:00;22:00;0;212
04.08.2019;22:00;23:00;0;198
04.08.2019;23:00;00:00;0;195
05.08.2019;00:00;01:00;0;196
05.08.2019;01:00;02:00;0;192
05.08.2019;02:00;03:00;0;195
05.08.2019;03:00;04:00;0;197
05.08.2019;04:00;05:00;0;194
05.08.2019;05:00;06:00;0;191
05.08.2019;06:00;07:00;0;194
05.08.2019;07:00;08:00;0;196
05.08.2019;08:00;09:00;0;202
05.08.2019;09:00;10:00;0;210
05.08.2019;10:00;11:00;0;196
05.08.2019;11:00;12:00;0;196
05.08.2019;12:00;13:00;0;189
05.08.2019;13:00;14:00;0;193
05.08.2019;14:00;15:00;0;192
05.08.2019;15:00;16:00;0;192
05.08.2019;16:00;17:00;0;195
05.08.2019;17:00;18:00;0;198
05.08.2019;18:00;19:00;0;191
05.08.2019;19:00;20:00;0;192
05.08.2019;20:00;21:00;0;196
05.08.2019;21:00;22:00;0;205
05.08.2019;22:00;23:00;0;209
05.08.2019;23:00;00:00;0;197
06.08.2019;00:00;01:00;0;201
06.08.2019;01:00;02:00;0;204
06.08.2019;02:00;03:00;0;202
06.08.2019;03:00;04:00;0;201
06.08.2019;04:00;05:00;0;201
06.08.2019;05:00;06:00;0;202
06.08.2019;06:00;07:00;0;203
06.08.2019;07:00;08:00;0;200
06.08.2019;08:00;09:00;0;200
06.08.2019;09:00;10:00;0;201
06.08.2019;10:00;11:00;0;202
06.08.2019;11:00;12:00;0;200
06.08.2019;12:00;13:00;0;200
06.08.2019;13:00;14:00;0;203
06.08.2019;14:00;15:00;0;201
06.08.2019;15:00;16:00;0;201
06.08.2019;16:00;17:00;0;202
06.08.2019;17:00;18:00;0;203
06.08.2019;18:00;19:00;0;202
06.08.2019;19:00;20:00;0;200
06.08.2019;20:00;21:00;0;201
06.08.2019;21:00;22:00;0;201
06.08.2019;22:00;23:00;0;201
06.08.2019;23:00;00:00;0;202
07.08.2019;00:00;01:00;0;201
07.08.2019;01:00;02:00;0;211
07.08.2019;02:00;03:00;0;211
07.08.2019;03:00;04:00;0;210
07.08.2019;04:00;05:00;0;213
07.08.2019;05:00;06:00;0;222
07.08.2019;06:00;07:00;0;221
07.08.2019;07:00;08:00;0;220
07.08.2019;08:00;09:00;60;256
07.08.2019;09:00;10:00;227;216
07.08.2019;10:00;11:00;289;230
07.08.2019;11:00;12:00;293;235
07.08.2019;12:00;13:00;279;245
07.08.2019;13:00;14:00;278;227
07.08.2019;14:00;15:00;266;0
07.08.2019;15:00;16:00;250;0
07.08.2019;16:00;17:00;251;0
07.08.2019;17:00;18:00;250;0
07.08.2019;18:00;19:00;234;0
07.08.2019;19:00;20:00;204;0
07.08.2019;20:00;21:00;204;0
07.08.2019;21:00;22:00;204;0
07.08.2019;22:00;23:00;203;0
07.08.2019;23:00;00:00;204;0
08.08.2019;00:00;01:00;203;0
08.08.2019;01:00;02:00;205;0
08.08.2019;02:00;03:00;204;0
08.08.2019;03:00;04:00;205;0
08.08.2019;04:00;05:00;204;0
08.08.2019;05:00;06:00;205;0
08.08.2019;06:00;07:00;205;0
08.08.2019;07:00;08:00;215;0
08.08.2019;08:00;09:00;218;0
08.08.2019;09:00;10:00;215;0
08.08.2019;10:00;11:00;220;0
08.08.2019;11:00;12:00;217;0
08.08.2019;12:00;13:00;218;0
08.08.2019;13:00;14:00;217;0
08.08.2019;14:00;15:00;215;0
08.08.2019;15:00;16:00;216;0
08.08.2019;16:00;17:00;214;0
08.08.2019;17:00;18:00;215;0
08.08.2019;18:00;19:00;216;0
08.08.2019;19:00;20:00;217;0
08.08.2019;20:00;21:00;217;0
08.08.2019;21:00;22:00;217;0
08.08.2019;22:00;23:00;217;0
08.08.2019;23:00;00:00;207;0
09.08.2019;00:00;01:00;202;0
09.08.2019;01:00;02:00;206;0
09.08.2019;02:00;03:00;204;0
09.08.2019;03:00;04:00;204;0
09.08.2019;04:00;05:00;206;0
09.08.2019;05:00;06:00;205;0
09.08.2019;06:00;07:00;209;0
09.08.2019;07:00;08:00;303;0
09.08.2019;08:00;09:00;312;0
09.08.2019;09:00;10:00;254;0
09.08.2019;10:00;11:00;241;0
09.08.2019;11:00;12:00;204;0
09.08.2019;12:00;13:00;205;0
09.08.2019;13:00;14:00;205;0
09.08.2019;14:00;15:00;215;0
09.08.2019;15:00;16:00;209;0
09.08.2019;16:00;17:00;210;0
09.08.2019;17:00;18:00;211;0
09.08.2019;18:00;19:00;210;0
09.08.2019;19:00;20:00;212;0
09.08.2019;20:00;21:00;219;0
09.08.2019;21:00;22:00;208;0
09.08.2019;22:00;23:00;211;0
09.08.2019;23:00;00:00;211;0
10.08.2019;00:00;01:00;210;0
10.08.2019;01:00;02:00;210;0
10.08.2019;02:00;03:00;210;0
10.08.2019;03:00;04:00;210;0
10.08.2019;04:00;05:00;210;0
10.08.2019;05:00;06:00;211;0
10.08.2019;06:00;07:00;210;0
10.08.2019;07:00;08:00;210;0
10.08.2019;08:00;09:00;211;0
10.08.2019;09:00;10:00;211;0
10.08.2019;10:00;11:00;211;0
10.08.2019;11:00;12:00;211;0
10.08.2019;12:00;13:00;219;0
10.08.2019;13:00;14:00;213;0
10.08.2019;14:00;15:00;208;0
10.08.2019;15:00;16:00;210;0
10.08.2019;16:00;17:00;210;0
10.08.2019;17:00;18:00;210;0
10.08.2019;18:00;19:00;209;0
10.08.2019;19:00;20:00;211;0
10.08.2019;20:00;21:00;211;0
10.08.2019;21:00;22:00;210;0
10.08.2019;22:00;23:00;210;0
10.08.2019;23:00;00:00;210;0
11.08.2019;00:00;01:00;211;0
11.08.2019;01:00;02:00;234;0
11.08.2019;02:00;03:00;245;0
11.08.2019;03:00;04:00;244;0
11.08.2019;04:00;05:00;245;0
11.08.2019;05:00;06:00;247;0
11.08.2019;06:00;07:00;247;0
11.08.2019;07:00;08:00;251;0
11.08.2019;08:00;09:00;236;0
11.08.2019;09:00;10:00;225;0
11.08.2019;10:00;11:00;207;0
11.08.2019;11:00;12:00;201;0
11.08.2019;12:00;13:00;197;0
11.08.2019;13:00;14:00;205;0
11.08.2019;14:00;15:00;211;0
11.08.2019;15:00;16:00;200;0
11.08.2019;16:00;17:00;197;0
11.08.2019;17:00;18:00;197;0
11.08.2019;18:00;19:00;196;0
11.08.2019;19:00;20:00;197;0
11.08.2019;20:00;21:00;197;0
11.08.2019;21:00;22:00;196;0
11.08.2019;22:00;23:00;197;0
11.08.2019;23:00;00:00;196;0
12.08.2019;00:00;01:00;197;0
12.08.2019;01:00;02:00;196;0
12.08.2019;02:00;03:00;196;0
12.08.2019;03:00;04:00;197;0
12.08.2019;04:00;05:00;197;0
12.08.2019;05:00;06:00;197;0
12.08.2019;06:00;07:00;197;0
12.08.2019;07:00;08:00;195;0
12.08.2019;08:00;09:00;197;0
12.08.2019;09:00;10:00;197;0
12.08.2019;10:00;11:00;196;0
12.08.2019;11:00;12:00;197;0
12.08.2019;12:00;13:00;197;0
12.08.2019;13:00;14:00;195;0
12.08.2019;14:00;15:00;197;0
12.08.2019;15:00;16:00;196;0
12.08.2019;16:00;17:00;197;0
12.08.2019;17:00;18:00;203;0
12.08.2019;18:00;19:00;307;0
12.08.2019;19:00;20:00;319;0
12.08.2019;20:00;21:00;332;0
12.08.2019;21:00;22:00;328;0
12.08.2019;22:00;23:00;265;0
12.08.2019;23:00;00:00;221;0
13.08.2019;00:00;01:00;211;0
13.08.2019;01:00;02:00;211;0
13.08.2019;02:00;03:00;210;0
13.08.2019;03:00;04:00;211;0
13.08.2019;04:00;05:00;212;0
13.08.2019;05:00;06:00;211;0
13.08.2019;06:00;07:00;213;0
13.08.2019;07:00;08:00;211;0
13.08.2019;08:00;09:00;212;0
13.08.2019;09:00;10:00;213;0
13.08.2019;10:00;11:00;211;0
13.08.2019;11:00;12:00;211;0
13.08.2019;12:00;13:00;212;0
13.08.2019;13:00;14:00;212;0
13.08.2019;14:00;15:00;211;0
13.08.2019;15:00;16:00;212;0
13.08.2019;16:00;17:00;211;0
13.08.2019;17:00;18:00;213;0
13.08.2019;18:00;19:00;212;0
13.08.2019;19:00;20:00;213;0
13.08.2019;20:00;21:00;332;0
13.08.2019;21:00;22:00;328;0
13.08.2019;22:00;23:00;254;0
13.08.2019;23:00;00:00;216;0
14.08.2019;00:00;01:00;215;0
14.08.2019;01:00;02:00;213;0
14.08.2019;02:00;03:00;214;0
14.08.2019;03:00;04:00;214;0
14.08.2019;04:00;05:00;215;0
14.08.2019;05:00;06:00;215;0
14.08.2019;06:00;07:00;214;0
14.08.2019;07:00;08:00;214;0
14.08.2019;08:00;09:00;214;0
14.08.2019;09:00;10:00;213;0
14.08.2019;10:00;11:00;216;0
14.08.2019;11:00;12:00;214;0
14.08.2019;12:00;13:00;215;0
14.08.2019;13:00;14:00;215;0
14.08.2019;14:00;15:00;212;0
14.08.2019;15:00;16:00;215;0
14.08.2019;16:00;17:00;216;0
14.08.2019;17:00;18:00;215;0
14.08.2019;18:00;19:00;293;0
14.08.2019;19:00;20:00;312;0
14.08.2019;20:00;21:00;314;0
14.08.2019;21:00;22:00;311;0
14.08.2019;22:00;23:00;231;0
14.08.2019;23:00;00:00;212;0
15.08.2019;00:00;01:00;211;0
15.08.2019;01:00;02:00;211;0
15.08.2019;02:00;03:00;208;0
15.08.2019;03:00;04:00;210;0
15.08.2019;04:00;05:00;210;0
15.08.2019;05:00;06:00;211;0
15.08.2019;06:00;07:00;209;0
15.08.2019;07:00;08:00;211;0
15.08.2019;08:00;09:00;210;0
15.08.2019;09:00;10:00;211;0
15.08.2019;10:00;11:00;209;0
15.08.2019;11:00;12:00;210;0
15.08.2019;12:00;13:00;210;0
15.08.2019;13:00;14:00;211;0
15.08.2019;14:00;15:00;209;0
15.08.2019;15:00;16:00;210;0
15.08.2019;16:00;17:00;211;0
15.08.2019;17:00;18:00;210;0
15.08.2019;18:00;19:00;210;0
15.08.2019;19:00;20:00;210;0
15.08.2019;20:00;21:00;209;0
15.08.2019;21:00;22:00;210;0
15.08.2019;22:00;23:00;210;0
15.08.2019;23:00;00:00;211;0
16.08.2019;00:00;01:00;210;0
16.08.2019;01:00;02:00;210;0
16.08.2019;02:00;03:00;210;0
16.08.2019;03:00;04:00;210;0
16.08.2019;04:00;05:00;210;0
16.08.2019;05:00;06:00;210;0
16.08.2019;06:00;07:00;209;0
16.08.2019;07:00;08:00;209;0
16.08.2019;08:00;09:00;211;0
16.08.2019;09:00;10:00;210;0
16.08.2019;10:00;11:00;209;0
16.08.2019;11:00;12:00;210;0
16.08.2019;12:00;13:00;210;0
16.08.2019;13:00;14:00;209;0
16.08.2019;14:00;15:00;209;0
16.08.2019;15:00;16:00;209;0
16.08.2019;16:00;17:00;210;0
16.08.2019;17:00;18:00;182;0
16.08.2019;18:00;19:00;161;0
16.08.2019;19:00;20:00;283;0
16.08.2019;20:00;21:00;307;0
16.08.2019;21:00;22:00;290;0
16.08.2019;22:00;23:00;304;0
16.08.2019;23:00;00:00;258;0
17.08.2019;00:00;01:00;245;0
17.08.2019;01:00;02:00;241;0
17.08.2019;02:00;03:00;242;0
17.08.2019;03:00;04:00;242;0
17.08.2019;04:00;05:00;241;0
17.08.2019;05:00;06:00;241;0
17.08.2019;06:00;07:00;241;0
17.08.2019;07:00;08:00;241;0
17.08.2019;08:00;09:00;240;0
17.08.2019;09:00;10:00;243;0
17.08.2019;10:00;11:00;241;0
17.08.2019;11:00;12:00;240;0
17.08.2019;12:00;13:00;242;0
17.08.2019;13:00;14:00;241;0
17.08.2019;14:00;15:00;232;0
17.08.2019;15:00;16:00;235;0
17.08.2019;16:00;17:00;235;0
17.08.2019;17:00;18:00;239;0
17.08.2019;18:00;19:00;237;0
17.08.2019;19:00;20:00;237;0
17.08.2019;20:00;21:00;238;0
17.08.2019;21:00;22:00;238;0
17.08.2019;22:00;23:00;239;0
17.08.2019;23:00;00:00;238;0
18.08.2019;00:00;01:00;239;0
18.08.2019;01:00;02:00;240;0
18.08.2019;02:00;03:00;241;0
18.08.2019;03:00;04:00;241;0
18.08.2019;04:00;05:00;240;0
18.08.2019;05:00;06:00;242;0
18.08.2019;06:00;07:00;241;0
18.08.2019;07:00;08:00;241;0
18.08.2019;08:00;09:00;241;0
18.08.2019;09:00;10:00;241;0
18.08.2019;10:00;11:00;241;0
18.08.2019;11:00;12:00;241;0
18.08.2019;12:00;13:00;241;0
18.08.2019;13:00;14:00;241;0
18.08.2019;14:00;15:00;240;0
18.08.2019;15:00;16:00;242;0
18.08.2019;16:00;17:00;240;0
18.08.2019;17:00;18:00;241;0
18.08.2019;18:00;19:00;241;0
18.08.2019;19:00;20:00;241;0
18.08.2019;20:00;21:00;241;0
18.08.2019;21:00;22:00;242;0
18.08.2019;22:00;23:00;241;0
18.08.2019;23:00;00:00;244;0
19.08.2019;00:00;01:00;245;0
19.08.2019;01:00;02:00;246;0
19.08.2019;02:00;03:00;243;0
19.08.2019;03:00;04:00;241;0
19.08.2019;04:00;05:00;241;0
19.08.2019;05:00;06:00;241;0
19.08.2019;06:00;07:00;241;0
19.08.2019;07:00;08:00;242;0
19.08.2019;08:00;09:00;246;0
19.08.2019;09:00;10:00;246;0
19.08.2019;10:00;11:00;245;0
19.08.2019;11:00;12:00;242;0
19.08.2019;12:00;13:00;242;0
19.08.2019;13:00;14:00;240;0
19.08.2019;14:00;15:00;241;0
19.08.2019;15:00;16:00;242;0
19.08.2019;16:00;17:00;241;0
19.08.2019;17:00;18:00;242;0
19.08.2019;18:00;19:00;240;0
19.08.2019;19:00;20:00;243;0
19.08.2019;20:00;21:00;305;0
19.08.2019;21:00;22:00;311;0
19.08.2019;22:00;23:00;264;0
19.08.2019;23:00;00:00;247;0
20.08.2019;00:00;01:00;246;0
20.08.2019;01:00;02:00;246;0
20.08.2019;02:00;03:00;246;0
20.08.2019;03:00;04:00;247;0
20.08.2019;04:00;05:00;245;0
20.08.2019;05:00;06:00;247;0
20.08.2019;06:00;07:00;246;0
20.08.2019;07:00;08:00;246;0
20.08.2019;08:00;09:00;247;0
20.08.2019;09:00;10:00;247;0
20.08.2019;10:00;11:00;246;0
20.08.2019;11:00;12:00;246;0
20.08.2019;12:00;13:00;247;0
20.08.2019;13:00;14:00;246;0
20.08.2019;14:00;15:00;245;0
20.08.2019;15:00;16:00;246;0
20.08.2019;16:00;17:00;246;0
20.08.2019;17:00;18:00;247;0
20.08.2019;18:00;19:00;305;0
20.08.2019;19:00;20:00;309;0
20.08.2019;20:00;21:00;310;0
20.08.2019;21:00;22:00;311;0
20.08.2019;22:00;23:00;304;0
20.08.2019;23:00;00:00;248;0
21.08.2019;00:00;01:00;246;0
21.08.2019;01:00;02:00;244;0
21.08.2019;02:00;03:00;238;0
21.08.2019;03:00;04:00;237;0
21.08.2019;04:00;05:00;236;0
21.08.2019;05:00;06:00;237;0
21.08.2019;06:00;07:00;238;0
21.08.2019;07:00;08:00;306;0
21.08.2019;08:00;09:00;307;0
21.08.2019;09:00;10:00;239;0
21.08.2019;10:00;11:00;238;0
21.08.2019;11:00;12:00;243;0
21.08.2019;12:00;13:00;240;0
21.08.2019;13:00;14:00;241;0
21.08.2019;14:00;15:00;243;0
21.08.2019;15:00;16:00;242;0
21.08.2019;16:00;17:00;242;0
21.08.2019;17:00;18:00;244;2
21.08.2019;18:00;19:00;341;29
21.08.2019;19:00;20:00;375;170
21.08.2019;20:00;21:00;330;241
21.08.2019;21:00;22:00;273;266
21.08.2019;22:00;23:00;20;268
21.08.2019;23:00;00:00;0;258
22.08.2019;00:00;01:00;0;236
22.08.2019;01:00;02:00;0;235
22.08.2019;02:00;03:00;0;234
22.08.2019;03:00;04:00;0;233
22.08.2019;04:00;05:00;0;233
22.08.2019;05:00;06:00;0;233
22.08.2019;06:00;07:00;0;233
22.08.2019;07:00;08:00;0;233
22.08.2019;08:00;09:00;0;231
22.08.2019;09:00;10:00;0;232
22.08.2019;10:00;11:00;0;232
22.08.2019;11:00;12:00;0;232
22.08.2019;12:00;13:00;0;232
22.08.2019;13:00;14:00;0;234
22.08.2019;14:00;15:00;0;234
22.08.2019;15:00;16:00;0;232
22.08.2019;16:00;17:00;0;234
22.08.2019;17:00;18:00;0;236
22.08.2019;18:00;19:00;0;240
22.08.2019;19:00;20:00;0;331
22.08.2019;20:00;21:00;0;325
22.08.2019;21:00;22:00;0;326
22.08.2019;22:00;23:00;0;285
22.08.2019;23:00;00:00;0;246
23.08.2019;00:00;01:00;0;233
23.08.2019;01:00;02:00;0;234
23.08.2019;02:00;03:00;0;233
23.08.2019;03:00;04:00;0;232
23.08.2019;04:00;05:00;0;230
23.08.2019;05:00;06:00;0;234
23.08.2019;06:00;07:00;0;231
23.08.2019;07:00;08:00;0;233
23.08.2019;08:00;09:00;0;232
23.08.2019;09:00;10:00;0;233
23.08.2019;10:00;11:00;0;231
23.08.2019;11:00;12:00;0;232
23.08.2019;12:00;13:00;0;233
23.08.2019;13:00;14:00;0;232
23.08.2019;14:00;15:00;0;230
23.08.2019;15:00;16:00;0;232
23.08.2019;16:00;17:00;0;232
23.08.2019;17:00;18:00;0;261
23.08.2019;18:00;19:00;0;335
23.08.2019;19:00;20:00;0;325
23.08.2019;20:00;21:00;0;326
23.08.2019;21:00;22:00;0;266
23.08.2019;22:00;23:00;0;226
23.08.2019;23:00;00:00;0;228
24.08.2019;00:00;01:00;0;228
24.08.2019;01:00;02:00;0;227
24.08.2019;02:00;03:00;0;227
24.08.2019;03:00;04:00;0;229
24.08.2019;04:00;05:00;0;227
24.08.2019;05:00;06:00;0;230
24.08.2019;06:00;07:00;0;229
24.08.2019;07:00;08:00;0;232
24.08.2019;08:00;09:00;0;232
24.08.2019;09:00;10:00;0;233
24.08.2019;10:00;11:00;0;234
24.08.2019;11:00;12:00;0;232
24.08.2019;12:00;13:00;0;233
24.08.2019;13:00;14:00;0;232
24.08.2019;14:00;15:00;0;232
24.08.2019;15:00;16:00;0;231
24.08.2019;16:00;17:00;0;231
24.08.2019;17:00;18:00;0;234
24.08.2019;18:00;19:00;0;233
24.08.2019;19:00;20:00;0;234
24.08.2019;20:00;21:00;0;232
24.08.2019;21:00;22:00;0;233
24.08.2019;22:00;23:00;0;231
24.08.2019;23:00;00:00;0;231
25.08.2019;00:00;01:00;0;232
25.08.2019;01:00;02:00;0;232
25.08.2019;02:00;03:00;0;234
25.08.2019;03:00;04:00;0;234
25.08.2019;04:00;05:00;0;233
25.08.2019;05:00;06:00;0;231
25.08.2019;06:00;07:00;0;232
25.08.2019;07:00;08:00;0;232
25.08.2019;08:00;09:00;0;233
25.08.2019;09:00;10:00;0;232
25.08.2019;10:00;11:00;0;233
25.08.2019;11:00;12:00;0;233
25.08.2019;12:00;13:00;0;232
25.08.2019;13:00;14:00;0;231
25.08.2019;14:00;15:00;0;233
25.08.2019;15:00;16:00;0;234
25.08.2019;16:00;17:00;0;237
25.08.2019;17:00;18:00;0;244
25.08.2019;18:00;19:00;0;251
25.08.2019;19:00;20:00;0;306
25.08.2019;20:00;21:00;0;315
25.08.2019;21:00;22:00;0;255
25.08.2019;22:00;23:00;0;292
25.08.2019;23:00;00:00;0;231
26.08.2019;00:00;01:00;0;228
26.08.2019;01:00;02:00;0;227
26.08.2019;02:00;03:00;0;229
26.08.2019;03:00;04:00;0;228
26.08.2019;04:00;05:00;0;227
26.08.2019;05:00;06:00;0;227
26.08.2019;06:00;07:00;0;293
26.08.2019;07:00;08:00;0;316
26.08.2019;08:00;09:00;0;316
26.08.2019;09:00;10:00;0;316
26.08.2019;10:00;11:00;0;313
26.08.2019;11:00;12:00;0;258
26.08.2019;12:00;13:00;0;237
26.08.2019;13:00;14:00;0;238
26.08.2019;14:00;15:00;0;236
26.08.2019;15:00;16:00;0;236
26.08.2019;16:00;17:00;0;236
26.08.2019;17:00;18:00;0;302
26.08.2019;18:00;19:00;0;314
26.08.2019;19:00;20:00;0;315
26.08.2019;20:00;21:00;0;317
26.08.2019;21:00;22:00;0;313
26.08.2019;22:00;23:00;0;321
26.08.2019;23:00;00:00;0;301
27.08.2019;00:00;01:00;0;248
27.08.2019;01:00;02:00;0;244
27.08.2019;02:00;03:00;0;239
27.08.2019;03:00;04:00;0;243
27.08.2019;04:00;05:00;105;293
27.08.2019;05:00;06:00;242;322
27.08.2019;06:00;07:00;328;335
27.08.2019;07:00;08:00;364;331
27.08.2019;08:00;09:00;366;330
27.08.2019;09:00;10:00;366;329
27.08.2019;10:00;11:00;362;330
27.08.2019;11:00;12:00;368;331
27.08.2019;12:00;13:00;370;331
27.08.2019;13:00;14:00;370;329
27.08.2019;14:00;15:00;370;329
27.08.2019;15:00;16:00;368;329
27.08.2019;16:00;17:00;344;306
27.08.2019;17:00;18:00;362;327
27.08.2019;18:00;19:00;366;329
27.08.2019;19:00;20:00;365;326
27.08.2019;20:00;21:00;365;327
27.08.2019;21:00;22:00;365;328
27.08.2019;22:00;23:00;363;325
27.08.2019;23:00;00:00;326;272
28.08.2019;00:00;01:00;274;222
28.08.2019;01:00;02:00;266;223
28.08.2019;02:00;03:00;264;224
28.08.2019;03:00;04:00;264;222
28.08.2019;04:00;05:00;264;224
28.08.2019;05:00;06:00;264;224
28.08.2019;06:00;07:00;339;310
28.08.2019;07:00;08:00;373;330
28.08.2019;08:00;09:00;374;332
28.08.2019;09:00;10:00;375;328
28.08.2019;10:00;11:00;374;329
28.08.2019;11:00;12:00;375;329
28.08.2019;12:00;13:00;375;327
28.08.2019;13:00;14:00;371;321
28.08.2019;14:00;15:00;324;269
28.08.2019;15:00;16:00;352;318
28.08.2019;16:00;17:00;338;317
28.08.2019;17:00;18:00;356;324
28.08.2019;18:00;19:00;356;324
28.08.2019;19:00;20:00;356;325
28.08.2019;20:00;21:00;357;322
28.08.2019;21:00;22:00;358;323
28.08.2019;22:00;23:00;359;317
28.08.2019;23:00;00:00;264;232
29.08.2019;00:00;01:00;0;265
29.08.2019;01:00;02:00;0;267
29.08.2019;02:00;03:00;0;269
29.08.2019;03:00;04:00;0;270
29.08.2019;04:00;05:00;0;269
29.08.2019;05:00;06:00;0;287
29.08.2019;06:00;07:00;0;311
29.08.2019;07:00;08:00;0;306
29.08.2019;08:00;09:00;0;306
29.08.2019;09:00;10:00;0;303
29.08.2019;10:00;11:00;0;289
29.08.2019;11:00;12:00;0;234
29.08.2019;12:00;13:00;0;234
29.08.2019;13:00;14:00;0;234
29.08.2019;14:00;15:00;0;233
29.08.2019;15:00;16:00;0;236
29.08.2019;16:00;17:00;0;235
29.08.2019;17:00;18:00;0;236
29.08.2019;18:00;19:00;0;300
29.08.2019;19:00;20:00;0;311
29.08.2019;20:00;21:00;0;311
29.08.2019;21:00;22:00;0;314
29.08.2019;22:00;23:00;0;310
29.08.2019;23:00;00:00;0;312
30.08.2019;00:00;01:00;0;310
30.08.2019;01:00;02:00;0;242
30.08.2019;02:00;03:00;0;236
30.08.2019;03:00;04:00;0;237
30.08.2019;04:00;05:00;0;246
30.08.2019;05:00;06:00;0;254
30.08.2019;06:00;07:00;146;274
30.08.2019;07:00;08:00;259;312
30.08.2019;08:00;09:00;356;324
30.08.2019;09:00;10:00;265;264
30.08.2019;10:00;11:00;235;238
30.08.2019;11:00;12:00;229;243
30.08.2019;12:00;13:00;229;242
30.08.2019;13:00;14:00;231;241
30.08.2019;14:00;15:00;231;243
30.08.2019;15:00;16:00;231;242
30.08.2019;16:00;17:00;232;241
30.08.2019;17:00;18:00;237;244
30.08.2019;18:00;19:00;345;318
30.08.2019;19:00;20:00;366;326
30.08.2019;20:00;21:00;363;317
30.08.2019;21:00;22:00;298;295
30.08.2019;22:00;23:00;320;0
30.08.2019;23:00;00:00;265;0
31.08.2019;00:00;01:00;255;0
31.08.2019;01:00;02:00;249;0
31.08.2019;02:00;03:00;249;0
31.08.2019;03:00;04:00;249;0
31.08.2019;04:00;05:00;249;0
31.08.2019;05:00;06:00;249;0
31.08.2019;06:00;07:00;242;0
31.08.2019;07:00;08:00;236;0
31.08.2019;08:00;09:00;236;0
31.08.2019;09:00;10:00;235;0
31.08.2019;10:00;11:00;231;0
31.08.2019;11:00;12:00;233;0
31.08.2019;12:00;13:00;231;0
31.08.2019;13:00;14:00;233;0
31.08.2019;14:00;15:00;233;0
31.08.2019;15:00;16:00;232;0
31.08.2019;16:00;17:00;231;0
31.08.2019;17:00;18:00;238;0
31.08.2019;18:00;19:00;243;0
31.08.2019;19:00;20:00;344;0
31.08.2019;20:00;21:00;350;0
31.08.2019;21:00;22:00;288;0
31.08.2019;22:00;23:00;253;0
31.08.2019;23:00;00:00;245;0
01.09.2019;00:00;01:00;244;0
01.09.2019;01:00;02:00;245;0
01.09.2019;02:00;03:00;245;0
01.09.2019;03:00;04:00;245;0
01.09.2019;04:00;05:00;245;0
01.09.2019;05:00;06:00;245;0
01.09.2019;06:00;07:00;236;0
01.09.2019;07:00;08:00;236;0
01.09.2019;08:00;09:00;235;0
01.09.2019;09:00;10:00;234;0
01.09.2019;10:00;11:00;235;0
01.09.2019;11:00;12:00;232;0
01.09.2019;12:00;13:00;232;0
01.09.2019;13:00;14:00;233;0
01.09.2019;14:00;15:00;236;0
01.09.2019;15:00;16:00;235;0
01.09.2019;16:00;17:00;234;0
01.09.2019;17:00;18:00;235;0
01.09.2019;18:00;19:00;235;0
01.09.2019;19:00;20:00;236;0
01.09.2019;20:00;21:00;235;0
01.09.2019;21:00;22:00;235;0
01.09.2019;22:00;23:00;236;0
01.09.2019;23:00;00:00;235;0
02.09.2019;00:00;01:00;236;0
02.09.2019;01:00;02:00;236;0
02.09.2019;02:00;03:00;235;0
02.09.2019;03:00;04:00;232;0
02.09.2019;04:00;05:00;232;0
02.09.2019;05:00;06:00;230;0
02.09.2019;06:00;07:00;231;0
02.09.2019;07:00;08:00;232;0
02.09.2019;08:00;09:00;232;0
02.09.2019;09:00;10:00;232;0
02.09.2019;10:00;11:00;231;0
02.09.2019;11:00;12:00;232;0
02.09.2019;12:00;13:00;231;0
02.09.2019;13:00;14:00;231;0
02.09.2019;14:00;15:00;233;0
02.09.2019;15:00;16:00;232;0
02.09.2019;16:00;17:00;233;0
02.09.2019;17:00;18:00;236;0
02.09.2019;18:00;19:00;237;0
02.09.2019;19:00;20:00;237;0
02.09.2019;20:00;21:00;236;0
02.09.2019;21:00;22:00;236;0
02.09.2019;22:00;23:00;237;0
02.09.2019;23:00;00:00;238;0
03.09.2019;00:00;01:00;237;0
03.09.2019;01:00;02:00;237;0
03.09.2019;02:00;03:00;236;0
03.09.2019;03:00;04:00;238;0
03.09.2019;04:00;05:00;237;0
03.09.2019;05:00;06:00;237;0
03.09.2019;06:00;07:00;237;0
03.09.2019;07:00;08:00;237;0
03.09.2019;08:00;09:00;236;0
03.09.2019;09:00;10:00;238;0
03.09.2019;10:00;11:00;237;0
03.09.2019;11:00;12:00;237;0
03.09.2019;12:00;13:00;236;0
03.09.2019;13:00;14:00;236;0
03.09.2019;14:00;15:00;237;0
03.09.2019;15:00;16:00;237;0
03.09.2019;16:00;17:00;236;0
03.09.2019;17:00;18:00;237;0
03.09.2019;18:00;19:00;236;0
03.09.2019;19:00;20:00;237;0
03.09.2019;20:00;21:00;237;0
03.09.2019;21:00;22:00;236;0
03.09.2019;22:00;23:00;237;0
03.09.2019;23:00;00:00;237;0
04.09.2019;00:00;01:00;237;0
04.09.2019;01:00;02:00;238;0
04.09.2019;02:00;03:00;237;0
04.09.2019;03:00;04:00;237;0
04.09.2019;04:00;05:00;237;0
04.09.2019;05:00;06:00;239;0
04.09.2019;06:00;07:00;237;0
04.09.2019;07:00;08:00;285;0
04.09.2019;08:00;09:00;336;0
04.09.2019;09:00;10:00;272;0
04.09.2019;10:00;11:00;241;0
04.09.2019;11:00;12:00;236;0
04.09.2019;12:00;13:00;235;0
04.09.2019;13:00;14:00;235;0
04.09.2019;14:00;15:00;236;0
04.09.2019;15:00;16:00;238;0
04.09.2019;16:00;17:00;237;0
04.09.2019;17:00;18:00;238;0
04.09.2019;18:00;19:00;238;0
04.09.2019;19:00;20:00;239;0
04.09.2019;20:00;21:00;241;0
04.09.2019;21:00;22:00;243;0
04.09.2019;22:00;23:00;243;0
04.09.2019;23:00;00:00;242;0
05.09.2019;00:00;01:00;242;0
05.09.2019;01:00;02:00;238;0
05.09.2019;02:00;03:00;238;0
05.09.2019;03:00;04:00;238;0
05.09.2019;04:00;05:00;237;0
05.09.2019;05:00;06:00;238;0
05.09.2019;06:00;07:00;237;0
05.09.2019;07:00;08:00;238;0
05.09.2019;08:00;09:00;237;0
05.09.2019;09:00;10:00;238;0
05.09.2019;10:00;11:00;238;0
05.09.2019;11:00;12:00;238;0
05.09.2019;12:00;13:00;238;0
05.09.2019;13:00;14:00;239;0
05.09.2019;14:00;15:00;239;0
05.09.2019;15:00;16:00;241;0
05.09.2019;16:00;17:00;243;0
05.09.2019;17:00;18:00;242;0
05.09.2019;18:00;19:00;242;0
05.09.2019;19:00;20:00;242;0
05.09.2019;20:00;21:00;242;0
05.09.2019;21:00;22:00;241;0
05.09.2019;22:00;23:00;244;0
05.09.2019;23:00;00:00;242;0
06.09.2019;00:00;01:00;242;0
06.09.2019;01:00;02:00;242;0
06.09.2019;02:00;03:00;242;0
06.09.2019;03:00;04:00;242;0
06.09.2019;04:00;05:00;243;0
06.09.2019;05:00;06:00;243;0
06.09.2019;06:00;07:00;241;0
06.09.2019;07:00;08:00;242;0
06.09.2019;08:00;09:00;242;0
06.09.2019;09:00;10:00;243;0
06.09.2019;10:00;11:00;243;0
06.09.2019;11:00;12:00;242;0
06.09.2019;12:00;13:00;244;0
06.09.2019;13:00;14:00;242;0
06.09.2019;14:00;15:00;242;0
06.09.2019;15:00;16:00;243;0
06.09.2019;16:00;17:00;242;0
06.09.2019;17:00;18:00;243;0
06.09.2019;18:00;19:00;242;0
06.09.2019;19:00;20:00;244;0
06.09.2019;20:00;21:00;273;0
06.09.2019;21:00;22:00;298;0
06.09.2019;22:00;23:00;299;0
06.09.2019;23:00;00:00;298;0
07.09.2019;00:00;01:00;252;0
07.09.2019;01:00;02:00;243;0
07.09.2019;02:00;03:00;244;0
07.09.2019;03:00;04:00;242;0
07.09.2019;04:00;05:00;243;0
07.09.2019;05:00;06:00;243;0
07.09.2019;06:00;07:00;242;0
07.09.2019;07:00;08:00;242;0
07.09.2019;08:00;09:00;242;0
07.09.2019;09:00;10:00;243;0
07.09.2019;10:00;11:00;242;0
07.09.2019;11:00;12:00;242;0
07.09.2019;12:00;13:00;242;0
07.09.2019;13:00;14:00;242;0
07.09.2019;14:00;15:00;243;0
07.09.2019;15:00;16:00;243;0
07.09.2019;16:00;17:00;243;0
07.09.2019;17:00;18:00;242;0
07.09.2019;18:00;19:00;243;0
07.09.2019;19:00;20:00;243;0
07.09.2019;20:00;21:00;243;0
07.09.2019;21:00;22:00;242;0
07.09.2019;22:00;23:00;242;0
07.09.2019;23:00;00:00;243;0
08.09.2019;00:00;01:00;242;0
08.09.2019;01:00;02:00;243;0
08.09.2019;02:00;03:00;242;0
08.09.2019;03:00;04:00;243;0
08.09.2019;04:00;05:00;241;0
08.09.2019;05:00;06:00;243;0
08.09.2019;06:00;07:00;243;0
08.09.2019;07:00;08:00;243;0
08.09.2019;08:00;09:00;242;0
08.09.2019;09:00;10:00;243;0
08.09.2019;10:00;11:00;244;0
08.09.2019;11:00;12:00;243;0
08.09.2019;12:00;13:00;243;0
08.09.2019;13:00;14:00;243;0
08.09.2019;14:00;15:00;243;0
08.09.2019;15:00;16:00;244;0
08.09.2019;16:00;17:00;244;0
08.09.2019;17:00;18:00;245;0
08.09.2019;18:00;19:00;266;0
08.09.2019;19:00;20:00;347;0
08.09.2019;20:00;21:00;351;0
08.09.2019;21:00;22:00;352;0
08.09.2019;22:00;23:00;270;0
08.09.2019;23:00;00:00;243;0
09.09.2019;00:00;01:00;240;0
09.09.2019;01:00;02:00;241;0
09.09.2019;02:00;03:00;241;0
09.09.2019;03:00;04:00;241;0
09.09.2019;04:00;05:00;237;0
09.09.2019;05:00;06:00;238;0
09.09.2019;06:00;07:00;315;0
09.09.2019;07:00;08:00;364;0
09.09.2019;08:00;09:00;346;0
09.09.2019;09:00;10:00;339;0
09.09.2019;10:00;11:00;339;0
09.09.2019;11:00;12:00;338;0
09.09.2019;12:00;13:00;339;0
09.09.2019;13:00;14:00;314;0
09.09.2019;14:00;15:00;317;0
09.09.2019;15:00;16:00;251;0
09.09.2019;16:00;17:00;239;0
09.09.2019;17:00;18:00;241;0
09.09.2019;18:00;19:00;242;0
09.09.2019;19:00;20:00;243;0
09.09.2019;20:00;21:00;241;0
09.09.2019;21:00;22:00;243;0
09.09.2019;22:00;23:00;239;0
09.09.2019;23:00;00:00;240;0
10.09.2019;00:00;01:00;240;0
10.09.2019;01:00;02:00;239;0
10.09.2019;02:00;03:00;241;0
10.09.2019;03:00;04:00;240;0
10.09.2019;04:00;05:00;240;0
10.09.2019;05:00;06:00;240;0
10.09.2019;06:00;07:00;241;0
10.09.2019;07:00;08:00;242;0
10.09.2019;08:00;09:00;242;0
10.09.2019;09:00;10:00;243;0
10.09.2019;10:00;11:00;243;0
10.09.2019;11:00;12:00;242;0
10.09.2019;12:00;13:00;242;0
10.09.2019;13:00;14:00;242;0
10.09.2019;14:00;15:00;243;0
10.09.2019;15:00;16:00;242;0
10.09.2019;16:00;17:00;242;0
10.09.2019;17:00;18:00;243;0
10.09.2019;18:00;19:00;244;0
10.09.2019;19:00;20:00;312;0
10.09.2019;20:00;21:00;331;0
10.09.2019;21:00;22:00;268;0
10.09.2019;22:00;23:00;248;0
10.09.2019;23:00;00:00;249;0
11.09.2019;00:00;01:00;247;0
11.09.2019;01:00;02:00;247;0
11.09.2019;02:00;03:00;248;0
11.09.2019;03:00;04:00;246;0
11.09.2019;04:00;05:00;245;0
11.09.2019;05:00;06:00;245;0
11.09.2019;06:00;07:00;246;0
11.09.2019;07:00;08:00;246;0
11.09.2019;08:00;09:00;246;0
11.09.2019;09:00;10:00;246;0
11.09.2019;10:00;11:00;244;0
11.09.2019;11:00;12:00;245;0
11.09.2019;12:00;13:00;246;0
11.09.2019;13:00;14:00;245;0
11.09.2019;14:00;15:00;245;0
11.09.2019;15:00;16:00;245;0
11.09.2019;16:00;17:00;247;0
11.09.2019;17:00;18:00;245;0
11.09.2019;18:00;19:00;245;0
11.09.2019;19:00;20:00;246;0
11.09.2019;20:00;21:00;245;0
11.09.2019;21:00;22:00;247;0
11.09.2019;22:00;23:00;245;0
11.09.2019;23:00;00:00;245;0
12.09.2019;00:00;01:00;246;0
12.09.2019;01:00;02:00;245;0
12.09.2019;02:00;03:00;245;0
12.09.2019;03:00;04:00;243;0
12.09.2019;04:00;05:00;240;0
12.09.2019;05:00;06:00;238;0
12.09.2019;06:00;07:00;239;0
12.09.2019;07:00;08:00;247;0
12.09.2019;08:00;09:00;188;0
12.09.2019;09:00;10:00;0;0
12.09.2019;10:00;11:00;0;0
12.09.2019;11:00;12:00;0;0
12.09.2019;12:00;13:00;194;0
12.09.2019;13:00;14:00;253;0
12.09.2019;14:00;15:00;259;0
12.09.2019;15:00;16:00;256;0
12.09.2019;16:00;17:00;257;0
12.09.2019;17:00;18:00;258;0
12.09.2019;18:00;19:00;256;0
12.09.2019;19:00;20:00;256;0
12.09.2019;20:00;21:00;257;0
12.09.2019;21:00;22:00;257;0
12.09.2019;22:00;23:00;256;0
12.09.2019;23:00;00:00;258;0
13.09.2019;00:00;01:00;255;0
13.09.2019;01:00;02:00;256;0
13.09.2019;02:00;03:00;256;0
13.09.2019;03:00;04:00;257;0
13.09.2019;04:00;05:00;248;0
13.09.2019;05:00;06:00;243;0
13.09.2019;06:00;07:00;244;0
13.09.2019;07:00;08:00;243;0
13.09.2019;08:00;09:00;244;0
13.09.2019;09:00;10:00;243;0
13.09.2019;10:00;11:00;243;0
13.09.2019;11:00;12:00;243;0
13.09.2019;12:00;13:00;243;0
13.09.2019;13:00;14:00;244;0
13.09.2019;14:00;15:00;243;0
13.09.2019;15:00;16:00;245;0
13.09.2019;16:00;17:00;243;0
13.09.2019;17:00;18:00;250;0
13.09.2019;18:00;19:00;380;0
13.09.2019;19:00;20:00;407;0
13.09.2019;20:00;21:00;378;0
13.09.2019;21:00;22:00;252;0
13.09.2019;22:00;23:00;245;0
13.09.2019;23:00;00:00;247;0
14.09.2019;00:00;01:00;247;0
14.09.2019;01:00;02:00;248;0
14.09.2019;02:00;03:00;248;0
14.09.2019;03:00;04:00;247;0
14.09.2019;04:00;05:00;248;0
14.09.2019;05:00;06:00;248;0
14.09.2019;06:00;07:00;248;0
14.09.2019;07:00;08:00;249;0
14.09.2019;08:00;09:00;247;0
14.09.2019;09:00;10:00;248;0
14.09.2019;10:00;11:00;248;0
14.09.2019;11:00;12:00;248;0
14.09.2019;12:00;13:00;248;0
14.09.2019;13:00;14:00;247;0
14.09.2019;14:00;15:00;248;0
14.09.2019;15:00;16:00;249;0
14.09.2019;16:00;17:00;248;0
14.09.2019;17:00;18:00;248;0
14.09.2019;18:00;19:00;249;0
14.09.2019;19:00;20:00;279;0
14.09.2019;20:00;21:00;280;0
14.09.2019;21:00;22:00;250;0
14.09.2019;22:00;23:00;248;0
14.09.2019;23:00;00:00;248;0
15.09.2019;00:00;01:00;248;0
15.09.2019;01:00;02:00;247;0
15.09.2019;02:00;03:00;248;0
15.09.2019;03:00;04:00;249;0
15.09.2019;04:00;05:00;247;0
15.09.2019;05:00;06:00;248;0
15.09.2019;06:00;07:00;247;0
15.09.2019;07:00;08:00;248;0
15.09.2019;08:00;09:00;248;0
15.09.2019;09:00;10:00;248;0
15.09.2019;10:00;11:00;248;0
15.09.2019;11:00;12:00;247;0
15.09.2019;12:00;13:00;248;0
15.09.2019;13:00;14:00;246;0
15.09.2019;14:00;15:00;249;0
15.09.2019;15:00;16:00;247;0
15.09.2019;16:00;17:00;248;0
15.09.2019;17:00;18:00;248;0
15.09.2019;18:00;19:00;247;0
15.09.2019;19:00;20:00;247;0
15.09.2019;20:00;21:00;247;0
15.09.2019;21:00;22:00;248;0
15.09.2019;22:00;23:00;248;0
15.09.2019;23:00;00:00;248;0
16.09.2019;00:00;01:00;248;0
16.09.2019;01:00;02:00;248;0
16.09.2019;02:00;03:00;247;0
16.09.2019;03:00;04:00;248;0
16.09.2019;04:00;05:00;248;0
16.09.2019;05:00;06:00;248;0
16.09.2019;06:00;07:00;283;0
16.09.2019;07:00;08:00;290;0
16.09.2019;08:00;09:00;290;0
16.09.2019;09:00;10:00;290;0
16.09.2019;10:00;11:00;290;0
16.09.2019;11:00;12:00;290;0
16.09.2019;12:00;13:00;289;0
16.09.2019;13:00;14:00;289;0
16.09.2019;14:00;15:00;290;0
16.09.2019;15:00;16:00;290;0
16.09.2019;16:00;17:00;289;0
16.09.2019;17:00;18:00;289;0
16.09.2019;18:00;19:00;289;0
16.09.2019;19:00;20:00;290;0
16.09.2019;20:00;21:00;290;0
16.09.2019;21:00;22:00;287;0
16.09.2019;22:00;23:00;281;0
16.09.2019;23:00;00:00;280;0
17.09.2019;00:00;01:00;276;0
17.09.2019;01:00;02:00;271;0
17.09.2019;02:00;03:00;263;0
17.09.2019;03:00;04:00;261;0
17.09.2019;04:00;05:00;257;0
17.09.2019;05:00;06:00;255;0
17.09.2019;06:00;07:00;280;0
17.09.2019;07:00;08:00;285;0
17.09.2019;08:00;09:00;285;0
17.09.2019;09:00;10:00;286;0
17.09.2019;10:00;11:00;284;0
17.09.2019;11:00;12:00;255;0
17.09.2019;12:00;13:00;248;0
17.09.2019;13:00;14:00;247;0
17.09.2019;14:00;15:00;247;0
17.09.2019;15:00;16:00;248;0
17.09.2019;16:00;17:00;248;0
17.09.2019;17:00;18:00;247;0
17.09.2019;18:00;19:00;248;0
17.09.2019;19:00;20:00;247;0
17.09.2019;20:00;21:00;248;0
17.09.2019;21:00;22:00;249;0
17.09.2019;22:00;23:00;248;0
17.09.2019;23:00;00:00;249;0
18.09.2019;00:00;01:00;248;0
18.09.2019;01:00;02:00;248;0
18.09.2019;02:00;03:00;249;0
18.09.2019;03:00;04:00;248;0
18.09.2019;04:00;05:00;249;0
18.09.2019;05:00;06:00;250;0
18.09.2019;06:00;07:00;249;0
18.09.2019;07:00;08:00;249;0
18.09.2019;08:00;09:00;249;0
18.09.2019;09:00;10:00;248;0
18.09.2019;10:00;11:00;248;0
18.09.2019;11:00;12:00;248;0
18.09.2019;12:00;13:00;248;0
18.09.2019;13:00;14:00;248;0
18.09.2019;14:00;15:00;248;0
18.09.2019;15:00;16:00;249;0
18.09.2019;16:00;17:00;249;0
18.09.2019;17:00;18:00;249;0
18.09.2019;18:00;19:00;278;0
18.09.2019;19:00;20:00;289;0
18.09.2019;20:00;21:00;290;0
18.09.2019;21:00;22:00;289;0
18.09.2019;22:00;23:00;283;0
18.09.2019;23:00;00:00;249;0
19.09.2019;00:00;01:00;249;0
19.09.2019;01:00;02:00;248;0
19.09.2019;02:00;03:00;247;0
19.09.2019;03:00;04:00;248;0
19.09.2019;04:00;05:00;248;0
19.09.2019;05:00;06:00;248;0
19.09.2019;06:00;07:00;282;0
19.09.2019;07:00;08:00;289;0
19.09.2019;08:00;09:00;290;0
19.09.2019;09:00;10:00;265;0
19.09.2019;10:00;11:00;249;0
19.09.2019;11:00;12:00;247;0
19.09.2019;12:00;13:00;248;0
19.09.2019;13:00;14:00;248;0
19.09.2019;14:00;15:00;249;0
19.09.2019;15:00;16:00;248;0
19.09.2019;16:00;17:00;248;0
19.09.2019;17:00;18:00;247;0
19.09.2019;18:00;19:00;274;0
19.09.2019;19:00;20:00;289;0
19.09.2019;20:00;21:00;290;0
19.09.2019;21:00;22:00;290;0
19.09.2019;22:00;23:00;287;0
19.09.2019;23:00;00:00;256;0
20.09.2019;00:00;01:00;249;0
20.09.2019;01:00;02:00;249;0
20.09.2019;02:00;03:00;249;0
20.09.2019;03:00;04:00;250;0
20.09.2019;04:00;05:00;249;0
20.09.2019;05:00;06:00;253;0
20.09.2019;06:00;07:00;292;0
20.09.2019;07:00;08:00;293;0
20.09.2019;08:00;09:00;294;0
20.09.2019;09:00;10:00;295;0
20.09.2019;10:00;11:00;294;0
20.09.2019;11:00;12:00;256;0
20.09.2019;12:00;13:00;242;0
20.09.2019;13:00;14:00;243;0
20.09.2019;14:00;15:00;242;0
20.09.2019;15:00;16:00;243;0
20.09.2019;16:00;17:00;242;0
20.09.2019;17:00;18:00;244;0
20.09.2019;18:00;19:00;268;0
20.09.2019;19:00;20:00;290;0
20.09.2019;20:00;21:00;288;0
20.09.2019;21:00;22:00;245;0
20.09.2019;22:00;23:00;244;0
20.09.2019;23:00;00:00;244;0
21.09.2019;00:00;01:00;243;0
21.09.2019;01:00;02:00;244;0
21.09.2019;02:00;03:00;243;0
21.09.2019;03:00;04:00;242;0
21.09.2019;04:00;05:00;244;0
21.09.2019;05:00;06:00;244;0
21.09.2019;06:00;07:00;244;0
21.09.2019;07:00;08:00;243;0
21.09.2019;08:00;09:00;243;0
21.09.2019;09:00;10:00;243;0
21.09.2019;10:00;11:00;244;0
21.09.2019;11:00;12:00;244;0
21.09.2019;12:00;13:00;244;0
21.09.2019;13:00;14:00;244;0
21.09.2019;14:00;15:00;243;0
21.09.2019;15:00;16:00;244;0
21.09.2019;16:00;17:00;244;0
21.09.2019;17:00;18:00;244;0
21.09.2019;18:00;19:00;243;0
21.09.2019;19:00;20:00;257;0
21.09.2019;20:00;21:00;246;0
21.09.2019;21:00;22:00;242;0
21.09.2019;22:00;23:00;243;0
21.09.2019;23:00;00:00;243;0
22.09.2019;00:00;01:00;243;0
22.09.2019;01:00;02:00;243;0
22.09.2019;02:00;03:00;243;0
22.09.2019;03:00;04:00;242;0
22.09.2019;04:00;05:00;243;0
22.09.2019;05:00;06:00;243;0
22.09.2019;06:00;07:00;243;0
22.09.2019;07:00;08:00;242;0
22.09.2019;08:00;09:00;243;0
22.09.2019;09:00;10:00;244;0
22.09.2019;10:00;11:00;243;0
22.09.2019;11:00;12:00;244;0
22.09.2019;12:00;13:00;243;0
22.09.2019;13:00;14:00;245;0
22.09.2019;14:00;15:00;249;0
22.09.2019;15:00;16:00;247;0
22.09.2019;16:00;17:00;248;0
22.09.2019;17:00;18:00;248;0
22.09.2019;18:00;19:00;248;0
22.09.2019;19:00;20:00;248;0
22.09.2019;20:00;21:00;248;0
22.09.2019;21:00;22:00;248;0
22.09.2019;22:00;23:00;248;0
22.09.2019;23:00;00:00;248;0
23.09.2019;00:00;01:00;248;0
23.09.2019;01:00;02:00;249;0
23.09.2019;02:00;03:00;250;0
23.09.2019;03:00;04:00;254;0
23.09.2019;04:00;05:00;254;0
23.09.2019;05:00;06:00;255;0
23.09.2019;06:00;07:00;254;0
23.09.2019;07:00;08:00;281;0
23.09.2019;08:00;09:00;285;0
23.09.2019;09:00;10:00;285;0
23.09.2019;10:00;11:00;285;0
23.09.2019;11:00;12:00;285;0
23.09.2019;12:00;13:00;285;0
23.09.2019;13:00;14:00;285;0
23.09.2019;14:00;15:00;284;0
23.09.2019;15:00;16:00;285;0
23.09.2019;16:00;17:00;285;0
23.09.2019;17:00;18:00;284;0
23.09.2019;18:00;19:00;284;0
23.09.2019;19:00;20:00;283;0
23.09.2019;20:00;21:00;284;0
23.09.2019;21:00;22:00;285;0
23.09.2019;22:00;23:00;257;0
23.09.2019;23:00;00:00;248;0
24.09.2019;00:00;01:00;248;0
24.09.2019;01:00;02:00;246;0
24.09.2019;02:00;03:00;248;0
24.09.2019;03:00;04:00;246;0
24.09.2019;04:00;05:00;247;0
24.09.2019;05:00;06:00;248;0
24.09.2019;06:00;07:00;270;0
24.09.2019;07:00;08:00;285;0
24.09.2019;08:00;09:00;285;0
24.09.2019;09:00;10:00;285;0
24.09.2019;10:00;11:00;285;0
24.09.2019;11:00;12:00;266;0
24.09.2019;12:00;13:00;247;0
24.09.2019;13:00;14:00;249;0
24.09.2019;14:00;15:00;248;0
24.09.2019;15:00;16:00;271;0
24.09.2019;16:00;17:00;276;0
24.09.2019;17:00;18:00;276;0
24.09.2019;18:00;19:00;275;0
24.09.2019;19:00;20:00;276;0
24.09.2019;20:00;21:00;276;0
24.09.2019;21:00;22:00;254;0
24.09.2019;22:00;23:00;247;0
24.09.2019;23:00;00:00;249;0
25.09.2019;00:00;01:00;248;0
25.09.2019;01:00;02:00;248;0
25.09.2019;02:00;03:00;247;0
25.09.2019;03:00;04:00;248;0
25.09.2019;04:00;05:00;248;0
25.09.2019;05:00;06:00;248;0
25.09.2019;06:00;07:00;274;0
25.09.2019;07:00;08:00;283;0
25.09.2019;08:00;09:00;282;0
25.09.2019;09:00;10:00;283;0
25.09.2019;10:00;11:00;284;0
25.09.2019;11:00;12:00;282;0
25.09.2019;12:00;13:00;283;0
25.09.2019;13:00;14:00;283;0
25.09.2019;14:00;15:00;283;0
25.09.2019;15:00;16:00;284;0
25.09.2019;16:00;17:00;284;0
25.09.2019;17:00;18:00;282;0
25.09.2019;18:00;19:00;283;0
25.09.2019;19:00;20:00;281;0
25.09.2019;20:00;21:00;275;0
25.09.2019;21:00;22:00;274;0
25.09.2019;22:00;23:00;250;0
25.09.2019;23:00;00:00;247;0
26.09.2019;00:00;01:00;248;0
26.09.2019;01:00;02:00;248;0
26.09.2019;02:00;03:00;246;0
26.09.2019;03:00;04:00;248;0
26.09.2019;04:00;05:00;248;0
26.09.2019;05:00;06:00;248;0
26.09.2019;06:00;07:00;275;0
26.09.2019;07:00;08:00;276;0
26.09.2019;08:00;09:00;280;0
26.09.2019;09:00;10:00;282;0
26.09.2019;10:00;11:00;280;0
26.09.2019;11:00;12:00;281;0
26.09.2019;12:00;13:00;281;0
26.09.2019;13:00;14:00;279;0
26.09.2019;14:00;15:00;280;0
26.09.2019;15:00;16:00;281;0
26.09.2019;16:00;17:00;281;0
26.09.2019;17:00;18:00;280;0
26.09.2019;18:00;19:00;280;0
26.09.2019;19:00;20:00;280;0
26.09.2019;20:00;21:00;285;0
26.09.2019;21:00;22:00;288;0
26.09.2019;22:00;23:00;289;0
26.09.2019;23:00;00:00;275;0
27.09.2019;00:00;01:00;248;0
27.09.2019;01:00;02:00;248;0
27.09.2019;02:00;03:00;246;0
27.09.2019;03:00;04:00;246;0
27.09.2019;04:00;05:00;246;0
27.09.2019;05:00;06:00;247;0
27.09.2019;06:00;07:00;247;0
27.09.2019;07:00;08:00;246;0
27.09.2019;08:00;09:00;247;0
27.09.2019;09:00;10:00;247;0
27.09.2019;10:00;11:00;246;0
27.09.2019;11:00;12:00;247;0
27.09.2019;12:00;13:00;247;0
27.09.2019;13:00;14:00;246;0
27.09.2019;14:00;15:00;247;0
27.09.2019;15:00;16:00;247;0
27.09.2019;16:00;17:00;246;0
27.09.2019;17:00;18:00;247;0
27.09.2019;18:00;19:00;247;0
27.09.2019;19:00;20:00;248;0
27.09.2019;20:00;21:00;245;0
27.09.2019;21:00;22:00;247;0
27.09.2019;22:00;23:00;247;0
27.09.2019;23:00;00:00;247;0
28.09.2019;00:00;01:00;246;0
28.09.2019;01:00;02:00;247;0
28.09.2019;02:00;03:00;247;0
28.09.2019;03:00;04:00;246;0
28.09.2019;04:00;05:00;247;0
28.09.2019;05:00;06:00;248;0
28.09.2019;06:00;07:00;248;0
28.09.2019;07:00;08:00;247;0
28.09.2019;08:00;09:00;248;0
28.09.2019;09:00;10:00;247;0
28.09.2019;10:00;11:00;247;0
28.09.2019;11:00;12:00;248;0
28.09.2019;12:00;13:00;248;0
28.09.2019;13:00;14:00;248;0
28.09.2019;14:00;15:00;248;0
28.09.2019;15:00;16:00;248;0
28.09.2019;16:00;17:00;247;0
28.09.2019;17:00;18:00;248;0
28.09.2019;18:00;19:00;248;0
28.09.2019;19:00;20:00;248;0
28.09.2019;20:00;21:00;247;0
28.09.2019;21:00;22:00;248;0
28.09.2019;22:00;23:00;248;0
28.09.2019;23:00;00:00;248;0
29.09.2019;00:00;01:00;247;0
29.09.2019;01:00;02:00;248;0
29.09.2019;02:00;03:00;248;0
29.09.2019;03:00;04:00;248;0
29.09.2019;04:00;05:00;246;0
29.09.2019;05:00;06:00;249;0
29.09.2019;06:00;07:00;248;0
29.09.2019;07:00;08:00;248;0
29.09.2019;08:00;09:00;248;0
29.09.2019;09:00;10:00;248;0
29.09.2019;10:00;11:00;249;0
29.09.2019;11:00;12:00;249;0
29.09.2019;12:00;13:00;247;0
29.09.2019;13:00;14:00;248;0
29.09.2019;14:00;15:00;248;0
29.09.2019;15:00;16:00;247;0
29.09.2019;16:00;17:00;248;0
29.09.2019;17:00;18:00;248;0
29.09.2019;18:00;19:00;248;0
29.09.2019;19:00;20:00;248;0
29.09.2019;20:00;21:00;246;0
29.09.2019;21:00;22:00;248;0
29.09.2019;22:00;23:00;247;0
29.09.2019;23:00;00:00;248;0
30.09.2019;00:00;01:00;248;0
30.09.2019;01:00;02:00;248;0
30.09.2019;02:00;03:00;247;0
30.09.2019;03:00;04:00;248;0
30.09.2019;04:00;05:00;247;0
30.09.2019;05:00;06:00;248;0
30.09.2019;06:00;07:00;248;0
30.09.2019;07:00;08:00;247;0
30.09.2019;08:00;09:00;246;0
30.09.2019;09:00;10:00;247;0
30.09.2019;10:00;11:00;246;0
30.09.2019;11:00;12:00;247;0
30.09.2019;12:00;13:00;247;0
30.09.2019;13:00;14:00;247;0
30.09.2019;14:00;15:00;247;0
30.09.2019;15:00;16:00;246;0
30.09.2019;16:00;17:00;246;0
30.09.2019;17:00;18:00;247;0
30.09.2019;18:00;19:00;301;0
30.09.2019;19:00;20:00;303;0
30.09.2019;20:00;21:00;303;0
30.09.2019;21:00;22:00;260;0
30.09.2019;22:00;23:00;257;0
30.09.2019;23:00;00:00;246;0
01.10.2019;00:00;01:00;248;0
01.10.2019;01:00;02:00;248;0
01.10.2019;02:00;03:00;247;0
01.10.2019;03:00;04:00;248;0
01.10.2019;04:00;05:00;248;0
01.10.2019;05:00;06:00;249;0
01.10.2019;06:00;07:00;296;0
01.10.2019;07:00;08:00;304;0
01.10.2019;08:00;09:00;302;0
01.10.2019;09:00;10:00;303;0
01.10.2019;10:00;11:00;303;0
01.10.2019;11:00;12:00;262;0
01.10.2019;12:00;13:00;283;0
01.10.2019;13:00;14:00;297;0
01.10.2019;14:00;15:00;272;0
01.10.2019;15:00;16:00;253;0
01.10.2019;16:00;17:00;252;0
01.10.2019;17:00;18:00;255;0
01.10.2019;18:00;19:00;298;0
01.10.2019;19:00;20:00;299;0
01.10.2019;20:00;21:00;297;0
01.10.2019;21:00;22:00;299;0
01.10.2019;22:00;23:00;248;0
01.10.2019;23:00;00:00;248;0
02.10.2019;00:00;01:00;247;0
02.10.2019;01:00;02:00;247;0
02.10.2019;02:00;03:00;247;0
02.10.2019;03:00;04:00;247;0
02.10.2019;04:00;05:00;246;0
02.10.2019;05:00;06:00;249;0
02.10.2019;06:00;07:00;297;0
02.10.2019;07:00;08:00;303;0
02.10.2019;08:00;09:00;302;0
02.10.2019;09:00;10:00;304;0
02.10.2019;10:00;11:00;304;0
02.10.2019;11:00;12:00;304;0
02.10.2019;12:00;13:00;261;0
02.10.2019;13:00;14:00;248;0
02.10.2019;14:00;15:00;247;0
02.10.2019;15:00;16:00;248;0
02.10.2019;16:00;17:00;248;0
02.10.2019;17:00;18:00;248;0
02.10.2019;18:00;19:00;248;0
02.10.2019;19:00;20:00;247;0
02.10.2019;20:00;21:00;245;0
02.10.2019;21:00;22:00;249;0
02.10.2019;22:00;23:00;247;0
02.10.2019;23:00;00:00;247;0
03.10.2019;00:00;01:00;247;0
03.10.2019;01:00;02:00;248;0
03.10.2019;02:00;03:00;247;0
03.10.2019;03:00;04:00;247;0
03.10.2019;04:00;05:00;247;0
03.10.2019;05:00;06:00;248;0
03.10.2019;06:00;07:00;248;0
03.10.2019;07:00;08:00;246;0
03.10.2019;08:00;09:00;280;0
03.10.2019;09:00;10:00;281;0
03.10.2019;10:00;11:00;246;0
03.10.2019;11:00;12:00;247;0
03.10.2019;12:00;13:00;247;0
03.10.2019;13:00;14:00;247;0
03.10.2019;14:00;15:00;246;0
03.10.2019;15:00;16:00;247;0
03.10.2019;16:00;17:00;257;0
03.10.2019;17:00;18:00;288;0
03.10.2019;18:00;19:00;289;0
03.10.2019;19:00;20:00;289;0
03.10.2019;20:00;21:00;288;0
03.10.2019;21:00;22:00;290;0
03.10.2019;22:00;23:00;296;0
03.10.2019;23:00;00:00;251;0
04.10.2019;00:00;01:00;247;0
04.10.2019;01:00;02:00;247;0
04.10.2019;02:00;03:00;247;0
04.10.2019;03:00;04:00;246;0
04.10.2019;04:00;05:00;247;0
04.10.2019;05:00;06:00;247;0
04.10.2019;06:00;07:00;247;0
04.10.2019;07:00;08:00;246;0
04.10.2019;08:00;09:00;247;0
04.10.2019;09:00;10:00;247;0
04.10.2019;10:00;11:00;248;0
04.10.2019;11:00;12:00;246;0
04.10.2019;12:00;13:00;247;0
04.10.2019;13:00;14:00;246;0
04.10.2019;14:00;15:00;247;0
04.10.2019;15:00;16:00;248;0
04.10.2019;16:00;17:00;320;0
04.10.2019;17:00;18:00;334;0
04.10.2019;18:00;19:00;334;0
04.10.2019;19:00;20:00;334;0
04.10.2019;20:00;21:00;258;0
04.10.2019;21:00;22:00;233;0
04.10.2019;22:00;23:00;233;0
04.10.2019;23:00;00:00;232;0
05.10.2019;00:00;01:00;234;0
05.10.2019;01:00;02:00;232;0
05.10.2019;02:00;03:00;233;0
05.10.2019;03:00;04:00;234;0
05.10.2019;04:00;05:00;233;0
05.10.2019;05:00;06:00;233;0
05.10.2019;06:00;07:00;233;0
05.10.2019;07:00;08:00;233;0
05.10.2019;08:00;09:00;233;0
05.10.2019;09:00;10:00;232;0
05.10.2019;10:00;11:00;234;0
05.10.2019;11:00;12:00;234;0
05.10.2019;12:00;13:00;232;0
05.10.2019;13:00;14:00;234;0
05.10.2019;14:00;15:00;233;0
05.10.2019;15:00;16:00;233;0
05.10.2019;16:00;17:00;234;0
05.10.2019;17:00;18:00;275;0
05.10.2019;18:00;19:00;306;0
05.10.2019;19:00;20:00;307;0
05.10.2019;20:00;21:00;307;0
05.10.2019;21:00;22:00;268;0
05.10.2019;22:00;23:00;242;0
05.10.2019;23:00;00:00;239;0
06.10.2019;00:00;01:00;237;0
06.10.2019;01:00;02:00;237;0
06.10.2019;02:00;03:00;236;0
06.10.2019;03:00;04:00;238;0
06.10.2019;04:00;05:00;237;0
06.10.2019;05:00;06:00;238;0
06.10.2019;06:00;07:00;238;0
06.10.2019;07:00;08:00;237;0
06.10.2019;08:00;09:00;237;0
06.10.2019;09:00;10:00;238;0
06.10.2019;10:00;11:00;236;0
06.10.2019;11:00;12:00;238;0
06.10.2019;12:00;13:00;237;0
06.10.2019;13:00;14:00;238;0
06.10.2019;14:00;15:00;238;0
06.10.2019;15:00;16:00;237;0
06.10.2019;16:00;17:00;238;0
06.10.2019;17:00;18:00;237;0
06.10.2019;18:00;19:00;237;0
06.10.2019;19:00;20:00;236;0
06.10.2019;20:00;21:00;238;0
06.10.2019;21:00;22:00;237;0
06.10.2019;22:00;23:00;237;0
06.10.2019;23:00;00:00;238;0
07.10.2019;00:00;01:00;237;0
07.10.2019;01:00;02:00;237;0
07.10.2019;02:00;03:00;237;0
07.10.2019;03:00;04:00;238;0
07.10.2019;04:00;05:00;237;0
07.10.2019;05:00;06:00;238;0
07.10.2019;06:00;07:00;319;0
07.10.2019;07:00;08:00;343;0
07.10.2019;08:00;09:00;342;0
07.10.2019;09:00;10:00;342;0
07.10.2019;10:00;11:00;343;0
07.10.2019;11:00;12:00;342;0
07.10.2019;12:00;13:00;342;0
07.10.2019;13:00;14:00;343;0
07.10.2019;14:00;15:00;341;0
07.10.2019;15:00;16:00;294;0
07.10.2019;16:00;17:00;336;0
07.10.2019;17:00;18:00;339;0
07.10.2019;18:00;19:00;339;0
07.10.2019;19:00;20:00;338;0
07.10.2019;20:00;21:00;338;0
07.10.2019;21:00;22:00;320;0
07.10.2019;22:00;23:00;262;0
07.10.2019;23:00;00:00;246;0
08.10.2019;00:00;01:00;247;0
08.10.2019;01:00;02:00;246;0
08.10.2019;02:00;03:00;246;0
08.10.2019;03:00;04:00;246;0
08.10.2019;04:00;05:00;246;0
08.10.2019;05:00;06:00;245;0
08.10.2019;06:00;07:00;247;0
08.10.2019;07:00;08:00;247;0
08.10.2019;08:00;09:00;246;0
08.10.2019;09:00;10:00;246;0
08.10.2019;10:00;11:00;248;0
08.10.2019;11:00;12:00;246;0
08.10.2019;12:00;13:00;246;0
08.10.2019;13:00;14:00;246;0
08.10.2019;14:00;15:00;244;0
08.10.2019;15:00;16:00;247;0
08.10.2019;16:00;17:00;246;0
08.10.2019;17:00;18:00;250;0
08.10.2019;18:00;19:00;308;0
08.10.2019;19:00;20:00;311;0
08.10.2019;20:00;21:00;259;0
08.10.2019;21:00;22:00;245;0
08.10.2019;22:00;23:00;246;0
08.10.2019;23:00;00:00;245;0
09.10.2019;00:00;01:00;247;0
09.10.2019;01:00;02:00;246;0
09.10.2019;02:00;03:00;247;0
09.10.2019;03:00;04:00;246;0
09.10.2019;04:00;05:00;246;0
09.10.2019;05:00;06:00;246;0
09.10.2019;06:00;07:00;247;0
09.10.2019;07:00;08:00;246;0
09.10.2019;08:00;09:00;287;0
09.10.2019;09:00;10:00;297;0
09.10.2019;10:00;11:00;297;0
09.10.2019;11:00;12:00;297;0
09.10.2019;12:00;13:00;297;0
09.10.2019;13:00;14:00;298;0
09.10.2019;14:00;15:00;298;0
09.10.2019;15:00;16:00;297;0
09.10.2019;16:00;17:00;297;0
09.10.2019;17:00;18:00;297;0
09.10.2019;18:00;19:00;297;0
09.10.2019;19:00;20:00;297;0
09.10.2019;20:00;21:00;296;0
09.10.2019;21:00;22:00;253;0
09.10.2019;22:00;23:00;247;0
09.10.2019;23:00;00:00;247;0
10.10.2019;00:00;01:00;248;0
10.10.2019;01:00;02:00;247;0
10.10.2019;02:00;03:00;247;0
10.10.2019;03:00;04:00;247;0
10.10.2019;04:00;05:00;247;0
10.10.2019;05:00;06:00;247;0
10.10.2019;06:00;07:00;246;0
10.10.2019;07:00;08:00;248;0
10.10.2019;08:00;09:00;247;0
10.10.2019;09:00;10:00;247;0
10.10.2019;10:00;11:00;246;0
10.10.2019;11:00;12:00;246;0
10.10.2019;12:00;13:00;248;0
10.10.2019;13:00;14:00;247;0
10.10.2019;14:00;15:00;247;0
10.10.2019;15:00;16:00;246;0
10.10.2019;16:00;17:00;246;0
10.10.2019;17:00;18:00;252;0
10.10.2019;18:00;19:00;305;0
10.10.2019;19:00;20:00;307;0
10.10.2019;20:00;21:00;266;0
10.10.2019;21:00;22:00;251;0
10.10.2019;22:00;23:00;250;0
10.10.2019;23:00;00:00;252;0
11.10.2019;00:00;01:00;249;0
11.10.2019;01:00;02:00;248;0
11.10.2019;02:00;03:00;248;0
11.10.2019;03:00;04:00;248;0
11.10.2019;04:00;05:00;248;0
11.10.2019;05:00;06:00;249;0
11.10.2019;06:00;07:00;247;0
11.10.2019;07:00;08:00;247;0
11.10.2019;08:00;09:00;248;0
11.10.2019;09:00;10:00;248;0
11.10.2019;10:00;11:00;246;0
11.10.2019;11:00;12:00;248;0
11.10.2019;12:00;13:00;248;0
11.10.2019;13:00;14:00;248;0
11.10.2019;14:00;15:00;248;0
11.10.2019;15:00;16:00;248;0
11.10.2019;16:00;17:00;248;0
11.10.2019;17:00;18:00;248;0
11.10.2019;18:00;19:00;248;0
11.10.2019;19:00;20:00;248;0
11.10.2019;20:00;21:00;248;0
11.10.2019;21:00;22:00;248;0
11.10.2019;22:00;23:00;247;0
11.10.2019;23:00;00:00;247;0
12.10.2019;00:00;01:00;248;0
12.10.2019;01:00;02:00;247;0
12.10.2019;02:00;03:00;247;0
12.10.2019;03:00;04:00;247;0
12.10.2019;04:00;05:00;248;0
12.10.2019;05:00;06:00;248;0
12.10.2019;06:00;07:00;248;0
12.10.2019;07:00;08:00;247;0
12.10.2019;08:00;09:00;248;0
12.10.2019;09:00;10:00;248;0
12.10.2019;10:00;11:00;246;0
12.10.2019;11:00;12:00;246;0
12.10.2019;12:00;13:00;247;0
12.10.2019;13:00;14:00;249;0
12.10.2019;14:00;15:00;248;0
12.10.2019;15:00;16:00;247;0
12.10.2019;16:00;17:00;248;0
12.10.2019;17:00;18:00;247;0
12.10.2019;18:00;19:00;249;0
12.10.2019;19:00;20:00;248;0
12.10.2019;20:00;21:00;247;0
12.10.2019;21:00;22:00;248;0
12.10.2019;22:00;23:00;247;0
12.10.2019;23:00;00:00;247;0
13.10.2019;00:00;01:00;248;0
13.10.2019;01:00;02:00;248;0
13.10.2019;02:00;03:00;247;0
13.10.2019;03:00;04:00;248;0
13.10.2019;04:00;05:00;247;0
13.10.2019;05:00;06:00;246;0
13.10.2019;06:00;07:00;248;0
13.10.2019;07:00;08:00;247;0
13.10.2019;08:00;09:00;247;0
13.10.2019;09:00;10:00;247;0
13.10.2019;10:00;11:00;247;0
13.10.2019;11:00;12:00;247;0
13.10.2019;12:00;13:00;247;0
13.10.2019;13:00;14:00;247;0
13.10.2019;14:00;15:00;247;0
13.10.2019;15:00;16:00;247;0
13.10.2019;16:00;17:00;248;0
13.10.2019;17:00;18:00;248;0
13.10.2019;18:00;19:00;247;0
13.10.2019;19:00;20:00;247;0
13.10.2019;20:00;21:00;248;0
13.10.2019;21:00;22:00;248;0
13.10.2019;22:00;23:00;247;0
13.10.2019;23:00;00:00;242;0
14.10.2019;00:00;01:00;241;0
14.10.2019;01:00;02:00;242;0
14.10.2019;02:00;03:00;242;0
14.10.2019;03:00;04:00;241;0
14.10.2019;04:00;05:00;242;0
14.10.2019;05:00;06:00;241;0
14.10.2019;06:00;07:00;241;0
14.10.2019;07:00;08:00;307;0
14.10.2019;08:00;09:00;328;0
14.10.2019;09:00;10:00;328;0
14.10.2019;10:00;11:00;328;0
14.10.2019;11:00;12:00;327;0
14.10.2019;12:00;13:00;328;0
14.10.2019;13:00;14:00;283;0
14.10.2019;14:00;15:00;260;0
14.10.2019;15:00;16:00;279;0
14.10.2019;16:00;17:00;333;0
14.10.2019;17:00;18:00;335;0
14.10.2019;18:00;19:00;335;0
14.10.2019;19:00;20:00;335;0
14.10.2019;20:00;21:00;336;0
14.10.2019;21:00;22:00;337;0
14.10.2019;22:00;23:00;347;0
14.10.2019;23:00;00:00;348;0
15.10.2019;00:00;01:00;257;0
15.10.2019;01:00;02:00;243;0
15.10.2019;02:00;03:00;244;0
15.10.2019;03:00;04:00;243;0
15.10.2019;04:00;05:00;246;0
15.10.2019;05:00;06:00;252;0
15.10.2019;06:00;07:00;253;0
15.10.2019;07:00;08:00;331;0
15.10.2019;08:00;09:00;329;0
15.10.2019;09:00;10:00;331;0
15.10.2019;10:00;11:00;330;0
15.10.2019;11:00;12:00;331;0
15.10.2019;12:00;13:00;331;0
15.10.2019;13:00;14:00;330;0
15.10.2019;14:00;15:00;331;0
15.10.2019;15:00;16:00;330;0
15.10.2019;16:00;17:00;329;0
15.10.2019;17:00;18:00;331;0
15.10.2019;18:00;19:00;330;0
15.10.2019;19:00;20:00;330;0
15.10.2019;20:00;21:00;330;0
15.10.2019;21:00;22:00;329;0
15.10.2019;22:00;23:00;329;0
15.10.2019;23:00;00:00;264;0
16.10.2019;00:00;01:00;240;0
16.10.2019;01:00;02:00;237;0
16.10.2019;02:00;03:00;237;0
16.10.2019;03:00;04:00;237;0
16.10.2019;04:00;05:00;238;0
16.10.2019;05:00;06:00;238;0
16.10.2019;06:00;07:00;242;0
16.10.2019;07:00;08:00;298;0
16.10.2019;08:00;09:00;312;0
16.10.2019;09:00;10:00;312;0
16.10.2019;10:00;11:00;310;0
16.10.2019;11:00;12:00;253;0
16.10.2019;12:00;13:00;247;0
16.10.2019;13:00;14:00;248;0
16.10.2019;14:00;15:00;249;0
16.10.2019;15:00;16:00;249;0
16.10.2019;16:00;17:00;249;0
16.10.2019;17:00;18:00;314;0
16.10.2019;18:00;19:00;317;0
16.10.2019;19:00;20:00;316;0
16.10.2019;20:00;21:00;316;0
16.10.2019;21:00;22:00;253;0
16.10.2019;22:00;23:00;249;0
16.10.2019;23:00;00:00;242;0
17.10.2019;00:00;01:00;240;0
17.10.2019;01:00;02:00;242;0
17.10.2019;02:00;03:00;241;0
17.10.2019;03:00;04:00;243;0
17.10.2019;04:00;05:00;242;0
17.10.2019;05:00;06:00;242;0
17.10.2019;06:00;07:00;242;0
17.10.2019;07:00;08:00;306;0
17.10.2019;08:00;09:00;325;0
17.10.2019;09:00;10:00;325;0
17.10.2019;10:00;11:00;325;0
17.10.2019;11:00;12:00;325;0
17.10.2019;12:00;13:00;324;0
17.10.2019;13:00;14:00;270;0
17.10.2019;14:00;15:00;252;0
17.10.2019;15:00;16:00;251;0
17.10.2019;16:00;17:00;286;0
17.10.2019;17:00;18:00;316;0
17.10.2019;18:00;19:00;316;0
17.10.2019;19:00;20:00;316;0
17.10.2019;20:00;21:00;316;0
17.10.2019;21:00;22:00;316;0
17.10.2019;22:00;23:00;265;0
17.10.2019;23:00;00:00;263;0
18.10.2019;00:00;01:00;237;0
18.10.2019;01:00;02:00;238;0
18.10.2019;02:00;03:00;236;0
18.10.2019;03:00;04:00;237;0
18.10.2019;04:00;05:00;236;0
18.10.2019;05:00;06:00;237;0
18.10.2019;06:00;07:00;237;0
18.10.2019;07:00;08:00;296;0
18.10.2019;08:00;09:00;326;0
18.10.2019;09:00;10:00;322;0
18.10.2019;10:00;11:00;266;0
18.10.2019;11:00;12:00;260;0
18.10.2019;12:00;13:00;259;0
18.10.2019;13:00;14:00;260;0
18.10.2019;14:00;15:00;261;0
18.10.2019;15:00;16:00;254;0
18.10.2019;16:00;17:00;252;0
18.10.2019;17:00;18:00;252;0
18.10.2019;18:00;19:00;259;0
18.10.2019;19:00;20:00;279;0
18.10.2019;20:00;21:00;280;0
18.10.2019;21:00;22:00;280;0
18.10.2019;22:00;23:00;279;0
18.10.2019;23:00;00:00;276;0
19.10.2019;00:00;01:00;248;0
19.10.2019;01:00;02:00;246;0
19.10.2019;02:00;03:00;246;0
19.10.2019;03:00;04:00;245;0
19.10.2019;04:00;05:00;244;0
19.10.2019;05:00;06:00;242;0
19.10.2019;06:00;07:00;241;0
19.10.2019;07:00;08:00;240;0
19.10.2019;08:00;09:00;242;0
19.10.2019;09:00;10:00;240;0
19.10.2019;10:00;11:00;237;0
19.10.2019;11:00;12:00;237;0
19.10.2019;12:00;13:00;241;0
19.10.2019;13:00;14:00;241;0
19.10.2019;14:00;15:00;241;0
19.10.2019;15:00;16:00;242;0
19.10.2019;16:00;17:00;242;0
19.10.2019;17:00;18:00;243;0
19.10.2019;18:00;19:00;243;0
19.10.2019;19:00;20:00;242;0
19.10.2019;20:00;21:00;242;0
19.10.2019;21:00;22:00;243;0
19.10.2019;22:00;23:00;241;0
19.10.2019;23:00;00:00;242;0
20.10.2019;00:00;01:00;242;0
20.10.2019;01:00;02:00;241;0
20.10.2019;02:00;03:00;242;0
20.10.2019;03:00;04:00;241;0
20.10.2019;04:00;05:00;241;0
20.10.2019;05:00;06:00;241;0
20.10.2019;06:00;07:00;242;0
20.10.2019;07:00;08:00;242;0
20.10.2019;08:00;09:00;242;0
20.10.2019;09:00;10:00;242;0
20.10.2019;10:00;11:00;242;0
20.10.2019;11:00;12:00;242;0
20.10.2019;12:00;13:00;243;0
20.10.2019;13:00;14:00;242;0
20.10.2019;14:00;15:00;241;0
20.10.2019;15:00;16:00;242;0
20.10.2019;16:00;17:00;243;0
20.10.2019;17:00;18:00;243;0
20.10.2019;18:00;19:00;336;0
20.10.2019;19:00;20:00;351;0
20.10.2019;20:00;21:00;347;0
20.10.2019;21:00;22:00;284;0
20.10.2019;22:00;23:00;249;0
20.10.2019;23:00;00:00;243;0
21.10.2019;00:00;01:00;242;0
21.10.2019;01:00;02:00;241;0
21.10.2019;02:00;03:00;241;0
21.10.2019;03:00;04:00;240;0
21.10.2019;04:00;05:00;242;0
21.10.2019;05:00;06:00;242;0
21.10.2019;06:00;07:00;241;0
21.10.2019;07:00;08:00;299;0
21.10.2019;08:00;09:00;315;0
21.10.2019;09:00;10:00;315;0
21.10.2019;10:00;11:00;315;0
21.10.2019;11:00;12:00;311;0
21.10.2019;12:00;13:00;311;0
21.10.2019;13:00;14:00;311;0
21.10.2019;14:00;15:00;302;0
21.10.2019;15:00;16:00;292;0
21.10.2019;16:00;17:00;292;0
21.10.2019;17:00;18:00;278;0
21.10.2019;18:00;19:00;285;0
21.10.2019;19:00;20:00;278;0
21.10.2019;20:00;21:00;283;0
21.10.2019;21:00;22:00;283;0
21.10.2019;22:00;23:00;283;0
21.10.2019;23:00;00:00;268;0
22.10.2019;00:00;01:00;246;0
22.10.2019;01:00;02:00;235;0
22.10.2019;02:00;03:00;234;0
22.10.2019;03:00;04:00;233;0
22.10.2019;04:00;05:00;234;0
22.10.2019;05:00;06:00;235;0
22.10.2019;06:00;07:00;239;0
22.10.2019;07:00;08:00;238;0
22.10.2019;08:00;09:00;238;0
22.10.2019;09:00;10:00;239;0
22.10.2019;10:00;11:00;238;0
22.10.2019;11:00;12:00;239;0
22.10.2019;12:00;13:00;239;0
22.10.2019;13:00;14:00;239;0
22.10.2019;14:00;15:00;239;0
22.10.2019;15:00;16:00;236;0
22.10.2019;16:00;17:00;239;0
22.10.2019;17:00;18:00;239;0
22.10.2019;18:00;19:00;238;0
22.10.2019;19:00;20:00;237;0
22.10.2019;20:00;21:00;237;0
22.10.2019;21:00;22:00;239;0
22.10.2019;22:00;23:00;239;0
22.10.2019;23:00;00:00;239;0
23.10.2019;00:00;01:00;238;0
23.10.2019;01:00;02:00;240;0
23.10.2019;02:00;03:00;238;0
23.10.2019;03:00;04:00;238;0
23.10.2019;04:00;05:00;238;0
23.10.2019;05:00;06:00;239;0
23.10.2019;06:00;07:00;239;0
23.10.2019;07:00;08:00;240;0
23.10.2019;08:00;09:00;238;0
23.10.2019;09:00;10:00;239;0
23.10.2019;10:00;11:00;238;0
23.10.2019;11:00;12:00;239;0
23.10.2019;12:00;13:00;238;0
23.10.2019;13:00;14:00;237;0
23.10.2019;14:00;15:00;241;0
23.10.2019;15:00;16:00;242;0
23.10.2019;16:00;17:00;242;0
23.10.2019;17:00;18:00;243;0
23.10.2019;18:00;19:00;244;0
23.10.2019;19:00;20:00;244;0
23.10.2019;20:00;21:00;241;0
23.10.2019;21:00;22:00;247;0
23.10.2019;22:00;23:00;243;0
23.10.2019;23:00;00:00;244;0
24.10.2019;00:00;01:00;246;0
24.10.2019;01:00;02:00;243;0
24.10.2019;02:00;03:00;244;0
24.10.2019;03:00;04:00;243;0
24.10.2019;04:00;05:00;244;0
24.10.2019;05:00;06:00;244;0
24.10.2019;06:00;07:00;244;0
24.10.2019;07:00;08:00;246;0
24.10.2019;08:00;09:00;253;0
24.10.2019;09:00;10:00;253;0
24.10.2019;10:00;11:00;259;0
24.10.2019;11:00;12:00;263;0
24.10.2019;12:00;13:00;265;0
24.10.2019;13:00;14:00;312;0
24.10.2019;14:00;15:00;289;0
24.10.2019;15:00;16:00;258;0
24.10.2019;16:00;17:00;251;0
24.10.2019;17:00;18:00;251;0
24.10.2019;18:00;19:00;249;0
24.10.2019;19:00;20:00;250;0
24.10.2019;20:00;21:00;251;0
24.10.2019;21:00;22:00;250;0
24.10.2019;22:00;23:00;250;0
24.10.2019;23:00;00:00;251;0
25.10.2019;00:00;01:00;250;0
25.10.2019;01:00;02:00;247;0
25.10.2019;02:00;03:00;248;0
25.10.2019;03:00;04:00;251;0
25.10.2019;04:00;05:00;248;0
25.10.2019;05:00;06:00;250;0
25.10.2019;06:00;07:00;249;0
25.10.2019;07:00;08:00;250;0
25.10.2019;08:00;09:00;249;0
25.10.2019;09:00;10:00;248;0
25.10.2019;10:00;11:00;248;0
25.10.2019;11:00;12:00;245;0
25.10.2019;12:00;13:00;246;0
25.10.2019;13:00;14:00;245;0
25.10.2019;14:00;15:00;244;0
25.10.2019;15:00;16:00;244;0
25.10.2019;16:00;17:00;253;0
25.10.2019;17:00;18:00;275;0
25.10.2019;18:00;19:00;349;44
25.10.2019;19:00;20:00;361;118
25.10.2019;20:00;21:00;363;170
25.10.2019;21:00;22:00;336;187
25.10.2019;22:00;23:00;277;186
25.10.2019;23:00;00:00;273;186
26.10.2019;00:00;01:00;272;186
26.10.2019;01:00;02:00;272;185
26.10.2019;02:00;03:00;272;186
26.10.2019;03:00;04:00;271;185
26.10.2019;04:00;05:00;264;195
26.10.2019;05:00;06:00;254;205
26.10.2019;06:00;07:00;255;205
26.10.2019;07:00;08:00;253;205
26.10.2019;08:00;09:00;253;179
26.10.2019;09:00;10:00;323;168
26.10.2019;10:00;11:00;388;171
26.10.2019;11:00;12:00;394;164
26.10.2019;12:00;13:00;391;162
26.10.2019;13:00;14:00;305;194
26.10.2019;14:00;15:00;247;212
26.10.2019;15:00;16:00;244;214
26.10.2019;16:00;17:00;245;229
26.10.2019;17:00;18:00;244;242
26.10.2019;18:00;19:00;246;241
26.10.2019;19:00;20:00;246;244
26.10.2019;20:00;21:00;24;209
26.10.2019;21:00;22:00;0;188
26.10.2019;22:00;23:00;0;189
26.10.2019;23:00;00:00;0;188
27.10.2019;00:00;01:00;0;190
27.10.2019;01:00;02:00;0;190
27.10.2019;02:00;03:00;0;197
27.10.2019;02:00;03:00;0;182
27.10.2019;03:00;04:00;0;181
27.10.2019;04:00;05:00;0;179
27.10.2019;05:00;06:00;0;191
27.10.2019;06:00;07:00;0;189
27.10.2019;07:00;08:00;0;188
27.10.2019;08:00;09:00;0;192
27.10.2019;09:00;10:00;0;196
27.10.2019;10:00;11:00;0;194
27.10.2019;11:00;12:00;0;195
27.10.2019;12:00;13:00;0;194
27.10.2019;13:00;14:00;0;191
27.10.2019;14:00;15:00;0;193
27.10.2019;15:00;16:00;0;196
27.10.2019;16:00;17:00;0;194
27.10.2019;17:00;18:00;0;279
27.10.2019;18:00;19:00;0;325
27.10.2019;19:00;20:00;0;323
27.10.2019;20:00;21:00;0;326
27.10.2019;21:00;22:00;0;287
27.10.2019;22:00;23:00;0;230
27.10.2019;23:00;00:00;0;232
28.10.2019;00:00;01:00;0;232
28.10.2019;01:00;02:00;0;231
28.10.2019;02:00;03:00;0;238
28.10.2019;03:00;04:00;0;259
28.10.2019;04:00;05:00;61;240
28.10.2019;05:00;06:00;220;234
28.10.2019;06:00;07:00;257;218
28.10.2019;07:00;08:00;256;258
28.10.2019;08:00;09:00;241;224
28.10.2019;09:00;10:00;240;219
28.10.2019;10:00;11:00;240;219
28.10.2019;11:00;12:00;239;219
28.10.2019;12:00;13:00;240;219
28.10.2019;13:00;14:00;272;230
28.10.2019;14:00;15:00;367;319
28.10.2019;15:00;16:00;382;359
28.10.2019;16:00;17:00;373;359
28.10.2019;17:00;18:00;364;356
28.10.2019;18:00;19:00;364;356
28.10.2019;19:00;20:00;364;355
28.10.2019;20:00;21:00;355;349
28.10.2019;21:00;22:00;267;252
28.10.2019;22:00;23:00;235;220
28.10.2019;23:00;00:00;236;224
29.10.2019;00:00;01:00;235;223
29.10.2019;01:00;02:00;236;222
29.10.2019;02:00;03:00;235;226
29.10.2019;03:00;04:00;235;227
29.10.2019;04:00;05:00;237;226
29.10.2019;05:00;06:00;235;227
29.10.2019;06:00;07:00;237;229
29.10.2019;07:00;08:00;336;317
29.10.2019;08:00;09:00;373;358
29.10.2019;09:00;10:00;372;362
29.10.2019;10:00;11:00;372;362
29.10.2019;11:00;12:00;372;361
29.10.2019;12:00;13:00;372;361
29.10.2019;13:00;14:00;371;361
29.10.2019;14:00;15:00;368;360
29.10.2019;15:00;16:00;369;360
29.10.2019;16:00;17:00;369;361
29.10.2019;17:00;18:00;368;361
29.10.2019;18:00;19:00;366;360
29.10.2019;19:00;20:00;364;362
29.10.2019;20:00;21:00;363;363
29.10.2019;21:00;22:00;279;319
29.10.2019;22:00;23:00;244;249
29.10.2019;23:00;00:00;238;235
30.10.2019;00:00;01:00;234;232
30.10.2019;01:00;02:00;232;225
30.10.2019;02:00;03:00;231;227
30.10.2019;03:00;04:00;230;226
30.10.2019;04:00;05:00;231;227
30.10.2019;05:00;06:00;245;237
30.10.2019;06:00;07:00;343;350
30.10.2019;07:00;08:00;354;358
30.10.2019;08:00;09:00;353;361
30.10.2019;09:00;10:00;356;358
30.10.2019;10:00;11:00;369;345
30.10.2019;11:00;12:00;369;345
30.10.2019;12:00;13:00;369;345
30.10.2019;13:00;14:00;364;347
30.10.2019;14:00;15:00;349;358
30.10.2019;15:00;16:00;360;347
30.10.2019;16:00;17:00;353;344
30.10.2019;17:00;18:00;347;350
30.10.2019;18:00;19:00;349;345
30.10.2019;19:00;20:00;356;341
30.10.2019;20:00;21:00;350;332
30.10.2019;21:00;22:00;286;277
30.10.2019;22:00;23:00;0;274
30.10.2019;23:00;00:00;0;264
31.10.2019;00:00;01:00;0;210
31.10.2019;01:00;02:00;0;214
31.10.2019;02:00;03:00;0;218
31.10.2019;03:00;04:00;0;214
31.10.2019;04:00;05:00;0;213
31.10.2019;05:00;06:00;0;213
31.10.2019;06:00;07:00;0;212
31.10.2019;07:00;08:00;0;299
31.10.2019;08:00;09:00;0;303
31.10.2019;09:00;10:00;0;302
31.10.2019;10:00;11:00;0;237
31.10.2019;11:00;12:00;0;231
31.10.2019;12:00;13:00;0;231
31.10.2019;13:00;14:00;0;231
31.10.2019;14:00;15:00;0;229
31.10.2019;15:00;16:00;0;285
31.10.2019;16:00;17:00;0;301
31.10.2019;17:00;18:00;0;296
31.10.2019;18:00;19:00;0;298
31.10.2019;19:00;20:00;0;277
31.10.2019;20:00;21:00;0;234
31.10.2019;21:00;22:00;0;231
31.10.2019;22:00;23:00;0;233
31.10.2019;23:00;00:00;0;225
01.11.2019;00:00;01:00;0;227
01.11.2019;01:00;02:00;0;230
01.11.2019;02:00;03:00;0;239
01.11.2019;03:00;04:00;0;234
01.11.2019;04:00;05:00;0;230
01.11.2019;05:00;06:00;0;230
01.11.2019;06:00;07:00;0;232
01.11.2019;07:00;08:00;0;229
01.11.2019;08:00;09:00;0;230
01.11.2019;09:00;10:00;0;232
01.11.2019;10:00;11:00;0;232
01.11.2019;11:00;12:00;0;231
01.11.2019;12:00;13:00;0;231
01.11.2019;13:00;14:00;0;232
01.11.2019;14:00;15:00;0;231
01.11.2019;15:00;16:00;0;230
01.11.2019;16:00;17:00;0;229
01.11.2019;17:00;18:00;0;231
01.11.2019;18:00;19:00;0;230
01.11.2019;19:00;20:00;0;232
01.11.2019;20:00;21:00;0;231
01.11.2019;21:00;22:00;0;232
01.11.2019;22:00;23:00;0;233
01.11.2019;23:00;00:00;0;229
02.11.2019;00:00;01:00;0;230
02.11.2019;01:00;02:00;0;227
02.11.2019;02:00;03:00;0;232
02.11.2019;03:00;04:00;0;232
02.11.2019;04:00;05:00;0;230
02.11.2019;05:00;06:00;0;231
02.11.2019;06:00;07:00;0;231
02.11.2019;07:00;08:00;0;232
02.11.2019;08:00;09:00;0;230
02.11.2019;09:00;10:00;0;233
02.11.2019;10:00;11:00;0;232
02.11.2019;11:00;12:00;0;231
02.11.2019;12:00;13:00;0;229
02.11.2019;13:00;14:00;0;231
02.11.2019;14:00;15:00;0;232
02.11.2019;15:00;16:00;0;231
02.11.2019;16:00;17:00;0;229
02.11.2019;17:00;18:00;0;233
02.11.2019;18:00;19:00;0;232
02.11.2019;19:00;20:00;0;233
02.11.2019;20:00;21:00;0;231
02.11.2019;21:00;22:00;0;228
02.11.2019;22:00;23:00;0;234
02.11.2019;23:00;00:00;0;230
03.11.2019;00:00;01:00;0;231
03.11.2019;01:00;02:00;0;232
03.11.2019;02:00;03:00;0;230
03.11.2019;03:00;04:00;0;232
03.11.2019;04:00;05:00;0;233
03.11.2019;05:00;06:00;0;232
03.11.2019;06:00;07:00;0;232
03.11.2019;07:00;08:00;0;233
03.11.2019;08:00;09:00;0;232
03.11.2019;09:00;10:00;0;231
03.11.2019;10:00;11:00;0;231
03.11.2019;11:00;12:00;0;232
03.11.2019;12:00;13:00;0;232
03.11.2019;13:00;14:00;0;233
03.11.2019;14:00;15:00;0;230
03.11.2019;15:00;16:00;0;232
03.11.2019;16:00;17:00;0;232
03.11.2019;17:00;18:00;0;232
03.11.2019;18:00;19:00;0;230
03.11.2019;19:00;20:00;0;230
03.11.2019;20:00;21:00;0;231
03.11.2019;21:00;22:00;0;233
03.11.2019;22:00;23:00;0;232
03.11.2019;23:00;00:00;0;233
04.11.2019;00:00;01:00;0;231
04.11.2019;01:00;02:00;0;232
04.11.2019;02:00;03:00;0;231
04.11.2019;03:00;04:00;0;232
04.11.2019;04:00;05:00;0;230
04.11.2019;05:00;06:00;0;230
04.11.2019;06:00;07:00;0;232
04.11.2019;07:00;08:00;0;232
04.11.2019;08:00;09:00;0;232
04.11.2019;09:00;10:00;0;229
04.11.2019;10:00;11:00;0;231
04.11.2019;11:00;12:00;0;232
04.11.2019;12:00;13:00;0;231
04.11.2019;13:00;14:00;0;232
04.11.2019;14:00;15:00;0;233
04.11.2019;15:00;16:00;0;235
04.11.2019;16:00;17:00;0;264
04.11.2019;17:00;18:00;0;286
04.11.2019;18:00;19:00;0;285
04.11.2019;19:00;20:00;0;286
04.11.2019;20:00;21:00;0;255
04.11.2019;21:00;22:00;0;235
04.11.2019;22:00;23:00;0;234
04.11.2019;23:00;00:00;0;247
05.11.2019;00:00;01:00;0;250
05.11.2019;01:00;02:00;0;250
05.11.2019;02:00;03:00;0;261
05.11.2019;03:00;04:00;0;258
05.11.2019;04:00;05:00;3;260
05.11.2019;05:00;06:00;116;259
05.11.2019;06:00;07:00;206;260
05.11.2019;07:00;08:00;250;260
05.11.2019;08:00;09:00;283;272
05.11.2019;09:00;10:00;329;339
05.11.2019;10:00;11:00;330;353
05.11.2019;11:00;12:00;330;349
05.11.2019;12:00;13:00;334;350
05.11.2019;13:00;14:00;339;351
05.11.2019;14:00;15:00;336;351
05.11.2019;15:00;16:00;337;347
05.11.2019;16:00;17:00;335;346
05.11.2019;17:00;18:00;346;336
05.11.2019;18:00;19:00;348;331
05.11.2019;19:00;20:00;348;333
05.11.2019;20:00;21:00;347;328
05.11.2019;21:00;22:00;259;244
05.11.2019;22:00;23:00;235;207
05.11.2019;23:00;00:00;234;210
06.11.2019;00:00;01:00;235;212
06.11.2019;01:00;02:00;233;211
06.11.2019;02:00;03:00;233;207
06.11.2019;03:00;04:00;233;210
06.11.2019;04:00;05:00;234;212
06.11.2019;05:00;06:00;238;214
06.11.2019;06:00;07:00;346;314
06.11.2019;07:00;08:00;367;329
06.11.2019;08:00;09:00;373;338
06.11.2019;09:00;10:00;375;340
06.11.2019;10:00;11:00;375;345
06.11.2019;11:00;12:00;376;348
06.11.2019;12:00;13:00;377;348
06.11.2019;13:00;14:00;375;343
06.11.2019;14:00;15:00;375;335
06.11.2019;15:00;16:00;375;335
06.11.2019;16:00;17:00;375;332
06.11.2019;17:00;18:00;376;335
06.11.2019;18:00;19:00;375;332
06.11.2019;19:00;20:00;375;330
06.11.2019;20:00;21:00;374;332
06.11.2019;21:00;22:00;329;308
06.11.2019;22:00;23:00;240;219
06.11.2019;23:00;00:00;235;217
07.11.2019;00:00;01:00;233;221
07.11.2019;01:00;02:00;234;221
07.11.2019;02:00;03:00;232;220
07.11.2019;03:00;04:00;234;218
07.11.2019;04:00;05:00;234;222
07.11.2019;05:00;06:00;234;250
07.11.2019;06:00;07:00;254;246
07.11.2019;07:00;08:00;352;322
07.11.2019;08:00;09:00;373;332
07.11.2019;09:00;10:00;374;338
07.11.2019;10:00;11:00;356;321
07.11.2019;11:00;12:00;338;306
07.11.2019;12:00;13:00;263;250
07.11.2019;13:00;14:00;327;329
07.11.2019;14:00;15:00;360;340
07.11.2019;15:00;16:00;361;339
07.11.2019;16:00;17:00;361;340
07.11.2019;17:00;18:00;364;336
07.11.2019;18:00;19:00;366;316
07.11.2019;19:00;20:00;309;258
07.11.2019;20:00;21:00;231;200
07.11.2019;21:00;22:00;223;206
07.11.2019;22:00;23:00;225;204
07.11.2019;23:00;00:00;226;208
08.11.2019;00:00;01:00;224;207
08.11.2019;01:00;02:00;225;204
08.11.2019;02:00;03:00;223;205
08.11.2019;03:00;04:00;226;207
08.11.2019;04:00;05:00;224;206
08.11.2019;05:00;06:00;227;208
08.11.2019;06:00;07:00;352;282
08.11.2019;07:00;08:00;377;317
08.11.2019;08:00;09:00;375;319
08.11.2019;09:00;10:00;332;123
08.11.2019;10:00;11:00;337;0
08.11.2019;11:00;12:00;340;0
08.11.2019;12:00;13:00;338;0
08.11.2019;13:00;14:00;332;0
08.11.2019;14:00;15:00;332;125
08.11.2019;15:00;16:00;357;318
08.11.2019;16:00;17:00;362;204
08.11.2019;17:00;18:00;330;10
08.11.2019;18:00;19:00;328;0
08.11.2019;19:00;20:00;328;0
08.11.2019;20:00;21:00;330;0
08.11.2019;21:00;22:00;332;166
08.11.2019;22:00;23:00;280;231
08.11.2019;23:00;00:00;238;218
09.11.2019;00:00;01:00;0;234
09.11.2019;01:00;02:00;0;236
09.11.2019;02:00;03:00;0;234
09.11.2019;03:00;04:00;0;235
09.11.2019;04:00;05:00;0;237
09.11.2019;05:00;06:00;0;237
09.11.2019;06:00;07:00;0;218
09.11.2019;07:00;08:00;0;227
09.11.2019;08:00;09:00;0;308
09.11.2019;09:00;10:00;0;324
09.11.2019;10:00;11:00;0;324
09.11.2019;11:00;12:00;0;308
09.11.2019;12:00;13:00;0;299
09.11.2019;13:00;14:00;0;261
09.11.2019;14:00;15:00;0;219
09.11.2019;15:00;16:00;0;258
09.11.2019;16:00;17:00;0;304
09.11.2019;17:00;18:00;0;330
09.11.2019;18:00;19:00;0;342
09.11.2019;19:00;20:00;0;344
09.11.2019;20:00;21:00;0;343
09.11.2019;21:00;22:00;0;284
09.11.2019;22:00;23:00;0;231
09.11.2019;23:00;00:00;0;234
10.11.2019;00:00;01:00;0;238
10.11.2019;01:00;02:00;0;229
10.11.2019;02:00;03:00;0;234
10.11.2019;03:00;04:00;0;234
10.11.2019;04:00;05:00;0;235
10.11.2019;05:00;06:00;0;237
10.11.2019;06:00;07:00;0;247
10.11.2019;07:00;08:00;0;243
10.11.2019;08:00;09:00;0;240
10.11.2019;09:00;10:00;0;244
10.11.2019;10:00;11:00;0;247
10.11.2019;11:00;12:00;0;243
10.11.2019;12:00;13:00;0;242
10.11.2019;13:00;14:00;0;246
10.11.2019;14:00;15:00;0;245
10.11.2019;15:00;16:00;0;250
10.11.2019;16:00;17:00;0;336
10.11.2019;17:00;18:00;0;352
10.11.2019;18:00;19:00;0;344
10.11.2019;19:00;20:00;0;337
10.11.2019;20:00;21:00;0;335
10.11.2019;21:00;22:00;0;337
10.11.2019;22:00;23:00;0;337
10.11.2019;23:00;00:00;0;256
11.11.2019;00:00;01:00;0;243
11.11.2019;01:00;02:00;0;246
11.11.2019;02:00;03:00;0;243
11.11.2019;03:00;04:00;0;244
11.11.2019;04:00;05:00;0;241
11.11.2019;05:00;06:00;0;242
11.11.2019;06:00;07:00;0;246
11.11.2019;07:00;08:00;0;321
11.11.2019;08:00;09:00;0;327
11.11.2019;09:00;10:00;0;322
11.11.2019;10:00;11:00;0;328
11.11.2019;11:00;12:00;0;328
11.11.2019;12:00;13:00;0;329
11.11.2019;13:00;14:00;0;329
11.11.2019;14:00;15:00;0;326
11.11.2019;15:00;16:00;0;324
11.11.2019;16:00;17:00;0;329
11.11.2019;17:00;18:00;0;323
11.11.2019;18:00;19:00;0;326
11.11.2019;19:00;20:00;0;324
11.11.2019;20:00;21:00;0;321
11.11.2019;21:00;22:00;0;283
11.11.2019;22:00;23:00;0;281
11.11.2019;23:00;00:00;0;271
12.11.2019;00:00;01:00;0;217
12.11.2019;01:00;02:00;0;232
12.11.2019;02:00;03:00;0;236
12.11.2019;03:00;04:00;0;236
12.11.2019;04:00;05:00;0;240
12.11.2019;05:00;06:00;0;236
12.11.2019;06:00;07:00;0;256
12.11.2019;07:00;08:00;0;257
12.11.2019;08:00;09:00;0;266
12.11.2019;09:00;10:00;0;280
12.11.2019;10:00;11:00;0;267
12.11.2019;11:00;12:00;0;242
12.11.2019;12:00;13:00;0;253
12.11.2019;13:00;14:00;0;258
12.11.2019;14:00;15:00;0;327
12.11.2019;15:00;16:00;0;333
12.11.2019;16:00;17:00;0;332
12.11.2019;17:00;18:00;0;331
12.11.2019;18:00;19:00;0;333
12.11.2019;19:00;20:00;0;283
12.11.2019;20:00;21:00;0;231
12.11.2019;21:00;22:00;0;233
12.11.2019;22:00;23:00;0;235
12.11.2019;23:00;00:00;0;234
13.11.2019;00:00;01:00;0;235
13.11.2019;01:00;02:00;0;235
13.11.2019;02:00;03:00;0;237
13.11.2019;03:00;04:00;0;238
13.11.2019;04:00;05:00;0;237
13.11.2019;05:00;06:00;0;237
13.11.2019;06:00;07:00;0;239
13.11.2019;07:00;08:00;0;279
13.11.2019;08:00;09:00;0;315
13.11.2019;09:00;10:00;0;317
13.11.2019;10:00;11:00;0;317
13.11.2019;11:00;12:00;0;323
13.11.2019;12:00;13:00;0;328
13.11.2019;13:00;14:00;0;328
13.11.2019;14:00;15:00;0;330
13.11.2019;15:00;16:00;0;327
13.11.2019;16:00;17:00;0;329
13.11.2019;17:00;18:00;0;326
13.11.2019;18:00;19:00;0;328
13.11.2019;19:00;20:00;0;328
13.11.2019;20:00;21:00;0;302
13.11.2019;21:00;22:00;0;243
13.11.2019;22:00;23:00;0;239
13.11.2019;23:00;00:00;0;234
14.11.2019;00:00;01:00;0;236
14.11.2019;01:00;02:00;0;241
14.11.2019;02:00;03:00;0;239
14.11.2019;03:00;04:00;0;239
14.11.2019;04:00;05:00;0;235
14.11.2019;05:00;06:00;0;240
14.11.2019;06:00;07:00;0;306
14.11.2019;07:00;08:00;0;324
14.11.2019;08:00;09:00;0;327
14.11.2019;09:00;10:00;0;326
14.11.2019;10:00;11:00;0;329
14.11.2019;11:00;12:00;0;325
14.11.2019;12:00;13:00;0;326
14.11.2019;13:00;14:00;0;328
14.11.2019;14:00;15:00;0;327
14.11.2019;15:00;16:00;0;328
14.11.2019;16:00;17:00;0;327
14.11.2019;17:00;18:00;0;327
14.11.2019;18:00;19:00;0;327
14.11.2019;19:00;20:00;0;323
14.11.2019;20:00;21:00;0;245
14.11.2019;21:00;22:00;0;232
14.11.2019;22:00;23:00;0;232
14.11.2019;23:00;00:00;0;234
15.11.2019;00:00;01:00;0;235
15.11.2019;01:00;02:00;0;231
15.11.2019;02:00;03:00;0;234
15.11.2019;03:00;04:00;0;233
15.11.2019;04:00;05:00;0;232
15.11.2019;05:00;06:00;0;233
15.11.2019;06:00;07:00;0;229
15.11.2019;07:00;08:00;0;245
15.11.2019;08:00;09:00;0;246
15.11.2019;09:00;10:00;0;148
15.11.2019;10:00;11:00;0;234
15.11.2019;11:00;12:00;0;226
15.11.2019;12:00;13:00;0;212
15.11.2019;13:00;14:00;0;215
15.11.2019;14:00;15:00;0;220
15.11.2019;15:00;16:00;0;295
15.11.2019;16:00;17:00;0;320
15.11.2019;17:00;18:00;0;327
15.11.2019;18:00;19:00;0;324
15.11.2019;19:00;20:00;0;325
15.11.2019;20:00;21:00;0;328
15.11.2019;21:00;22:00;0;323
15.11.2019;22:00;23:00;0;323
15.11.2019;23:00;00:00;0;319
16.11.2019;00:00;01:00;0;262
16.11.2019;01:00;02:00;0;237
16.11.2019;02:00;03:00;0;237
16.11.2019;03:00;04:00;0;235
16.11.2019;04:00;05:00;0;234
16.11.2019;05:00;06:00;0;237
16.11.2019;06:00;07:00;0;236
16.11.2019;07:00;08:00;0;234
16.11.2019;08:00;09:00;0;229
16.11.2019;09:00;10:00;0;226
16.11.2019;10:00;11:00;0;228
16.11.2019;11:00;12:00;0;235
16.11.2019;12:00;13:00;0;234
16.11.2019;13:00;14:00;0;233
16.11.2019;14:00;15:00;0;232
16.11.2019;15:00;16:00;0;232
16.11.2019;16:00;17:00;0;230
16.11.2019;17:00;18:00;0;233
16.11.2019;18:00;19:00;0;231
16.11.2019;19:00;20:00;0;230
16.11.2019;20:00;21:00;0;231
16.11.2019;21:00;22:00;0;231
16.11.2019;22:00;23:00;0;230
16.11.2019;23:00;00:00;0;233
17.11.2019;00:00;01:00;0;232
17.11.2019;01:00;02:00;0;232
17.11.2019;02:00;03:00;0;223
17.11.2019;03:00;04:00;0;220
17.11.2019;04:00;05:00;0;221
17.11.2019;05:00;06:00;0;227
17.11.2019;06:00;07:00;0;232
17.11.2019;07:00;08:00;0;231
17.11.2019;08:00;09:00;0;230
17.11.2019;09:00;10:00;0;226
17.11.2019;10:00;11:00;0;226
17.11.2019;11:00;12:00;0;230
17.11.2019;12:00;13:00;0;233
17.11.2019;13:00;14:00;0;231
17.11.2019;14:00;15:00;0;233
17.11.2019;15:00;16:00;0;232
17.11.2019;16:00;17:00;0;234
17.11.2019;17:00;18:00;0;286
17.11.2019;18:00;19:00;0;327
17.11.2019;19:00;20:00;0;317
17.11.2019;20:00;21:00;0;281
17.11.2019;21:00;22:00;0;284
17.11.2019;22:00;23:00;0;235
17.11.2019;23:00;00:00;0;227
18.11.2019;00:00;01:00;0;230
18.11.2019;01:00;02:00;0;235
18.11.2019;02:00;03:00;0;233
18.11.2019;03:00;04:00;0;235
18.11.2019;04:00;05:00;100;290
18.11.2019;05:00;06:00;215;234
18.11.2019;06:00;07:00;256;319
18.11.2019;07:00;08:00;338;349
18.11.2019;08:00;09:00;369;352
18.11.2019;09:00;10:00;374;323
18.11.2019;10:00;11:00;397;269
18.11.2019;11:00;12:00;396;265
18.11.2019;12:00;13:00;397;247
18.11.2019;13:00;14:00;397;221
18.11.2019;14:00;15:00;397;219
18.11.2019;15:00;16:00;397;219
18.11.2019;16:00;17:00;397;221
18.11.2019;17:00;18:00;397;226
18.11.2019;18:00;19:00;397;296
18.11.2019;19:00;20:00;332;238
18.11.2019;20:00;21:00;290;200
18.11.2019;21:00;22:00;238;171
18.11.2019;22:00;23:00;234;184
18.11.2019;23:00;00:00;234;183
19.11.2019;00:00;01:00;234;189
19.11.2019;01:00;02:00;233;188
19.11.2019;02:00;03:00;234;187
19.11.2019;03:00;04:00;233;187
19.11.2019;04:00;05:00;234;188
19.11.2019;05:00;06:00;234;186
19.11.2019;06:00;07:00;234;197
19.11.2019;07:00;08:00;234;196
19.11.2019;08:00;09:00;235;197
19.11.2019;09:00;10:00;240;200
19.11.2019;10:00;11:00;300;229
19.11.2019;11:00;12:00;388;302
19.11.2019;12:00;13:00;400;342
19.11.2019;13:00;14:00;398;346
19.11.2019;14:00;15:00;397;347
19.11.2019;15:00;16:00;397;345
19.11.2019;16:00;17:00;400;337
19.11.2019;17:00;18:00;401;337
19.11.2019;18:00;19:00;402;336
19.11.2019;19:00;20:00;401;339
19.11.2019;20:00;21:00;397;336
19.11.2019;21:00;22:00;361;305
19.11.2019;22:00;23:00;286;219
19.11.2019;23:00;00:00;236;214
20.11.2019;00:00;01:00;261;235
20.11.2019;01:00;02:00;286;259
20.11.2019;02:00;03:00;267;263
20.11.2019;03:00;04:00;245;220
20.11.2019;04:00;05:00;285;255
20.11.2019;05:00;06:00;287;257
20.11.2019;06:00;07:00;368;288
20.11.2019;07:00;08:00;376;288
20.11.2019;08:00;09:00;376;293
20.11.2019;09:00;10:00;374;295
20.11.2019;10:00;11:00;377;306
20.11.2019;11:00;12:00;375;306
20.11.2019;12:00;13:00;375;306
20.11.2019;13:00;14:00;376;307
20.11.2019;14:00;15:00;390;324
20.11.2019;15:00;16:00;395;329
20.11.2019;16:00;17:00;392;328
20.11.2019;17:00;18:00;392;335
20.11.2019;18:00;19:00;391;331
20.11.2019;19:00;20:00;373;300
20.11.2019;20:00;21:00;366;238
20.11.2019;21:00;22:00;364;234
20.11.2019;22:00;23:00;361;250
20.11.2019;23:00;00:00;277;221
21.11.2019;00:00;01:00;228;206
21.11.2019;01:00;02:00;225;203
21.11.2019;02:00;03:00;224;206
21.11.2019;03:00;04:00;224;205
21.11.2019;04:00;05:00;224;204
21.11.2019;05:00;06:00;230;205
21.11.2019;06:00;07:00;364;283
21.11.2019;07:00;08:00;380;315
21.11.2019;08:00;09:00;379;313
21.11.2019;09:00;10:00;378;311
21.11.2019;10:00;11:00;378;318
21.11.2019;11:00;12:00;375;315
21.11.2019;12:00;13:00;375;321
21.11.2019;13:00;14:00;375;324
21.11.2019;14:00;15:00;375;325
21.11.2019;15:00;16:00;376;321
21.11.2019;16:00;17:00;376;323
21.11.2019;17:00;18:00;376;323
21.11.2019;18:00;19:00;360;319
21.11.2019;19:00;20:00;327;288
21.11.2019;20:00;21:00;312;272
21.11.2019;21:00;22:00;294;265
21.11.2019;22:00;23:00;245;225
21.11.2019;23:00;00:00;233;207
22.11.2019;00:00;01:00;237;205
22.11.2019;01:00;02:00;232;205
22.11.2019;02:00;03:00;234;206
22.11.2019;03:00;04:00;234;204
22.11.2019;04:00;05:00;234;205
22.11.2019;05:00;06:00;236;208
22.11.2019;06:00;07:00;312;276
22.11.2019;07:00;08:00;379;320
22.11.2019;08:00;09:00;388;323
22.11.2019;09:00;10:00;383;328
22.11.2019;10:00;11:00;375;335
22.11.2019;11:00;12:00;370;348
22.11.2019;12:00;13:00;371;347
22.11.2019;13:00;14:00;371;345
22.11.2019;14:00;15:00;370;345
22.11.2019;15:00;16:00;371;349
22.11.2019;16:00;17:00;370;348
22.11.2019;17:00;18:00;371;346
22.11.2019;18:00;19:00;366;339
22.11.2019;19:00;20:00;270;245
22.11.2019;20:00;21:00;231;0
22.11.2019;21:00;22:00;243;0
22.11.2019;22:00;23:00;237;0
22.11.2019;23:00;00:00;236;0
23.11.2019;00:00;01:00;241;0
23.11.2019;01:00;02:00;240;0
23.11.2019;02:00;03:00;240;0
23.11.2019;03:00;04:00;239;0
23.11.2019;04:00;05:00;245;0
23.11.2019;05:00;06:00;245;0
23.11.2019;06:00;07:00;245;0
23.11.2019;07:00;08:00;244;0
23.11.2019;08:00;09:00;245;0
23.11.2019;09:00;10:00;246;0
23.11.2019;10:00;11:00;246;0
23.11.2019;11:00;12:00;247;0
23.11.2019;12:00;13:00;245;0
23.11.2019;13:00;14:00;246;0
23.11.2019;14:00;15:00;246;0
23.11.2019;15:00;16:00;246;0
23.11.2019;16:00;17:00;246;0
23.11.2019;17:00;18:00;246;0
23.11.2019;18:00;19:00;245;0
23.11.2019;19:00;20:00;244;0
23.11.2019;20:00;21:00;243;0
23.11.2019;21:00;22:00;246;0
23.11.2019;22:00;23:00;246;0
23.11.2019;23:00;00:00;245;0
24.11.2019;00:00;01:00;245;0
24.11.2019;01:00;02:00;245;0
24.11.2019;02:00;03:00;244;0
24.11.2019;03:00;04:00;245;0
24.11.2019;04:00;05:00;245;0
24.11.2019;05:00;06:00;246;0
24.11.2019;06:00;07:00;247;0
24.11.2019;07:00;08:00;244;0
24.11.2019;08:00;09:00;245;0
24.11.2019;09:00;10:00;245;0
24.11.2019;10:00;11:00;245;0
24.11.2019;11:00;12:00;246;0
24.11.2019;12:00;13:00;245;0
24.11.2019;13:00;14:00;245;0
24.11.2019;14:00;15:00;246;0
24.11.2019;15:00;16:00;309;0
24.11.2019;16:00;17:00;321;0
24.11.2019;17:00;18:00;320;0
24.11.2019;18:00;19:00;322;0
24.11.2019;19:00;20:00;320;0
24.11.2019;20:00;21:00;304;0
24.11.2019;21:00;22:00;241;0
24.11.2019;22:00;23:00;240;0
24.11.2019;23:00;00:00;239;0
25.11.2019;00:00;01:00;241;0
25.11.2019;01:00;02:00;248;0
25.11.2019;02:00;03:00;271;0
25.11.2019;03:00;04:00;275;0
25.11.2019;04:00;05:00;280;0
25.11.2019;05:00;06:00;309;34
25.11.2019;06:00;07:00;293;200
25.11.2019;07:00;08:00;312;261
25.11.2019;08:00;09:00;319;360
25.11.2019;09:00;10:00;314;374
25.11.2019;10:00;11:00;305;374
25.11.2019;11:00;12:00;301;373
25.11.2019;12:00;13:00;331;338
25.11.2019;13:00;14:00;395;328
25.11.2019;14:00;15:00;396;335
25.11.2019;15:00;16:00;397;334
25.11.2019;16:00;17:00;397;334
25.11.2019;17:00;18:00;398;334
25.11.2019;18:00;19:00;399;331
25.11.2019;19:00;20:00;397;337
25.11.2019;20:00;21:00;397;335
25.11.2019;21:00;22:00;396;338
25.11.2019;22:00;23:00;365;317
25.11.2019;23:00;00:00;298;249
26.11.2019;00:00;01:00;236;205
26.11.2019;01:00;02:00;228;201
26.11.2019;02:00;03:00;227;204
26.11.2019;03:00;04:00;228;200
26.11.2019;04:00;05:00;228;202
26.11.2019;05:00;06:00;234;205
26.11.2019;06:00;07:00;330;292
26.11.2019;07:00;08:00;383;323
26.11.2019;08:00;09:00;393;325
26.11.2019;09:00;10:00;393;327
26.11.2019;10:00;11:00;391;326
26.11.2019;11:00;12:00;365;309
26.11.2019;12:00;13:00;361;308
26.11.2019;13:00;14:00;344;289
26.11.2019;14:00;15:00;345;288
26.11.2019;15:00;16:00;376;331
26.11.2019;16:00;17:00;379;334
26.11.2019;17:00;18:00;380;327
26.11.2019;18:00;19:00;374;335
26.11.2019;19:00;20:00;379;332
26.11.2019;20:00;21:00;375;336
26.11.2019;21:00;22:00;267;276
26.11.2019;22:00;23:00;228;9
26.11.2019;23:00;00:00;235;0
27.11.2019;00:00;01:00;235;0
27.11.2019;01:00;02:00;233;0
27.11.2019;02:00;03:00;243;0
27.11.2019;03:00;04:00;237;0
27.11.2019;04:00;05:00;239;0
27.11.2019;05:00;06:00;237;0
27.11.2019;06:00;07:00;253;0
27.11.2019;07:00;08:00;247;2
27.11.2019;08:00;09:00;268;137
27.11.2019;09:00;10:00;320;323
27.11.2019;10:00;11:00;371;350
27.11.2019;11:00;12:00;373;350
27.11.2019;12:00;13:00;372;350
27.11.2019;13:00;14:00;371;351
27.11.2019;14:00;15:00;373;351
27.11.2019;15:00;16:00;373;348
27.11.2019;16:00;17:00;374;349
27.11.2019;17:00;18:00;380;350
27.11.2019;18:00;19:00;361;321
27.11.2019;19:00;20:00;316;238
27.11.2019;20:00;21:00;245;124
27.11.2019;21:00;22:00;251;0
27.11.2019;22:00;23:00;254;0
27.11.2019;23:00;00:00;257;0
28.11.2019;00:00;01:00;259;0
28.11.2019;01:00;02:00;258;0
28.11.2019;02:00;03:00;259;0
28.11.2019;03:00;04:00;258;0
28.11.2019;04:00;05:00;259;0
28.11.2019;05:00;06:00;264;0
28.11.2019;06:00;07:00;328;0
28.11.2019;07:00;08:00;328;83
28.11.2019;08:00;09:00;274;233
28.11.2019;09:00;10:00;256;294
28.11.2019;10:00;11:00;258;296
28.11.2019;11:00;12:00;256;277
28.11.2019;12:00;13:00;258;241
28.11.2019;13:00;14:00;258;242
28.11.2019;14:00;15:00;229;232
28.11.2019;15:00;16:00;319;5
28.11.2019;16:00;17:00;268;0
28.11.2019;17:00;18:00;246;0
28.11.2019;18:00;19:00;233;0
28.11.2019;19:00;20:00;235;0
28.11.2019;20:00;21:00;239;0
28.11.2019;21:00;22:00;239;0
28.11.2019;22:00;23:00;235;0
28.11.2019;23:00;00:00;229;0
29.11.2019;00:00;01:00;220;0
29.11.2019;01:00;02:00;222;0
29.11.2019;02:00;03:00;221;0
29.11.2019;03:00;04:00;220;0
29.11.2019;04:00;05:00;221;0
29.11.2019;05:00;06:00;220;0
29.11.2019;06:00;07:00;221;0
29.11.2019;07:00;08:00;221;0
29.11.2019;08:00;09:00;221;0
29.11.2019;09:00;10:00;224;0
29.11.2019;10:00;11:00;238;0
29.11.2019;11:00;12:00;239;0
29.11.2019;12:00;13:00;240;0
29.11.2019;13:00;14:00;240;0
29.11.2019;14:00;15:00;237;0
29.11.2019;15:00;16:00;236;0
29.11.2019;16:00;17:00;239;0
29.11.2019;17:00;18:00;248;172
29.11.2019;18:00;19:00;238;232
29.11.2019;19:00;20:00;220;238
29.11.2019;20:00;21:00;226;229
29.11.2019;21:00;22:00;231;230
29.11.2019;22:00;23:00;0;230
29.11.2019;23:00;00:00;0;168
30.11.2019;00:00;01:00;0;170
30.11.2019;01:00;02:00;0;176
30.11.2019;02:00;03:00;0;184
30.11.2019;03:00;04:00;0;188
30.11.2019;04:00;05:00;0;179
30.11.2019;05:00;06:00;0;181
30.11.2019;06:00;07:00;0;178
30.11.2019;07:00;08:00;0;178
30.11.2019;08:00;09:00;0;179
30.11.2019;09:00;10:00;0;292
30.11.2019;10:00;11:00;0;321
30.11.2019;11:00;12:00;0;313
30.11.2019;12:00;13:00;0;293
30.11.2019;13:00;14:00;0;286
30.11.2019;14:00;15:00;0;285
30.11.2019;15:00;16:00;0;317
30.11.2019;16:00;17:00;0;326
30.11.2019;17:00;18:00;0;324
30.11.2019;18:00;19:00;0;327
30.11.2019;19:00;20:00;0;328
30.11.2019;20:00;21:00;0;328
30.11.2019;21:00;22:00;0;308
30.11.2019;22:00;23:00;0;211
30.11.2019;23:00;00:00;0;193
01.12.2019;00:00;01:00;0;189
01.12.2019;01:00;02:00;0;187
01.12.2019;02:00;03:00;0;185
01.12.2019;03:00;04:00;0;181
01.12.2019;04:00;05:00;0;180
01.12.2019;05:00;06:00;0;181
01.12.2019;06:00;07:00;0;183
01.12.2019;07:00;08:00;0;180
01.12.2019;08:00;09:00;0;180
01.12.2019;09:00;10:00;0;182
01.12.2019;10:00;11:00;0;272
01.12.2019;11:00;12:00;0;317
01.12.2019;12:00;13:00;0;323
01.12.2019;13:00;14:00;0;323
01.12.2019;14:00;15:00;0;320
01.12.2019;15:00;16:00;0;317
01.12.2019;16:00;17:00;0;328
01.12.2019;17:00;18:00;0;326
01.12.2019;18:00;19:00;0;324
01.12.2019;19:00;20:00;0;318
01.12.2019;20:00;21:00;0;326
01.12.2019;21:00;22:00;0;326
01.12.2019;22:00;23:00;0;205
01.12.2019;23:00;00:00;0;159
02.12.2019;00:00;01:00;0;162
02.12.2019;01:00;02:00;0;162
02.12.2019;02:00;03:00;0;160
02.12.2019;03:00;04:00;0;162
02.12.2019;04:00;05:00;0;162
02.12.2019;05:00;06:00;0;175
02.12.2019;06:00;07:00;0;312
02.12.2019;07:00;08:00;0;322
02.12.2019;08:00;09:00;0;323
02.12.2019;09:00;10:00;0;325
02.12.2019;10:00;11:00;0;324
02.12.2019;11:00;12:00;0;323
02.12.2019;12:00;13:00;0;326
02.12.2019;13:00;14:00;0;324
02.12.2019;14:00;15:00;0;325
02.12.2019;15:00;16:00;0;325
02.12.2019;16:00;17:00;0;328
02.12.2019;17:00;18:00;0;325
02.12.2019;18:00;19:00;0;327
02.12.2019;19:00;20:00;0;326
02.12.2019;20:00;21:00;0;327
02.12.2019;21:00;22:00;0;326
02.12.2019;22:00;23:00;0;321
02.12.2019;23:00;00:00;0;209
03.12.2019;00:00;01:00;0;181
03.12.2019;01:00;02:00;0;182
03.12.2019;02:00;03:00;0;180
03.12.2019;03:00;04:00;0;181
03.12.2019;04:00;05:00;0;178
03.12.2019;05:00;06:00;0;181
03.12.2019;06:00;07:00;0;277
03.12.2019;07:00;08:00;0;351
03.12.2019;08:00;09:00;0;354
03.12.2019;09:00;10:00;0;360
03.12.2019;10:00;11:00;0;358
03.12.2019;11:00;12:00;0;356
03.12.2019;12:00;13:00;0;355
03.12.2019;13:00;14:00;0;360
03.12.2019;14:00;15:00;0;348
03.12.2019;15:00;16:00;0;325
03.12.2019;16:00;17:00;0;326
03.12.2019;17:00;18:00;0;325
03.12.2019;18:00;19:00;0;325
03.12.2019;19:00;20:00;0;325
03.12.2019;20:00;21:00;0;227
03.12.2019;21:00;22:00;0;214
03.12.2019;22:00;23:00;0;202
03.12.2019;23:00;00:00;0;184
04.12.2019;00:00;01:00;0;165
04.12.2019;01:00;02:00;0;179
04.12.2019;02:00;03:00;0;181
04.12.2019;03:00;04:00;0;182
04.12.2019;04:00;05:00;108;182
04.12.2019;05:00;06:00;215;159
04.12.2019;06:00;07:00;269;160
04.12.2019;07:00;08:00;317;262
04.12.2019;08:00;09:00;112;299
04.12.2019;09:00;10:00;0;334
04.12.2019;10:00;11:00;0;339
04.12.2019;11:00;12:00;0;343
04.12.2019;12:00;13:00;158;341
04.12.2019;13:00;14:00;344;339
04.12.2019;14:00;15:00;348;323
04.12.2019;15:00;16:00;391;330
04.12.2019;16:00;17:00;401;330
04.12.2019;17:00;18:00;396;328
04.12.2019;18:00;19:00;397;326
04.12.2019;19:00;20:00;403;333
04.12.2019;20:00;21:00;403;334
04.12.2019;21:00;22:00;401;325
04.12.2019;22:00;23:00;298;240
04.12.2019;23:00;00:00;218;184
05.12.2019;00:00;01:00;214;183
05.12.2019;01:00;02:00;204;187
05.12.2019;02:00;03:00;206;187
05.12.2019;03:00;04:00;204;187
05.12.2019;04:00;05:00;205;187
05.12.2019;05:00;06:00;206;183
05.12.2019;06:00;07:00;208;173
05.12.2019;07:00;08:00;278;228
05.12.2019;08:00;09:00;306;306
05.12.2019;09:00;10:00;290;31
05.12.2019;10:00;11:00;352;0
05.12.2019;11:00;12:00;346;0
05.12.2019;12:00;13:00;346;0
05.12.2019;13:00;14:00;351;0
05.12.2019;14:00;15:00;363;0
05.12.2019;15:00;16:00;362;4
05.12.2019;16:00;17:00;294;221
05.12.2019;17:00;18:00;249;255
05.12.2019;18:00;19:00;247;253
05.12.2019;19:00;20:00;248;213
05.12.2019;20:00;21:00;240;0
05.12.2019;21:00;22:00;238;0
05.12.2019;22:00;23:00;235;0
05.12.2019;23:00;00:00;233;0
06.12.2019;00:00;01:00;234;0
06.12.2019;01:00;02:00;233;0
06.12.2019;02:00;03:00;234;0
06.12.2019;03:00;04:00;230;0
06.12.2019;04:00;05:00;234;0
06.12.2019;05:00;06:00;234;0
06.12.2019;06:00;07:00;234;0
06.12.2019;07:00;08:00;308;0
06.12.2019;08:00;09:00;333;0
06.12.2019;09:00;10:00;267;0
06.12.2019;10:00;11:00;245;0
06.12.2019;11:00;12:00;235;0
06.12.2019;12:00;13:00;234;0
06.12.2019;13:00;14:00;236;0
06.12.2019;14:00;15:00;258;0
06.12.2019;15:00;16:00;324;0
06.12.2019;16:00;17:00;325;0
06.12.2019;17:00;18:00;327;0
06.12.2019;18:00;19:00;304;0
06.12.2019;19:00;20:00;245;0
06.12.2019;20:00;21:00;239;0
06.12.2019;21:00;22:00;240;0
06.12.2019;22:00;23:00;239;0
06.12.2019;23:00;00:00;241;0
07.12.2019;00:00;01:00;241;0
07.12.2019;01:00;02:00;240;0
07.12.2019;02:00;03:00;240;0
07.12.2019;03:00;04:00;239;0
07.12.2019;04:00;05:00;240;0
07.12.2019;05:00;06:00;240;0
07.12.2019;06:00;07:00;240;0
07.12.2019;07:00;08:00;240;0
07.12.2019;08:00;09:00;240;0
07.12.2019;09:00;10:00;241;0
07.12.2019;10:00;11:00;239;0
07.12.2019;11:00;12:00;240;0
07.12.2019;12:00;13:00;241;0
07.12.2019;13:00;14:00;240;0
07.12.2019;14:00;15:00;242;0
07.12.2019;15:00;16:00;241;0
07.12.2019;16:00;17:00;242;0
07.12.2019;17:00;18:00;229;0
07.12.2019;18:00;19:00;214;0
07.12.2019;19:00;20:00;213;0
07.12.2019;20:00;21:00;213;0
07.12.2019;21:00;22:00;212;0
07.12.2019;22:00;23:00;214;0
07.12.2019;23:00;00:00;213;0
08.12.2019;00:00;01:00;223;0
08.12.2019;01:00;02:00;241;0
08.12.2019;02:00;03:00;248;0
08.12.2019;03:00;04:00;249;0
08.12.2019;04:00;05:00;249;0
08.12.2019;05:00;06:00;250;0
08.12.2019;06:00;07:00;254;0
08.12.2019;07:00;08:00;259;0
08.12.2019;08:00;09:00;247;0
08.12.2019;09:00;10:00;246;0
08.12.2019;10:00;11:00;246;0
08.12.2019;11:00;12:00;246;0
08.12.2019;12:00;13:00;246;0
08.12.2019;13:00;14:00;245;0
08.12.2019;14:00;15:00;245;0
08.12.2019;15:00;16:00;246;0
08.12.2019;16:00;17:00;245;0
08.12.2019;17:00;18:00;246;0
08.12.2019;18:00;19:00;245;0
08.12.2019;19:00;20:00;245;0
08.12.2019;20:00;21:00;246;0
08.12.2019;21:00;22:00;245;0
08.12.2019;22:00;23:00;247;0
08.12.2019;23:00;00:00;246;0
09.12.2019;00:00;01:00;246;0
09.12.2019;01:00;02:00;246;0
09.12.2019;02:00;03:00;244;0
09.12.2019;03:00;04:00;246;0
09.12.2019;04:00;05:00;245;0
09.12.2019;05:00;06:00;245;0
09.12.2019;06:00;07:00;245;0
09.12.2019;07:00;08:00;244;0
09.12.2019;08:00;09:00;247;0
09.12.2019;09:00;10:00;246;0
09.12.2019;10:00;11:00;245;0
09.12.2019;11:00;12:00;245;0
09.12.2019;12:00;13:00;246;0
09.12.2019;13:00;14:00;247;0
09.12.2019;14:00;15:00;296;0
09.12.2019;15:00;16:00;323;0
09.12.2019;16:00;17:00;324;0
09.12.2019;17:00;18:00;324;0
09.12.2019;18:00;19:00;323;0
09.12.2019;19:00;20:00;322;0
09.12.2019;20:00;21:00;273;0
09.12.2019;21:00;22:00;246;0
09.12.2019;22:00;23:00;245;0
09.12.2019;23:00;00:00;245;0
10.12.2019;00:00;01:00;245;0
10.12.2019;01:00;02:00;246;0
10.12.2019;02:00;03:00;245;0
10.12.2019;03:00;04:00;245;0
10.12.2019;04:00;05:00;245;0
10.12.2019;05:00;06:00;245;0
10.12.2019;06:00;07:00;307;0
10.12.2019;07:00;08:00;325;0
10.12.2019;08:00;09:00;324;0
10.12.2019;09:00;10:00;328;0
10.12.2019;10:00;11:00;326;0
10.12.2019;11:00;12:00;330;0
10.12.2019;12:00;13:00;331;0
10.12.2019;13:00;14:00;330;0
10.12.2019;14:00;15:00;307;0
10.12.2019;15:00;16:00;306;0
10.12.2019;16:00;17:00;306;0
10.12.2019;17:00;18:00;303;0
10.12.2019;18:00;19:00;254;0
10.12.2019;19:00;20:00;250;0
10.12.2019;20:00;21:00;248;0
10.12.2019;21:00;22:00;249;0
10.12.2019;22:00;23:00;249;0
10.12.2019;23:00;00:00;249;0
11.12.2019;00:00;01:00;251;0
11.12.2019;01:00;02:00;248;0
11.12.2019;02:00;03:00;249;0
11.12.2019;03:00;04:00;249;0
11.12.2019;04:00;05:00;250;0
11.12.2019;05:00;06:00;250;0
11.12.2019;06:00;07:00;238;0
11.12.2019;07:00;08:00;315;0
11.12.2019;08:00;09:00;358;0
11.12.2019;09:00;10:00;364;0
11.12.2019;10:00;11:00;367;0
11.12.2019;11:00;12:00;367;0
11.12.2019;12:00;13:00;367;0
11.12.2019;13:00;14:00;368;0
11.12.2019;14:00;15:00;366;0
11.12.2019;15:00;16:00;358;0
11.12.2019;16:00;17:00;356;0
11.12.2019;17:00;18:00;356;0
11.12.2019;18:00;19:00;356;0
11.12.2019;19:00;20:00;355;0
11.12.2019;20:00;21:00;355;0
11.12.2019;21:00;22:00;352;0
11.12.2019;22:00;23:00;343;0
11.12.2019;23:00;00:00;258;0
12.12.2019;00:00;01:00;246;0
12.12.2019;01:00;02:00;244;0
12.12.2019;02:00;03:00;244;0
12.12.2019;03:00;04:00;245;0
12.12.2019;04:00;05:00;245;0
12.12.2019;05:00;06:00;248;0
12.12.2019;06:00;07:00;336;0
12.12.2019;07:00;08:00;356;0
12.12.2019;08:00;09:00;355;0
12.12.2019;09:00;10:00;356;0
12.12.2019;10:00;11:00;354;0
12.12.2019;11:00;12:00;358;0
12.12.2019;12:00;13:00;362;0
12.12.2019;13:00;14:00;362;0
12.12.2019;14:00;15:00;361;0
12.12.2019;15:00;16:00;359;0
12.12.2019;16:00;17:00;361;0
12.12.2019;17:00;18:00;360;0
12.12.2019;18:00;19:00;313;0
12.12.2019;19:00;20:00;246;0
12.12.2019;20:00;21:00;238;0
12.12.2019;21:00;22:00;241;0
12.12.2019;22:00;23:00;247;0
12.12.2019;23:00;00:00;244;0
13.12.2019;00:00;01:00;245;0
13.12.2019;01:00;02:00;245;0
13.12.2019;02:00;03:00;244;0
13.12.2019;03:00;04:00;244;0
13.12.2019;04:00;05:00;245;0
13.12.2019;05:00;06:00;244;0
13.12.2019;06:00;07:00;235;0
13.12.2019;07:00;08:00;230;0
13.12.2019;08:00;09:00;310;0
13.12.2019;09:00;10:00;345;0
13.12.2019;10:00;11:00;356;0
13.12.2019;11:00;12:00;354;0
13.12.2019;12:00;13:00;355;0
13.12.2019;13:00;14:00;357;0
13.12.2019;14:00;15:00;356;0
13.12.2019;15:00;16:00;356;0
13.12.2019;16:00;17:00;351;0
13.12.2019;17:00;18:00;354;0
13.12.2019;18:00;19:00;351;0
13.12.2019;19:00;20:00;275;0
13.12.2019;20:00;21:00;244;0
13.12.2019;21:00;22:00;243;0
13.12.2019;22:00;23:00;232;0
13.12.2019;23:00;00:00;238;0
14.12.2019;00:00;01:00;233;0
14.12.2019;01:00;02:00;221;0
14.12.2019;02:00;03:00;223;0
14.12.2019;03:00;04:00;222;0
14.12.2019;04:00;05:00;222;0
14.12.2019;05:00;06:00;223;0
14.12.2019;06:00;07:00;221;0
14.12.2019;07:00;08:00;215;0
14.12.2019;08:00;09:00;218;0
14.12.2019;09:00;10:00;218;0
14.12.2019;10:00;11:00;218;0
14.12.2019;11:00;12:00;219;0
14.12.2019;12:00;13:00;219;0
14.12.2019;13:00;14:00;219;0
14.12.2019;14:00;15:00;219;0
14.12.2019;15:00;16:00;219;0
14.12.2019;16:00;17:00;236;0
14.12.2019;17:00;18:00;234;0
14.12.2019;18:00;19:00;232;0
14.12.2019;19:00;20:00;227;0
14.12.2019;20:00;21:00;226;0
14.12.2019;21:00;22:00;227;0
14.12.2019;22:00;23:00;228;0
14.12.2019;23:00;00:00;228;0
15.12.2019;00:00;01:00;229;0
15.12.2019;01:00;02:00;230;0
15.12.2019;02:00;03:00;229;0
15.12.2019;03:00;04:00;229;0
15.12.2019;04:00;05:00;229;0
15.12.2019;05:00;06:00;231;0
15.12.2019;06:00;07:00;236;0
15.12.2019;07:00;08:00;244;0
15.12.2019;08:00;09:00;230;0
15.12.2019;09:00;10:00;224;0
15.12.2019;10:00;11:00;222;0
15.12.2019;11:00;12:00;225;0
15.12.2019;12:00;13:00;227;0
15.12.2019;13:00;14:00;227;0
15.12.2019;14:00;15:00;226;0
15.12.2019;15:00;16:00;227;0
15.12.2019;16:00;17:00;221;0
15.12.2019;17:00;18:00;223;0
15.12.2019;18:00;19:00;223;0
15.12.2019;19:00;20:00;223;0
15.12.2019;20:00;21:00;222;0
15.12.2019;21:00;22:00;222;0
15.12.2019;22:00;23:00;222;0
15.12.2019;23:00;00:00;223;0
16.12.2019;00:00;01:00;224;0
16.12.2019;01:00;02:00;224;0
16.12.2019;02:00;03:00;223;0
16.12.2019;03:00;04:00;223;0
16.12.2019;04:00;05:00;223;0
16.12.2019;05:00;06:00;224;0
16.12.2019;06:00;07:00;223;0
16.12.2019;07:00;08:00;233;0
16.12.2019;08:00;09:00;219;0
16.12.2019;09:00;10:00;220;0
16.12.2019;10:00;11:00;221;0
16.12.2019;11:00;12:00;223;0
16.12.2019;12:00;13:00;223;0
16.12.2019;13:00;14:00;271;0
16.12.2019;14:00;15:00;305;0
16.12.2019;15:00;16:00;304;0
16.12.2019;16:00;17:00;304;0
16.12.2019;17:00;18:00;305;0
16.12.2019;18:00;19:00;306;0
16.12.2019;19:00;20:00;300;0
16.12.2019;20:00;21:00;240;0
16.12.2019;21:00;22:00;236;0
16.12.2019;22:00;23:00;237;0
16.12.2019;23:00;00:00;236;0
17.12.2019;00:00;01:00;236;0
17.12.2019;01:00;02:00;236;0
17.12.2019;02:00;03:00;236;0
17.12.2019;03:00;04:00;235;0
17.12.2019;04:00;05:00;237;0
17.12.2019;05:00;06:00;237;0
17.12.2019;06:00;07:00;231;0
17.12.2019;07:00;08:00;222;0
17.12.2019;08:00;09:00;222;0
17.12.2019;09:00;10:00;220;0
17.12.2019;10:00;11:00;219;0
17.12.2019;11:00;12:00;212;0
17.12.2019;12:00;13:00;204;0
17.12.2019;13:00;14:00;207;0
17.12.2019;14:00;15:00;209;0
17.12.2019;15:00;16:00;214;0
17.12.2019;16:00;17:00;214;0
17.12.2019;17:00;18:00;213;0
17.12.2019;18:00;19:00;213;0
17.12.2019;19:00;20:00;213;0
17.12.2019;20:00;21:00;213;0
17.12.2019;21:00;22:00;212;0
17.12.2019;22:00;23:00;214;0
17.12.2019;23:00;00:00;213;0
18.12.2019;00:00;01:00;214;0
18.12.2019;01:00;02:00;213;0
18.12.2019;02:00;03:00;213;0
18.12.2019;03:00;04:00;213;0
18.12.2019;04:00;05:00;213;0
18.12.2019;05:00;06:00;212;0
18.12.2019;06:00;07:00;208;0
18.12.2019;07:00;08:00;208;0
18.12.2019;08:00;09:00;282;0
18.12.2019;09:00;10:00;305;0
18.12.2019;10:00;11:00;319;0
18.12.2019;11:00;12:00;323;0
18.12.2019;12:00;13:00;323;0
18.12.2019;13:00;14:00;251;0
18.12.2019;14:00;15:00;236;0
18.12.2019;15:00;16:00;246;0
18.12.2019;16:00;17:00;291;0
18.12.2019;17:00;18:00;301;0
18.12.2019;18:00;19:00;281;0
18.12.2019;19:00;20:00;227;0
18.12.2019;20:00;21:00;215;0
18.12.2019;21:00;22:00;216;0
18.12.2019;22:00;23:00;224;0
18.12.2019;23:00;00:00;212;0
19.12.2019;00:00;01:00;215;0
19.12.2019;01:00;02:00;212;0
19.12.2019;02:00;03:00;215;0
19.12.2019;03:00;04:00;215;0
19.12.2019;04:00;05:00;215;0
19.12.2019;05:00;06:00;214;0
19.12.2019;06:00;07:00;214;0
19.12.2019;07:00;08:00;218;0
19.12.2019;08:00;09:00;247;0
19.12.2019;09:00;10:00;238;0
19.12.2019;10:00;11:00;233;0
19.12.2019;11:00;12:00;223;0
19.12.2019;12:00;13:00;218;0
19.12.2019;13:00;14:00;217;0
19.12.2019;14:00;15:00;233;0
19.12.2019;15:00;16:00;237;0
19.12.2019;16:00;17:00;224;0
19.12.2019;17:00;18:00;227;0
19.12.2019;18:00;19:00;230;0
19.12.2019;19:00;20:00;225;0
19.12.2019;20:00;21:00;228;0
19.12.2019;21:00;22:00;229;0
19.12.2019;22:00;23:00;229;0
19.12.2019;23:00;00:00;229;0
20.12.2019;00:00;01:00;228;0
20.12.2019;01:00;02:00;229;0
20.12.2019;02:00;03:00;228;0
20.12.2019;03:00;04:00;228;0
20.12.2019;04:00;05:00;229;0
20.12.2019;05:00;06:00;230;0
20.12.2019;06:00;07:00;229;0
20.12.2019;07:00;08:00;225;0
20.12.2019;08:00;09:00;217;0
20.12.2019;09:00;10:00;213;0
20.12.2019;10:00;11:00;214;0
20.12.2019;11:00;12:00;214;0
20.12.2019;12:00;13:00;214;0
20.12.2019;13:00;14:00;214;0
20.12.2019;14:00;15:00;214;0
20.12.2019;15:00;16:00;214;0
20.12.2019;16:00;17:00;214;0
20.12.2019;17:00;18:00;215;0
20.12.2019;18:00;19:00;214;0
20.12.2019;19:00;20:00;214;0
20.12.2019;20:00;21:00;215;0
20.12.2019;21:00;22:00;214;0
20.12.2019;22:00;23:00;216;0
20.12.2019;23:00;00:00;210;0
21.12.2019;00:00;01:00;210;0
21.12.2019;01:00;02:00;209;0
21.12.2019;02:00;03:00;207;0
21.12.2019;03:00;04:00;202;0
21.12.2019;04:00;05:00;202;0
21.12.2019;05:00;06:00;201;0
21.12.2019;06:00;07:00;202;0
21.12.2019;07:00;08:00;201;0
21.12.2019;08:00;09:00;201;0
21.12.2019;09:00;10:00;200;0
21.12.2019;10:00;11:00;202;0
21.12.2019;11:00;12:00;203;0
21.12.2019;12:00;13:00;201;0
21.12.2019;13:00;14:00;202;0
21.12.2019;14:00;15:00;203;0
21.12.2019;15:00;16:00;202;0
21.12.2019;16:00;17:00;202;0
21.12.2019;17:00;18:00;204;0
21.12.2019;18:00;19:00;203;0
21.12.2019;19:00;20:00;204;0
21.12.2019;20:00;21:00;203;0
21.12.2019;21:00;22:00;203;0
21.12.2019;22:00;23:00;204;0
21.12.2019;23:00;00:00;204;0
22.12.2019;00:00;01:00;228;0
22.12.2019;01:00;02:00;238;0
22.12.2019;02:00;03:00;237;0
22.12.2019;03:00;04:00;234;0
22.12.2019;04:00;05:00;231;0
22.12.2019;05:00;06:00;230;0
22.12.2019;06:00;07:00;231;0
22.12.2019;07:00;08:00;231;0
22.12.2019;08:00;09:00;220;0
22.12.2019;09:00;10:00;217;0
22.12.2019;10:00;11:00;214;0
22.12.2019;11:00;12:00;216;0
22.12.2019;12:00;13:00;215;0
22.12.2019;13:00;14:00;216;0
22.12.2019;14:00;15:00;214;0
22.12.2019;15:00;16:00;215;0
22.12.2019;16:00;17:00;214;0
22.12.2019;17:00;18:00;213;0
22.12.2019;18:00;19:00;211;0
22.12.2019;19:00;20:00;209;0
22.12.2019;20:00;21:00;207;0
22.12.2019;21:00;22:00;207;0
22.12.2019;22:00;23:00;206;0
22.12.2019;23:00;00:00;215;0
23.12.2019;00:00;01:00;235;0
23.12.2019;01:00;02:00;235;0
23.12.2019;02:00;03:00;235;0
23.12.2019;03:00;04:00;235;0
23.12.2019;04:00;05:00;234;0
23.12.2019;05:00;06:00;231;0
23.12.2019;06:00;07:00;225;0
23.12.2019;07:00;08:00;223;0
23.12.2019;08:00;09:00;223;0
23.12.2019;09:00;10:00;223;0
23.12.2019;10:00;11:00;219;0
23.12.2019;11:00;12:00;218;0
23.12.2019;12:00;13:00;218;0
23.12.2019;13:00;14:00;219;0
23.12.2019;14:00;15:00;218;0
23.12.2019;15:00;16:00;219;0
23.12.2019;16:00;17:00;219;0
23.12.2019;17:00;18:00;218;0
23.12.2019;18:00;19:00;218;0
23.12.2019;19:00;20:00;218;0
23.12.2019;20:00;21:00;219;0
23.12.2019;21:00;22:00;217;0
23.12.2019;22:00;23:00;220;0
23.12.2019;23:00;00:00;218;0
24.12.2019;00:00;01:00;218;0
24.12.2019;01:00;02:00;219;0
24.12.2019;02:00;03:00;218;0
24.12.2019;03:00;04:00;218;0
24.12.2019;04:00;05:00;218;0
24.12.2019;05:00;06:00;219;0
24.12.2019;06:00;07:00;218;0
24.12.2019;07:00;08:00;219;0
24.12.2019;08:00;09:00;218;0
24.12.2019;09:00;10:00;218;0
24.12.2019;10:00;11:00;218;0
24.12.2019;11:00;12:00;218;0
24.12.2019;12:00;13:00;217;0
24.12.2019;13:00;14:00;218;0
24.12.2019;14:00;15:00;219;0
24.12.2019;15:00;16:00;217;0
24.12.2019;16:00;17:00;219;0
24.12.2019;17:00;18:00;218;0
24.12.2019;18:00;19:00;219;0
24.12.2019;19:00;20:00;217;0
24.12.2019;20:00;21:00;217;0
24.12.2019;21:00;22:00;219;0
24.12.2019;22:00;23:00;217;0
24.12.2019;23:00;00:00;221;0
25.12.2019;00:00;01:00;235;0
25.12.2019;01:00;02:00;237;0
25.12.2019;02:00;03:00;233;0
25.12.2019;03:00;04:00;236;0
25.12.2019;04:00;05:00;236;0
25.12.2019;05:00;06:00;237;0
25.12.2019;06:00;07:00;237;0
25.12.2019;07:00;08:00;235;0
25.12.2019;08:00;09:00;225;0
25.12.2019;09:00;10:00;218;0
25.12.2019;10:00;11:00;219;0
25.12.2019;11:00;12:00;218;0
25.12.2019;12:00;13:00;217;0
25.12.2019;13:00;14:00;218;0
25.12.2019;14:00;15:00;219;0
25.12.2019;15:00;16:00;217;0
25.12.2019;16:00;17:00;218;0
25.12.2019;17:00;18:00;218;0
25.12.2019;18:00;19:00;218;0
25.12.2019;19:00;20:00;218;0
25.12.2019;20:00;21:00;218;0
25.12.2019;21:00;22:00;217;0
25.12.2019;22:00;23:00;218;0
25.12.2019;23:00;00:00;222;0
26.12.2019;00:00;01:00;230;0
26.12.2019;01:00;02:00;233;0
26.12.2019;02:00;03:00;229;0
26.12.2019;03:00;04:00;231;0
26.12.2019;04:00;05:00;233;0
26.12.2019;05:00;06:00;232;0
26.12.2019;06:00;07:00;231;0
26.12.2019;07:00;08:00;232;0
26.12.2019;08:00;09:00;221;0
26.12.2019;09:00;10:00;218;0
26.12.2019;10:00;11:00;218;0
26.12.2019;11:00;12:00;218;0
26.12.2019;12:00;13:00;218;0
26.12.2019;13:00;14:00;218;0
26.12.2019;14:00;15:00;218;0
26.12.2019;15:00;16:00;218;0
26.12.2019;16:00;17:00;219;0
26.12.2019;17:00;18:00;218;0
26.12.2019;18:00;19:00;218;0
26.12.2019;19:00;20:00;218;0
26.12.2019;20:00;21:00;218;0
26.12.2019;21:00;22:00;219;0
26.12.2019;22:00;23:00;218;0
26.12.2019;23:00;00:00;222;0
27.12.2019;00:00;01:00;228;0
27.12.2019;01:00;02:00;232;0
27.12.2019;02:00;03:00;229;0
27.12.2019;03:00;04:00;231;0
27.12.2019;04:00;05:00;231;0
27.12.2019;05:00;06:00;227;0
27.12.2019;06:00;07:00;216;0
27.12.2019;07:00;08:00;212;0
27.12.2019;08:00;09:00;212;0
27.12.2019;09:00;10:00;214;0
27.12.2019;10:00;11:00;213;0
27.12.2019;11:00;12:00;212;0
27.12.2019;12:00;13:00;213;0
27.12.2019;13:00;14:00;212;0
27.12.2019;14:00;15:00;213;0
27.12.2019;15:00;16:00;213;0
27.12.2019;16:00;17:00;214;0
27.12.2019;17:00;18:00;213;0
27.12.2019;18:00;19:00;213;0
27.12.2019;19:00;20:00;213;0
27.12.2019;20:00;21:00;212;0
27.12.2019;21:00;22:00;212;0
27.12.2019;22:00;23:00;213;0
27.12.2019;23:00;00:00;213;0
28.12.2019;00:00;01:00;212;0
28.12.2019;01:00;02:00;213;0
28.12.2019;02:00;03:00;213;0
28.12.2019;03:00;04:00;221;0
28.12.2019;04:00;05:00;231;0
28.12.2019;05:00;06:00;225;0
28.12.2019;06:00;07:00;228;0
28.12.2019;07:00;08:00;230;0
28.12.2019;08:00;09:00;231;0
28.12.2019;09:00;10:00;226;0
28.12.2019;10:00;11:00;225;0
28.12.2019;11:00;12:00;226;0
28.12.2019;12:00;13:00;226;0
28.12.2019;13:00;14:00;225;0
28.12.2019;14:00;15:00;227;0
28.12.2019;15:00;16:00;224;0
28.12.2019;16:00;17:00;227;0
28.12.2019;17:00;18:00;227;0
28.12.2019;18:00;19:00;226;0
28.12.2019;19:00;20:00;226;0
28.12.2019;20:00;21:00;225;0
28.12.2019;21:00;22:00;230;0
28.12.2019;22:00;23:00;220;0
28.12.2019;23:00;00:00;220;0
29.12.2019;00:00;01:00;223;0
29.12.2019;01:00;02:00;223;0
29.12.2019;02:00;03:00;221;0
29.12.2019;03:00;04:00;219;0
29.12.2019;04:00;05:00;218;0
29.12.2019;05:00;06:00;217;0
29.12.2019;06:00;07:00;218;0
29.12.2019;07:00;08:00;218;0
29.12.2019;08:00;09:00;226;0
29.12.2019;09:00;10:00;227;0
29.12.2019;10:00;11:00;231;0
29.12.2019;11:00;12:00;224;0
29.12.2019;12:00;13:00;223;0
29.12.2019;13:00;14:00;223;0
29.12.2019;14:00;15:00;221;0
29.12.2019;15:00;16:00;222;0
29.12.2019;16:00;17:00;223;0
29.12.2019;17:00;18:00;221;0
29.12.2019;18:00;19:00;223;0
29.12.2019;19:00;20:00;220;0
29.12.2019;20:00;21:00;222;0
29.12.2019;21:00;22:00;217;0
29.12.2019;22:00;23:00;217;0
29.12.2019;23:00;00:00;223;0
30.12.2019;00:00;01:00;223;0
30.12.2019;01:00;02:00;223;0
30.12.2019;02:00;03:00;222;0
30.12.2019;03:00;04:00;223;0
30.12.2019;04:00;05:00;222;0
30.12.2019;05:00;06:00;226;0
30.12.2019;06:00;07:00;224;0
30.12.2019;07:00;08:00;225;0
30.12.2019;08:00;09:00;226;0
30.12.2019;09:00;10:00;226;0
30.12.2019;10:00;11:00;231;0
30.12.2019;11:00;12:00;225;0
30.12.2019;12:00;13:00;222;0
30.12.2019;13:00;14:00;223;0
30.12.2019;14:00;15:00;222;0
30.12.2019;15:00;16:00;224;0
30.12.2019;16:00;17:00;223;0
30.12.2019;17:00;18:00;221;0
30.12.2019;18:00;19:00;222;0
30.12.2019;19:00;20:00;221;0
30.12.2019;20:00;21:00;221;0
30.12.2019;21:00;22:00;222;0
30.12.2019;22:00;23:00;223;0
30.12.2019;23:00;00:00;221;0
31.12.2019;00:00;01:00;221;0
31.12.2019;01:00;02:00;221;0
31.12.2019;02:00;03:00;222;0
31.12.2019;03:00;04:00;220;0
31.12.2019;04:00;05:00;222;0
31.12.2019;05:00;06:00;222;0
31.12.2019;06:00;07:00;222;0
31.12.2019;07:00;08:00;221;0
31.12.2019;08:00;09:00;222;0
31.12.2019;09:00;10:00;223;0
31.12.2019;10:00;11:00;223;0
31.12.2019;11:00;12:00;222;0
31.12.2019;12:00;13:00;222;0
31.12.2019;13:00;14:00;222;0
31.12.2019;14:00;15:00;223;0
31.12.2019;15:00;16:00;224;0
31.12.2019;16:00;17:00;222;0
31.12.2019;17:00;18:00;223;0
31.12.2019;18:00;19:00;221;0
31.12.2019;19:00;20:00;221;0
31.12.2019;20:00;21:00;223;0
31.12.2019;21:00;22:00;221;0
31.12.2019;22:00;23:00;223;0
31.12.2019;23:00;00:00;223;0
