Datum;Anfang;Ende;Generation_DE  [MW] Originalauflösungen
01.01.2023;00:00;01:00;0
01.01.2023;01:00;02:00;0
01.01.2023;02:00;03:00;0
01.01.2023;03:00;04:00;0
01.01.2023;04:00;05:00;0
01.01.2023;05:00;06:00;0
01.01.2023;06:00;07:00;0
01.01.2023;07:00;08:00;0
01.01.2023;08:00;09:00;0
01.01.2023;09:00;10:00;0
01.01.2023;10:00;11:00;0
01.01.2023;11:00;12:00;0
01.01.2023;12:00;13:00;0
01.01.2023;13:00;14:00;0
01.01.2023;14:00;15:00;0
01.01.2023;15:00;16:00;0
01.01.2023;16:00;17:00;0
01.01.2023;17:00;18:00;0
01.01.2023;18:00;19:00;0
01.01.2023;19:00;20:00;0
01.01.2023;20:00;21:00;0
01.01.2023;21:00;22:00;0
01.01.2023;22:00;23:00;0
01.01.2023;23:00;00:00;0
02.01.2023;00:00;01:00;0
02.01.2023;01:00;02:00;0
02.01.2023;02:00;03:00;0
02.01.2023;03:00;04:00;0
02.01.2023;04:00;05:00;0
02.01.2023;05:00;06:00;0
02.01.2023;06:00;07:00;0
02.01.2023;07:00;08:00;0
02.01.2023;08:00;09:00;0
02.01.2023;09:00;10:00;0
02.01.2023;10:00;11:00;0
02.01.2023;11:00;12:00;0
02.01.2023;12:00;13:00;0
02.01.2023;13:00;14:00;0
02.01.2023;14:00;15:00;0
02.01.2023;15:00;16:00;0
02.01.2023;16:00;17:00;0
02.01.2023;17:00;18:00;0
02.01.2023;18:00;19:00;0
02.01.2023;19:00;20:00;0
02.01.2023;20:00;21:00;0
02.01.2023;21:00;22:00;0
02.01.2023;22:00;23:00;0
02.01.2023;23:00;00:00;0
03.01.2023;00:00;01:00;0
03.01.2023;01:00;02:00;0
03.01.2023;02:00;03:00;0
03.01.2023;03:00;04:00;0
03.01.2023;04:00;05:00;0
03.01.2023;05:00;06:00;0
03.01.2023;06:00;07:00;0
03.01.2023;07:00;08:00;0
03.01.2023;08:00;09:00;0
03.01.2023;09:00;10:00;0
03.01.2023;10:00;11:00;0
03.01.2023;11:00;12:00;0
03.01.2023;12:00;13:00;0
03.01.2023;13:00;14:00;0
03.01.2023;14:00;15:00;0
03.01.2023;15:00;16:00;0
03.01.2023;16:00;17:00;0
03.01.2023;17:00;18:00;0
03.01.2023;18:00;19:00;0
03.01.2023;19:00;20:00;0
03.01.2023;20:00;21:00;0
03.01.2023;21:00;22:00;0
03.01.2023;22:00;23:00;0
03.01.2023;23:00;00:00;52
04.01.2023;00:00;01:00;82
04.01.2023;01:00;02:00;110
04.01.2023;02:00;03:00;189
04.01.2023;03:00;04:00;201
04.01.2023;04:00;05:00;200
04.01.2023;05:00;06:00;200
04.01.2023;06:00;07:00;200
04.01.2023;07:00;08:00;200
04.01.2023;08:00;09:00;200
04.01.2023;09:00;10:00;200
04.01.2023;10:00;11:00;200
04.01.2023;11:00;12:00;201
04.01.2023;12:00;13:00;200
04.01.2023;13:00;14:00;200
04.01.2023;14:00;15:00;201
04.01.2023;15:00;16:00;201
04.01.2023;16:00;17:00;200
04.01.2023;17:00;18:00;200
04.01.2023;18:00;19:00;200
04.01.2023;19:00;20:00;200
04.01.2023;20:00;21:00;201
04.01.2023;21:00;22:00;200
04.01.2023;22:00;23:00;201
04.01.2023;23:00;00:00;200
05.01.2023;00:00;01:00;130
05.01.2023;01:00;02:00;39
05.01.2023;02:00;03:00;0
05.01.2023;03:00;04:00;0
05.01.2023;04:00;05:00;0
05.01.2023;05:00;06:00;0
05.01.2023;06:00;07:00;0
05.01.2023;07:00;08:00;0
05.01.2023;08:00;09:00;0
05.01.2023;09:00;10:00;0
05.01.2023;10:00;11:00;0
05.01.2023;11:00;12:00;0
05.01.2023;12:00;13:00;0
05.01.2023;13:00;14:00;0
05.01.2023;14:00;15:00;0
05.01.2023;15:00;16:00;0
05.01.2023;16:00;17:00;0
05.01.2023;17:00;18:00;0
05.01.2023;18:00;19:00;0
05.01.2023;19:00;20:00;0
05.01.2023;20:00;21:00;0
05.01.2023;21:00;22:00;0
05.01.2023;22:00;23:00;0
05.01.2023;23:00;00:00;0
06.01.2023;00:00;01:00;0
06.01.2023;01:00;02:00;0
06.01.2023;02:00;03:00;0
06.01.2023;03:00;04:00;0
06.01.2023;04:00;05:00;0
06.01.2023;05:00;06:00;0
06.01.2023;06:00;07:00;0
06.01.2023;07:00;08:00;0
06.01.2023;08:00;09:00;0
06.01.2023;09:00;10:00;0
06.01.2023;10:00;11:00;0
06.01.2023;11:00;12:00;0
06.01.2023;12:00;13:00;0
06.01.2023;13:00;14:00;0
06.01.2023;14:00;15:00;0
06.01.2023;15:00;16:00;0
06.01.2023;16:00;17:00;0
06.01.2023;17:00;18:00;0
06.01.2023;18:00;19:00;0
06.01.2023;19:00;20:00;0
06.01.2023;20:00;21:00;0
06.01.2023;21:00;22:00;0
06.01.2023;22:00;23:00;0
06.01.2023;23:00;00:00;0
07.01.2023;00:00;01:00;0
07.01.2023;01:00;02:00;0
07.01.2023;02:00;03:00;0
07.01.2023;03:00;04:00;0
07.01.2023;04:00;05:00;0
07.01.2023;05:00;06:00;0
07.01.2023;06:00;07:00;0
07.01.2023;07:00;08:00;0
07.01.2023;08:00;09:00;0
07.01.2023;09:00;10:00;0
07.01.2023;10:00;11:00;0
07.01.2023;11:00;12:00;0
07.01.2023;12:00;13:00;0
07.01.2023;13:00;14:00;0
07.01.2023;14:00;15:00;0
07.01.2023;15:00;16:00;0
07.01.2023;16:00;17:00;0
07.01.2023;17:00;18:00;0
07.01.2023;18:00;19:00;0
07.01.2023;19:00;20:00;0
07.01.2023;20:00;21:00;0
07.01.2023;21:00;22:00;0
07.01.2023;22:00;23:00;0
07.01.2023;23:00;00:00;0
08.01.2023;00:00;01:00;0
08.01.2023;01:00;02:00;0
08.01.2023;02:00;03:00;0
08.01.2023;03:00;04:00;0
08.01.2023;04:00;05:00;0
08.01.2023;05:00;06:00;0
08.01.2023;06:00;07:00;0
08.01.2023;07:00;08:00;0
08.01.2023;08:00;09:00;0
08.01.2023;09:00;10:00;0
08.01.2023;10:00;11:00;0
08.01.2023;11:00;12:00;0
08.01.2023;12:00;13:00;0
08.01.2023;13:00;14:00;0
08.01.2023;14:00;15:00;0
08.01.2023;15:00;16:00;0
08.01.2023;16:00;17:00;0
08.01.2023;17:00;18:00;0
08.01.2023;18:00;19:00;0
08.01.2023;19:00;20:00;0
08.01.2023;20:00;21:00;0
08.01.2023;21:00;22:00;0
08.01.2023;22:00;23:00;0
08.01.2023;23:00;00:00;0
09.01.2023;00:00;01:00;0
09.01.2023;01:00;02:00;0
09.01.2023;02:00;03:00;0
09.01.2023;03:00;04:00;0
09.01.2023;04:00;05:00;0
09.01.2023;05:00;06:00;0
09.01.2023;06:00;07:00;0
09.01.2023;07:00;08:00;0
09.01.2023;08:00;09:00;0
09.01.2023;09:00;10:00;0
09.01.2023;10:00;11:00;0
09.01.2023;11:00;12:00;0
09.01.2023;12:00;13:00;0
09.01.2023;13:00;14:00;0
09.01.2023;14:00;15:00;0
09.01.2023;15:00;16:00;0
09.01.2023;16:00;17:00;0
09.01.2023;17:00;18:00;0
09.01.2023;18:00;19:00;0
09.01.2023;19:00;20:00;0
09.01.2023;20:00;21:00;0
09.01.2023;21:00;22:00;0
09.01.2023;22:00;23:00;0
09.01.2023;23:00;00:00;0
10.01.2023;00:00;01:00;0
10.01.2023;01:00;02:00;0
10.01.2023;02:00;03:00;0
10.01.2023;03:00;04:00;0
10.01.2023;04:00;05:00;0
10.01.2023;05:00;06:00;0
10.01.2023;06:00;07:00;0
10.01.2023;07:00;08:00;0
10.01.2023;08:00;09:00;0
10.01.2023;09:00;10:00;0
10.01.2023;10:00;11:00;0
10.01.2023;11:00;12:00;0
10.01.2023;12:00;13:00;0
10.01.2023;13:00;14:00;0
10.01.2023;14:00;15:00;0
10.01.2023;15:00;16:00;0
10.01.2023;16:00;17:00;0
10.01.2023;17:00;18:00;0
10.01.2023;18:00;19:00;0
10.01.2023;19:00;20:00;0
10.01.2023;20:00;21:00;0
10.01.2023;21:00;22:00;0
10.01.2023;22:00;23:00;0
10.01.2023;23:00;00:00;0
11.01.2023;00:00;01:00;0
11.01.2023;01:00;02:00;0
11.01.2023;02:00;03:00;0
11.01.2023;03:00;04:00;0
11.01.2023;04:00;05:00;0
11.01.2023;05:00;06:00;0
11.01.2023;06:00;07:00;0
11.01.2023;07:00;08:00;0
11.01.2023;08:00;09:00;0
11.01.2023;09:00;10:00;0
11.01.2023;10:00;11:00;0
11.01.2023;11:00;12:00;0
11.01.2023;12:00;13:00;0
11.01.2023;13:00;14:00;0
11.01.2023;14:00;15:00;0
11.01.2023;15:00;16:00;0
11.01.2023;16:00;17:00;0
11.01.2023;17:00;18:00;0
11.01.2023;18:00;19:00;0
11.01.2023;19:00;20:00;0
11.01.2023;20:00;21:00;0
11.01.2023;21:00;22:00;0
11.01.2023;22:00;23:00;0
11.01.2023;23:00;00:00;0
12.01.2023;00:00;01:00;0
12.01.2023;01:00;02:00;0
12.01.2023;02:00;03:00;0
12.01.2023;03:00;04:00;0
12.01.2023;04:00;05:00;0
12.01.2023;05:00;06:00;0
12.01.2023;06:00;07:00;0
12.01.2023;07:00;08:00;0
12.01.2023;08:00;09:00;0
12.01.2023;09:00;10:00;0
12.01.2023;10:00;11:00;0
12.01.2023;11:00;12:00;0
12.01.2023;12:00;13:00;0
12.01.2023;13:00;14:00;0
12.01.2023;14:00;15:00;0
12.01.2023;15:00;16:00;0
12.01.2023;16:00;17:00;0
12.01.2023;17:00;18:00;0
12.01.2023;18:00;19:00;0
12.01.2023;19:00;20:00;0
12.01.2023;20:00;21:00;0
12.01.2023;21:00;22:00;0
12.01.2023;22:00;23:00;0
12.01.2023;23:00;00:00;0
13.01.2023;00:00;01:00;0
13.01.2023;01:00;02:00;0
13.01.2023;02:00;03:00;0
13.01.2023;03:00;04:00;58
13.01.2023;04:00;05:00;83
13.01.2023;05:00;06:00;120
13.01.2023;06:00;07:00;168
13.01.2023;07:00;08:00;129
13.01.2023;08:00;09:00;269
13.01.2023;09:00;10:00;399
13.01.2023;10:00;11:00;399
13.01.2023;11:00;12:00;399
13.01.2023;12:00;13:00;399
13.01.2023;13:00;14:00;399
13.01.2023;14:00;15:00;399
13.01.2023;15:00;16:00;262
13.01.2023;16:00;17:00;250
13.01.2023;17:00;18:00;250
13.01.2023;18:00;19:00;250
13.01.2023;19:00;20:00;183
13.01.2023;20:00;21:00;54
13.01.2023;21:00;22:00;0
13.01.2023;22:00;23:00;0
13.01.2023;23:00;00:00;0
14.01.2023;00:00;01:00;0
14.01.2023;01:00;02:00;0
14.01.2023;02:00;03:00;0
14.01.2023;03:00;04:00;0
14.01.2023;04:00;05:00;0
14.01.2023;05:00;06:00;0
14.01.2023;06:00;07:00;0
14.01.2023;07:00;08:00;0
14.01.2023;08:00;09:00;0
14.01.2023;09:00;10:00;0
14.01.2023;10:00;11:00;0
14.01.2023;11:00;12:00;0
14.01.2023;12:00;13:00;0
14.01.2023;13:00;14:00;0
14.01.2023;14:00;15:00;0
14.01.2023;15:00;16:00;0
14.01.2023;16:00;17:00;0
14.01.2023;17:00;18:00;0
14.01.2023;18:00;19:00;0
14.01.2023;19:00;20:00;0
14.01.2023;20:00;21:00;0
14.01.2023;21:00;22:00;0
14.01.2023;22:00;23:00;0
14.01.2023;23:00;00:00;0
15.01.2023;00:00;01:00;0
15.01.2023;01:00;02:00;0
15.01.2023;02:00;03:00;0
15.01.2023;03:00;04:00;0
15.01.2023;04:00;05:00;0
15.01.2023;05:00;06:00;0
15.01.2023;06:00;07:00;0
15.01.2023;07:00;08:00;0
15.01.2023;08:00;09:00;0
15.01.2023;09:00;10:00;0
15.01.2023;10:00;11:00;0
15.01.2023;11:00;12:00;0
15.01.2023;12:00;13:00;0
15.01.2023;13:00;14:00;0
15.01.2023;14:00;15:00;0
15.01.2023;15:00;16:00;0
15.01.2023;16:00;17:00;0
15.01.2023;17:00;18:00;0
15.01.2023;18:00;19:00;0
15.01.2023;19:00;20:00;0
15.01.2023;20:00;21:00;0
15.01.2023;21:00;22:00;0
15.01.2023;22:00;23:00;0
15.01.2023;23:00;00:00;0
16.01.2023;00:00;01:00;0
16.01.2023;01:00;02:00;0
16.01.2023;02:00;03:00;0
16.01.2023;03:00;04:00;0
16.01.2023;04:00;05:00;0
16.01.2023;05:00;06:00;0
16.01.2023;06:00;07:00;0
16.01.2023;07:00;08:00;0
16.01.2023;08:00;09:00;0
16.01.2023;09:00;10:00;0
16.01.2023;10:00;11:00;0
16.01.2023;11:00;12:00;0
16.01.2023;12:00;13:00;0
16.01.2023;13:00;14:00;0
16.01.2023;14:00;15:00;0
16.01.2023;15:00;16:00;0
16.01.2023;16:00;17:00;0
16.01.2023;17:00;18:00;0
16.01.2023;18:00;19:00;0
16.01.2023;19:00;20:00;0
16.01.2023;20:00;21:00;0
16.01.2023;21:00;22:00;0
16.01.2023;22:00;23:00;0
16.01.2023;23:00;00:00;0
17.01.2023;00:00;01:00;0
17.01.2023;01:00;02:00;0
17.01.2023;02:00;03:00;0
17.01.2023;03:00;04:00;0
17.01.2023;04:00;05:00;0
17.01.2023;05:00;06:00;0
17.01.2023;06:00;07:00;0
17.01.2023;07:00;08:00;0
17.01.2023;08:00;09:00;0
17.01.2023;09:00;10:00;0
17.01.2023;10:00;11:00;62
17.01.2023;11:00;12:00;120
17.01.2023;12:00;13:00;111
17.01.2023;13:00;14:00;165
17.01.2023;14:00;15:00;196
17.01.2023;15:00;16:00;392
17.01.2023;16:00;17:00;394
17.01.2023;17:00;18:00;394
17.01.2023;18:00;19:00;394
17.01.2023;19:00;20:00;394
17.01.2023;20:00;21:00;393
17.01.2023;21:00;22:00;297
17.01.2023;22:00;23:00;250
17.01.2023;23:00;00:00;75
18.01.2023;00:00;01:00;0
18.01.2023;01:00;02:00;0
18.01.2023;02:00;03:00;0
18.01.2023;03:00;04:00;0
18.01.2023;04:00;05:00;0
18.01.2023;05:00;06:00;0
18.01.2023;06:00;07:00;0
18.01.2023;07:00;08:00;0
18.01.2023;08:00;09:00;0
18.01.2023;09:00;10:00;0
18.01.2023;10:00;11:00;0
18.01.2023;11:00;12:00;0
18.01.2023;12:00;13:00;0
18.01.2023;13:00;14:00;0
18.01.2023;14:00;15:00;0
18.01.2023;15:00;16:00;0
18.01.2023;16:00;17:00;0
18.01.2023;17:00;18:00;0
18.01.2023;18:00;19:00;0
18.01.2023;19:00;20:00;0
18.01.2023;20:00;21:00;0
18.01.2023;21:00;22:00;0
18.01.2023;22:00;23:00;0
18.01.2023;23:00;00:00;0
19.01.2023;00:00;01:00;0
19.01.2023;01:00;02:00;0
19.01.2023;02:00;03:00;0
19.01.2023;03:00;04:00;0
19.01.2023;04:00;05:00;0
19.01.2023;05:00;06:00;0
19.01.2023;06:00;07:00;0
19.01.2023;07:00;08:00;0
19.01.2023;08:00;09:00;0
19.01.2023;09:00;10:00;0
19.01.2023;10:00;11:00;0
19.01.2023;11:00;12:00;0
19.01.2023;12:00;13:00;0
19.01.2023;13:00;14:00;0
19.01.2023;14:00;15:00;0
19.01.2023;15:00;16:00;0
19.01.2023;16:00;17:00;0
19.01.2023;17:00;18:00;0
19.01.2023;18:00;19:00;0
19.01.2023;19:00;20:00;0
19.01.2023;20:00;21:00;0
19.01.2023;21:00;22:00;0
19.01.2023;22:00;23:00;0
19.01.2023;23:00;00:00;0
20.01.2023;00:00;01:00;0
20.01.2023;01:00;02:00;0
20.01.2023;02:00;03:00;0
20.01.2023;03:00;04:00;0
20.01.2023;04:00;05:00;0
20.01.2023;05:00;06:00;0
20.01.2023;06:00;07:00;0
20.01.2023;07:00;08:00;0
20.01.2023;08:00;09:00;0
20.01.2023;09:00;10:00;0
20.01.2023;10:00;11:00;0
20.01.2023;11:00;12:00;0
20.01.2023;12:00;13:00;0
20.01.2023;13:00;14:00;0
20.01.2023;14:00;15:00;0
20.01.2023;15:00;16:00;0
20.01.2023;16:00;17:00;0
20.01.2023;17:00;18:00;0
20.01.2023;18:00;19:00;0
20.01.2023;19:00;20:00;0
20.01.2023;20:00;21:00;0
20.01.2023;21:00;22:00;0
20.01.2023;22:00;23:00;0
20.01.2023;23:00;00:00;0
21.01.2023;00:00;01:00;0
21.01.2023;01:00;02:00;0
21.01.2023;02:00;03:00;0
21.01.2023;03:00;04:00;0
21.01.2023;04:00;05:00;0
21.01.2023;05:00;06:00;0
21.01.2023;06:00;07:00;0
21.01.2023;07:00;08:00;0
21.01.2023;08:00;09:00;0
21.01.2023;09:00;10:00;0
21.01.2023;10:00;11:00;0
21.01.2023;11:00;12:00;0
21.01.2023;12:00;13:00;0
21.01.2023;13:00;14:00;0
21.01.2023;14:00;15:00;0
21.01.2023;15:00;16:00;0
21.01.2023;16:00;17:00;0
21.01.2023;17:00;18:00;0
21.01.2023;18:00;19:00;0
21.01.2023;19:00;20:00;0
21.01.2023;20:00;21:00;0
21.01.2023;21:00;22:00;0
21.01.2023;22:00;23:00;0
21.01.2023;23:00;00:00;0
22.01.2023;00:00;01:00;0
22.01.2023;01:00;02:00;0
22.01.2023;02:00;03:00;0
22.01.2023;03:00;04:00;0
22.01.2023;04:00;05:00;0
22.01.2023;05:00;06:00;0
22.01.2023;06:00;07:00;0
22.01.2023;07:00;08:00;0
22.01.2023;08:00;09:00;0
22.01.2023;09:00;10:00;0
22.01.2023;10:00;11:00;0
22.01.2023;11:00;12:00;0
22.01.2023;12:00;13:00;0
22.01.2023;13:00;14:00;0
22.01.2023;14:00;15:00;0
22.01.2023;15:00;16:00;0
22.01.2023;16:00;17:00;0
22.01.2023;17:00;18:00;0
22.01.2023;18:00;19:00;0
22.01.2023;19:00;20:00;0
22.01.2023;20:00;21:00;0
22.01.2023;21:00;22:00;0
22.01.2023;22:00;23:00;0
22.01.2023;23:00;00:00;0
23.01.2023;00:00;01:00;0
23.01.2023;01:00;02:00;0
23.01.2023;02:00;03:00;0
23.01.2023;03:00;04:00;0
23.01.2023;04:00;05:00;0
23.01.2023;05:00;06:00;0
23.01.2023;06:00;07:00;0
23.01.2023;07:00;08:00;0
23.01.2023;08:00;09:00;0
23.01.2023;09:00;10:00;0
23.01.2023;10:00;11:00;0
23.01.2023;11:00;12:00;0
23.01.2023;12:00;13:00;0
23.01.2023;13:00;14:00;0
23.01.2023;14:00;15:00;0
23.01.2023;15:00;16:00;0
23.01.2023;16:00;17:00;0
23.01.2023;17:00;18:00;0
23.01.2023;18:00;19:00;0
23.01.2023;19:00;20:00;0
23.01.2023;20:00;21:00;0
23.01.2023;21:00;22:00;0
23.01.2023;22:00;23:00;0
23.01.2023;23:00;00:00;0
24.01.2023;00:00;01:00;0
24.01.2023;01:00;02:00;0
24.01.2023;02:00;03:00;0
24.01.2023;03:00;04:00;0
24.01.2023;04:00;05:00;61
24.01.2023;05:00;06:00;84
24.01.2023;06:00;07:00;106
24.01.2023;07:00;08:00;160
24.01.2023;08:00;09:00;111
24.01.2023;09:00;10:00;180
24.01.2023;10:00;11:00;180
24.01.2023;11:00;12:00;180
24.01.2023;12:00;13:00;180
24.01.2023;13:00;14:00;180
24.01.2023;14:00;15:00;56
24.01.2023;15:00;16:00;0
24.01.2023;16:00;17:00;0
24.01.2023;17:00;18:00;0
24.01.2023;18:00;19:00;0
24.01.2023;19:00;20:00;0
24.01.2023;20:00;21:00;0
24.01.2023;21:00;22:00;0
24.01.2023;22:00;23:00;0
24.01.2023;23:00;00:00;0
25.01.2023;00:00;01:00;0
25.01.2023;01:00;02:00;0
25.01.2023;02:00;03:00;0
25.01.2023;03:00;04:00;0
25.01.2023;04:00;05:00;0
25.01.2023;05:00;06:00;12
25.01.2023;06:00;07:00;121
25.01.2023;07:00;08:00;121
25.01.2023;08:00;09:00;186
25.01.2023;09:00;10:00;186
25.01.2023;10:00;11:00;186
25.01.2023;11:00;12:00;197
25.01.2023;12:00;13:00;250
25.01.2023;13:00;14:00;250
25.01.2023;14:00;15:00;250
25.01.2023;15:00;16:00;260
25.01.2023;16:00;17:00;350
25.01.2023;17:00;18:00;349
25.01.2023;18:00;19:00;350
25.01.2023;19:00;20:00;349
25.01.2023;20:00;21:00;349
25.01.2023;21:00;22:00;106
25.01.2023;22:00;23:00;0
25.01.2023;23:00;00:00;0
26.01.2023;00:00;01:00;0
26.01.2023;01:00;02:00;0
26.01.2023;02:00;03:00;0
26.01.2023;03:00;04:00;0
26.01.2023;04:00;05:00;0
26.01.2023;05:00;06:00;0
26.01.2023;06:00;07:00;35
26.01.2023;07:00;08:00;156
26.01.2023;08:00;09:00;202
26.01.2023;09:00;10:00;270
26.01.2023;10:00;11:00;399
26.01.2023;11:00;12:00;399
26.01.2023;12:00;13:00;399
26.01.2023;13:00;14:00;399
26.01.2023;14:00;15:00;399
26.01.2023;15:00;16:00;399
26.01.2023;16:00;17:00;399
26.01.2023;17:00;18:00;399
26.01.2023;18:00;19:00;399
26.01.2023;19:00;20:00;399
26.01.2023;20:00;21:00;398
26.01.2023;21:00;22:00;222
26.01.2023;22:00;23:00;200
26.01.2023;23:00;00:00;133
27.01.2023;00:00;01:00;53
27.01.2023;01:00;02:00;0
27.01.2023;02:00;03:00;0
27.01.2023;03:00;04:00;0
27.01.2023;04:00;05:00;0
27.01.2023;05:00;06:00;0
27.01.2023;06:00;07:00;0
27.01.2023;07:00;08:00;0
27.01.2023;08:00;09:00;0
27.01.2023;09:00;10:00;0
27.01.2023;10:00;11:00;0
27.01.2023;11:00;12:00;0
27.01.2023;12:00;13:00;0
27.01.2023;13:00;14:00;0
27.01.2023;14:00;15:00;0
27.01.2023;15:00;16:00;0
27.01.2023;16:00;17:00;0
27.01.2023;17:00;18:00;0
27.01.2023;18:00;19:00;0
27.01.2023;19:00;20:00;0
27.01.2023;20:00;21:00;0
27.01.2023;21:00;22:00;0
27.01.2023;22:00;23:00;0
27.01.2023;23:00;00:00;0
28.01.2023;00:00;01:00;0
28.01.2023;01:00;02:00;0
28.01.2023;02:00;03:00;0
28.01.2023;03:00;04:00;0
28.01.2023;04:00;05:00;0
28.01.2023;05:00;06:00;0
28.01.2023;06:00;07:00;0
28.01.2023;07:00;08:00;0
28.01.2023;08:00;09:00;0
28.01.2023;09:00;10:00;0
28.01.2023;10:00;11:00;0
28.01.2023;11:00;12:00;0
28.01.2023;12:00;13:00;0
28.01.2023;13:00;14:00;0
28.01.2023;14:00;15:00;0
28.01.2023;15:00;16:00;0
28.01.2023;16:00;17:00;0
28.01.2023;17:00;18:00;0
28.01.2023;18:00;19:00;0
28.01.2023;19:00;20:00;0
28.01.2023;20:00;21:00;0
28.01.2023;21:00;22:00;0
28.01.2023;22:00;23:00;0
28.01.2023;23:00;00:00;0
29.01.2023;00:00;01:00;0
29.01.2023;01:00;02:00;0
29.01.2023;02:00;03:00;0
29.01.2023;03:00;04:00;0
29.01.2023;04:00;05:00;0
29.01.2023;05:00;06:00;33
29.01.2023;06:00;07:00;145
29.01.2023;07:00;08:00;350
29.01.2023;08:00;09:00;351
29.01.2023;09:00;10:00;380
29.01.2023;10:00;11:00;380
29.01.2023;11:00;12:00;379
29.01.2023;12:00;13:00;230
29.01.2023;13:00;14:00;380
29.01.2023;14:00;15:00;380
29.01.2023;15:00;16:00;379
29.01.2023;16:00;17:00;379
29.01.2023;17:00;18:00;379
29.01.2023;18:00;19:00;380
29.01.2023;19:00;20:00;380
29.01.2023;20:00;21:00;379
29.01.2023;21:00;22:00;379
29.01.2023;22:00;23:00;380
29.01.2023;23:00;00:00;379
30.01.2023;00:00;01:00;147
30.01.2023;01:00;02:00;105
30.01.2023;02:00;03:00;105
30.01.2023;03:00;04:00;105
30.01.2023;04:00;05:00;106
30.01.2023;05:00;06:00;105
30.01.2023;06:00;07:00;106
30.01.2023;07:00;08:00;105
30.01.2023;08:00;09:00;118
30.01.2023;09:00;10:00;201
30.01.2023;10:00;11:00;300
30.01.2023;11:00;12:00;300
30.01.2023;12:00;13:00;300
30.01.2023;13:00;14:00;300
30.01.2023;14:00;15:00;300
30.01.2023;15:00;16:00;300
30.01.2023;16:00;17:00;206
30.01.2023;17:00;18:00;244
30.01.2023;18:00;19:00;399
30.01.2023;19:00;20:00;122
30.01.2023;20:00;21:00;0
30.01.2023;21:00;22:00;0
30.01.2023;22:00;23:00;0
30.01.2023;23:00;00:00;0
31.01.2023;00:00;01:00;0
31.01.2023;01:00;02:00;0
31.01.2023;02:00;03:00;0
31.01.2023;03:00;04:00;0
31.01.2023;04:00;05:00;13
31.01.2023;05:00;06:00;127
31.01.2023;06:00;07:00;175
31.01.2023;07:00;08:00;222
31.01.2023;08:00;09:00;404
31.01.2023;09:00;10:00;399
31.01.2023;10:00;11:00;399
31.01.2023;11:00;12:00;401
31.01.2023;12:00;13:00;400
31.01.2023;13:00;14:00;399
31.01.2023;14:00;15:00;399
31.01.2023;15:00;16:00;306
31.01.2023;16:00;17:00;390
31.01.2023;17:00;18:00;399
31.01.2023;18:00;19:00;399
31.01.2023;19:00;20:00;399
31.01.2023;20:00;21:00;399
31.01.2023;21:00;22:00;226
31.01.2023;22:00;23:00;112
31.01.2023;23:00;00:00;106
01.02.2023;00:00;01:00;106
01.02.2023;01:00;02:00;106
01.02.2023;02:00;03:00;105
01.02.2023;03:00;04:00;105
01.02.2023;04:00;05:00;108
01.02.2023;05:00;06:00;180
01.02.2023;06:00;07:00;300
01.02.2023;07:00;08:00;300
01.02.2023;08:00;09:00;300
01.02.2023;09:00;10:00;300
01.02.2023;10:00;11:00;209
01.02.2023;11:00;12:00;204
01.02.2023;12:00;13:00;204
01.02.2023;13:00;14:00;204
01.02.2023;14:00;15:00;214
01.02.2023;15:00;16:00;301
01.02.2023;16:00;17:00;301
01.02.2023;17:00;18:00;301
01.02.2023;18:00;19:00;301
01.02.2023;19:00;20:00;350
01.02.2023;20:00;21:00;380
01.02.2023;21:00;22:00;205
01.02.2023;22:00;23:00;55
01.02.2023;23:00;00:00;0
02.02.2023;00:00;01:00;0
02.02.2023;01:00;02:00;0
02.02.2023;02:00;03:00;0
02.02.2023;03:00;04:00;0
02.02.2023;04:00;05:00;0
02.02.2023;05:00;06:00;0
02.02.2023;06:00;07:00;0
02.02.2023;07:00;08:00;0
02.02.2023;08:00;09:00;0
02.02.2023;09:00;10:00;0
02.02.2023;10:00;11:00;0
02.02.2023;11:00;12:00;0
02.02.2023;12:00;13:00;0
02.02.2023;13:00;14:00;0
02.02.2023;14:00;15:00;0
02.02.2023;15:00;16:00;0
02.02.2023;16:00;17:00;0
02.02.2023;17:00;18:00;0
02.02.2023;18:00;19:00;0
02.02.2023;19:00;20:00;0
02.02.2023;20:00;21:00;0
02.02.2023;21:00;22:00;0
02.02.2023;22:00;23:00;0
02.02.2023;23:00;00:00;0
03.02.2023;00:00;01:00;0
03.02.2023;01:00;02:00;0
03.02.2023;02:00;03:00;0
03.02.2023;03:00;04:00;0
03.02.2023;04:00;05:00;0
03.02.2023;05:00;06:00;11
03.02.2023;06:00;07:00;115
03.02.2023;07:00;08:00;146
03.02.2023;08:00;09:00;300
03.02.2023;09:00;10:00;300
03.02.2023;10:00;11:00;304
03.02.2023;11:00;12:00;399
03.02.2023;12:00;13:00;399
03.02.2023;13:00;14:00;380
03.02.2023;14:00;15:00;379
03.02.2023;15:00;16:00;379
03.02.2023;16:00;17:00;379
03.02.2023;17:00;18:00;379
03.02.2023;18:00;19:00;303
03.02.2023;19:00;20:00;300
03.02.2023;20:00;21:00;300
03.02.2023;21:00;22:00;300
03.02.2023;22:00;23:00;127
03.02.2023;23:00;00:00;105
04.02.2023;00:00;01:00;104
04.02.2023;01:00;02:00;104
04.02.2023;02:00;03:00;106
04.02.2023;03:00;04:00;106
04.02.2023;04:00;05:00;105
04.02.2023;05:00;06:00;106
04.02.2023;06:00;07:00;110
04.02.2023;07:00;08:00;205
04.02.2023;08:00;09:00;206
04.02.2023;09:00;10:00;206
04.02.2023;10:00;11:00;206
04.02.2023;11:00;12:00;206
04.02.2023;12:00;13:00;207
04.02.2023;13:00;14:00;206
04.02.2023;14:00;15:00;206
04.02.2023;15:00;16:00;206
04.02.2023;16:00;17:00;206
04.02.2023;17:00;18:00;207
04.02.2023;18:00;19:00;207
04.02.2023;19:00;20:00;207
04.02.2023;20:00;21:00;207
04.02.2023;21:00;22:00;207
04.02.2023;22:00;23:00;207
04.02.2023;23:00;00:00;138
05.02.2023;00:00;01:00;39
05.02.2023;01:00;02:00;0
05.02.2023;02:00;03:00;0
05.02.2023;03:00;04:00;0
05.02.2023;04:00;05:00;0
05.02.2023;05:00;06:00;0
05.02.2023;06:00;07:00;0
05.02.2023;07:00;08:00;0
05.02.2023;08:00;09:00;0
05.02.2023;09:00;10:00;0
05.02.2023;10:00;11:00;0
05.02.2023;11:00;12:00;0
05.02.2023;12:00;13:00;0
05.02.2023;13:00;14:00;0
05.02.2023;14:00;15:00;0
05.02.2023;15:00;16:00;0
05.02.2023;16:00;17:00;0
05.02.2023;17:00;18:00;0
05.02.2023;18:00;19:00;0
05.02.2023;19:00;20:00;0
05.02.2023;20:00;21:00;0
05.02.2023;21:00;22:00;0
05.02.2023;22:00;23:00;0
05.02.2023;23:00;00:00;0
06.02.2023;00:00;01:00;0
06.02.2023;01:00;02:00;0
06.02.2023;02:00;03:00;0
06.02.2023;03:00;04:00;0
06.02.2023;04:00;05:00;0
06.02.2023;05:00;06:00;0
06.02.2023;06:00;07:00;0
06.02.2023;07:00;08:00;0
06.02.2023;08:00;09:00;0
06.02.2023;09:00;10:00;0
06.02.2023;10:00;11:00;0
06.02.2023;11:00;12:00;0
06.02.2023;12:00;13:00;0
06.02.2023;13:00;14:00;0
06.02.2023;14:00;15:00;0
06.02.2023;15:00;16:00;0
06.02.2023;16:00;17:00;0
06.02.2023;17:00;18:00;0
06.02.2023;18:00;19:00;0
06.02.2023;19:00;20:00;0
06.02.2023;20:00;21:00;0
06.02.2023;21:00;22:00;0
06.02.2023;22:00;23:00;0
06.02.2023;23:00;00:00;0
07.02.2023;00:00;01:00;0
07.02.2023;01:00;02:00;0
07.02.2023;02:00;03:00;0
07.02.2023;03:00;04:00;0
07.02.2023;04:00;05:00;0
07.02.2023;05:00;06:00;0
07.02.2023;06:00;07:00;0
07.02.2023;07:00;08:00;0
07.02.2023;08:00;09:00;0
07.02.2023;09:00;10:00;0
07.02.2023;10:00;11:00;0
07.02.2023;11:00;12:00;0
07.02.2023;12:00;13:00;0
07.02.2023;13:00;14:00;0
07.02.2023;14:00;15:00;0
07.02.2023;15:00;16:00;0
07.02.2023;16:00;17:00;0
07.02.2023;17:00;18:00;0
07.02.2023;18:00;19:00;0
07.02.2023;19:00;20:00;0
07.02.2023;20:00;21:00;0
07.02.2023;21:00;22:00;0
07.02.2023;22:00;23:00;0
07.02.2023;23:00;00:00;0
08.02.2023;00:00;01:00;0
08.02.2023;01:00;02:00;0
08.02.2023;02:00;03:00;0
08.02.2023;03:00;04:00;0
08.02.2023;04:00;05:00;0
08.02.2023;05:00;06:00;0
08.02.2023;06:00;07:00;0
08.02.2023;07:00;08:00;0
08.02.2023;08:00;09:00;0
08.02.2023;09:00;10:00;0
08.02.2023;10:00;11:00;0
08.02.2023;11:00;12:00;0
08.02.2023;12:00;13:00;0
08.02.2023;13:00;14:00;0
08.02.2023;14:00;15:00;0
08.02.2023;15:00;16:00;0
08.02.2023;16:00;17:00;0
08.02.2023;17:00;18:00;0
08.02.2023;18:00;19:00;0
08.02.2023;19:00;20:00;0
08.02.2023;20:00;21:00;0
08.02.2023;21:00;22:00;0
08.02.2023;22:00;23:00;0
08.02.2023;23:00;00:00;0
09.02.2023;00:00;01:00;0
09.02.2023;01:00;02:00;0
09.02.2023;02:00;03:00;0
09.02.2023;03:00;04:00;0
09.02.2023;04:00;05:00;0
09.02.2023;05:00;06:00;0
09.02.2023;06:00;07:00;0
09.02.2023;07:00;08:00;0
09.02.2023;08:00;09:00;0
09.02.2023;09:00;10:00;0
09.02.2023;10:00;11:00;0
09.02.2023;11:00;12:00;0
09.02.2023;12:00;13:00;0
09.02.2023;13:00;14:00;0
09.02.2023;14:00;15:00;0
09.02.2023;15:00;16:00;0
09.02.2023;16:00;17:00;0
09.02.2023;17:00;18:00;0
09.02.2023;18:00;19:00;0
09.02.2023;19:00;20:00;0
09.02.2023;20:00;21:00;0
09.02.2023;21:00;22:00;0
09.02.2023;22:00;23:00;0
09.02.2023;23:00;00:00;0
10.02.2023;00:00;01:00;0
10.02.2023;01:00;02:00;0
10.02.2023;02:00;03:00;0
10.02.2023;03:00;04:00;0
10.02.2023;04:00;05:00;0
10.02.2023;05:00;06:00;0
10.02.2023;06:00;07:00;0
10.02.2023;07:00;08:00;0
10.02.2023;08:00;09:00;0
10.02.2023;09:00;10:00;0
10.02.2023;10:00;11:00;0
10.02.2023;11:00;12:00;0
10.02.2023;12:00;13:00;57
10.02.2023;13:00;14:00;102
10.02.2023;14:00;15:00;144
10.02.2023;15:00;16:00;197
10.02.2023;16:00;17:00;350
10.02.2023;17:00;18:00;351
10.02.2023;18:00;19:00;350
10.02.2023;19:00;20:00;349
10.02.2023;20:00;21:00;350
10.02.2023;21:00;22:00;350
10.02.2023;22:00;23:00;350
10.02.2023;23:00;00:00;213
11.02.2023;00:00;01:00;65
11.02.2023;01:00;02:00;0
11.02.2023;02:00;03:00;0
11.02.2023;03:00;04:00;0
11.02.2023;04:00;05:00;0
11.02.2023;05:00;06:00;0
11.02.2023;06:00;07:00;0
11.02.2023;07:00;08:00;0
11.02.2023;08:00;09:00;0
11.02.2023;09:00;10:00;0
11.02.2023;10:00;11:00;0
11.02.2023;11:00;12:00;0
11.02.2023;12:00;13:00;0
11.02.2023;13:00;14:00;0
11.02.2023;14:00;15:00;0
11.02.2023;15:00;16:00;0
11.02.2023;16:00;17:00;0
11.02.2023;17:00;18:00;0
11.02.2023;18:00;19:00;0
11.02.2023;19:00;20:00;0
11.02.2023;20:00;21:00;0
11.02.2023;21:00;22:00;0
11.02.2023;22:00;23:00;0
11.02.2023;23:00;00:00;0
12.02.2023;00:00;01:00;0
12.02.2023;01:00;02:00;0
12.02.2023;02:00;03:00;0
12.02.2023;03:00;04:00;0
12.02.2023;04:00;05:00;0
12.02.2023;05:00;06:00;0
12.02.2023;06:00;07:00;0
12.02.2023;07:00;08:00;0
12.02.2023;08:00;09:00;0
12.02.2023;09:00;10:00;0
12.02.2023;10:00;11:00;0
12.02.2023;11:00;12:00;0
12.02.2023;12:00;13:00;0
12.02.2023;13:00;14:00;0
12.02.2023;14:00;15:00;0
12.02.2023;15:00;16:00;0
12.02.2023;16:00;17:00;0
12.02.2023;17:00;18:00;0
12.02.2023;18:00;19:00;0
12.02.2023;19:00;20:00;0
12.02.2023;20:00;21:00;0
12.02.2023;21:00;22:00;0
12.02.2023;22:00;23:00;0
12.02.2023;23:00;00:00;0
13.02.2023;00:00;01:00;0
13.02.2023;01:00;02:00;0
13.02.2023;02:00;03:00;0
13.02.2023;03:00;04:00;0
13.02.2023;04:00;05:00;0
13.02.2023;05:00;06:00;0
13.02.2023;06:00;07:00;0
13.02.2023;07:00;08:00;0
13.02.2023;08:00;09:00;0
13.02.2023;09:00;10:00;0
13.02.2023;10:00;11:00;0
13.02.2023;11:00;12:00;0
13.02.2023;12:00;13:00;0
13.02.2023;13:00;14:00;0
13.02.2023;14:00;15:00;0
13.02.2023;15:00;16:00;0
13.02.2023;16:00;17:00;0
13.02.2023;17:00;18:00;0
13.02.2023;18:00;19:00;0
13.02.2023;19:00;20:00;0
13.02.2023;20:00;21:00;0
13.02.2023;21:00;22:00;0
13.02.2023;22:00;23:00;0
13.02.2023;23:00;00:00;0
14.02.2023;00:00;01:00;0
14.02.2023;01:00;02:00;0
14.02.2023;02:00;03:00;0
14.02.2023;03:00;04:00;0
14.02.2023;04:00;05:00;0
14.02.2023;05:00;06:00;0
14.02.2023;06:00;07:00;0
14.02.2023;07:00;08:00;0
14.02.2023;08:00;09:00;0
14.02.2023;09:00;10:00;0
14.02.2023;10:00;11:00;0
14.02.2023;11:00;12:00;0
14.02.2023;12:00;13:00;0
14.02.2023;13:00;14:00;0
14.02.2023;14:00;15:00;0
14.02.2023;15:00;16:00;0
14.02.2023;16:00;17:00;0
14.02.2023;17:00;18:00;0
14.02.2023;18:00;19:00;0
14.02.2023;19:00;20:00;0
14.02.2023;20:00;21:00;0
14.02.2023;21:00;22:00;0
14.02.2023;22:00;23:00;0
14.02.2023;23:00;00:00;0
15.02.2023;00:00;01:00;0
15.02.2023;01:00;02:00;0
15.02.2023;02:00;03:00;0
15.02.2023;03:00;04:00;0
15.02.2023;04:00;05:00;0
15.02.2023;05:00;06:00;0
15.02.2023;06:00;07:00;0
15.02.2023;07:00;08:00;0
15.02.2023;08:00;09:00;0
15.02.2023;09:00;10:00;0
15.02.2023;10:00;11:00;0
15.02.2023;11:00;12:00;0
15.02.2023;12:00;13:00;0
15.02.2023;13:00;14:00;0
15.02.2023;14:00;15:00;62
15.02.2023;15:00;16:00;84
15.02.2023;16:00;17:00;100
15.02.2023;17:00;18:00;230
15.02.2023;18:00;19:00;399
15.02.2023;19:00;20:00;399
15.02.2023;20:00;21:00;399
15.02.2023;21:00;22:00;399
15.02.2023;22:00;23:00;399
15.02.2023;23:00;00:00;399
16.02.2023;00:00;01:00;128
16.02.2023;01:00;02:00;0
16.02.2023;02:00;03:00;0
16.02.2023;03:00;04:00;0
16.02.2023;04:00;05:00;0
16.02.2023;05:00;06:00;0
16.02.2023;06:00;07:00;0
16.02.2023;07:00;08:00;0
16.02.2023;08:00;09:00;0
16.02.2023;09:00;10:00;0
16.02.2023;10:00;11:00;0
16.02.2023;11:00;12:00;0
16.02.2023;12:00;13:00;0
16.02.2023;13:00;14:00;0
16.02.2023;14:00;15:00;0
16.02.2023;15:00;16:00;0
16.02.2023;16:00;17:00;0
16.02.2023;17:00;18:00;0
16.02.2023;18:00;19:00;0
16.02.2023;19:00;20:00;0
16.02.2023;20:00;21:00;0
16.02.2023;21:00;22:00;0
16.02.2023;22:00;23:00;12
16.02.2023;23:00;00:00;121
17.02.2023;00:00;01:00;118
17.02.2023;01:00;02:00;181
17.02.2023;02:00;03:00;181
17.02.2023;03:00;04:00;181
17.02.2023;04:00;05:00;181
17.02.2023;05:00;06:00;186
17.02.2023;06:00;07:00;288
17.02.2023;07:00;08:00;400
17.02.2023;08:00;09:00;400
17.02.2023;09:00;10:00;402
17.02.2023;10:00;11:00;399
17.02.2023;11:00;12:00;399
17.02.2023;12:00;13:00;399
17.02.2023;13:00;14:00;262
17.02.2023;14:00;15:00;250
17.02.2023;15:00;16:00;250
17.02.2023;16:00;17:00;256
17.02.2023;17:00;18:00;392
17.02.2023;18:00;19:00;399
17.02.2023;19:00;20:00;399
17.02.2023;20:00;21:00;210
17.02.2023;21:00;22:00;180
17.02.2023;22:00;23:00;180
17.02.2023;23:00;00:00;181
18.02.2023;00:00;01:00;53
18.02.2023;01:00;02:00;0
18.02.2023;02:00;03:00;0
18.02.2023;03:00;04:00;0
18.02.2023;04:00;05:00;0
18.02.2023;05:00;06:00;0
18.02.2023;06:00;07:00;0
18.02.2023;07:00;08:00;0
18.02.2023;08:00;09:00;0
18.02.2023;09:00;10:00;0
18.02.2023;10:00;11:00;0
18.02.2023;11:00;12:00;0
18.02.2023;12:00;13:00;0
18.02.2023;13:00;14:00;0
18.02.2023;14:00;15:00;0
18.02.2023;15:00;16:00;0
18.02.2023;16:00;17:00;0
18.02.2023;17:00;18:00;0
18.02.2023;18:00;19:00;0
18.02.2023;19:00;20:00;0
18.02.2023;20:00;21:00;0
18.02.2023;21:00;22:00;0
18.02.2023;22:00;23:00;0
18.02.2023;23:00;00:00;0
19.02.2023;00:00;01:00;0
19.02.2023;01:00;02:00;0
19.02.2023;02:00;03:00;0
19.02.2023;03:00;04:00;0
19.02.2023;04:00;05:00;0
19.02.2023;05:00;06:00;0
19.02.2023;06:00;07:00;0
19.02.2023;07:00;08:00;0
19.02.2023;08:00;09:00;0
19.02.2023;09:00;10:00;0
19.02.2023;10:00;11:00;0
19.02.2023;11:00;12:00;0
19.02.2023;12:00;13:00;0
19.02.2023;13:00;14:00;0
19.02.2023;14:00;15:00;0
19.02.2023;15:00;16:00;0
19.02.2023;16:00;17:00;0
19.02.2023;17:00;18:00;0
19.02.2023;18:00;19:00;0
19.02.2023;19:00;20:00;0
19.02.2023;20:00;21:00;0
19.02.2023;21:00;22:00;0
19.02.2023;22:00;23:00;0
19.02.2023;23:00;00:00;0
20.02.2023;00:00;01:00;0
20.02.2023;01:00;02:00;0
20.02.2023;02:00;03:00;0
20.02.2023;03:00;04:00;0
20.02.2023;04:00;05:00;0
20.02.2023;05:00;06:00;0
20.02.2023;06:00;07:00;0
20.02.2023;07:00;08:00;0
20.02.2023;08:00;09:00;0
20.02.2023;09:00;10:00;0
20.02.2023;10:00;11:00;0
20.02.2023;11:00;12:00;0
20.02.2023;12:00;13:00;0
20.02.2023;13:00;14:00;0
20.02.2023;14:00;15:00;0
20.02.2023;15:00;16:00;0
20.02.2023;16:00;17:00;0
20.02.2023;17:00;18:00;0
20.02.2023;18:00;19:00;0
20.02.2023;19:00;20:00;0
20.02.2023;20:00;21:00;0
20.02.2023;21:00;22:00;0
20.02.2023;22:00;23:00;0
20.02.2023;23:00;00:00;0
21.02.2023;00:00;01:00;0
21.02.2023;01:00;02:00;0
21.02.2023;02:00;03:00;0
21.02.2023;03:00;04:00;0
21.02.2023;04:00;05:00;0
21.02.2023;05:00;06:00;0
21.02.2023;06:00;07:00;0
21.02.2023;07:00;08:00;0
21.02.2023;08:00;09:00;0
21.02.2023;09:00;10:00;0
21.02.2023;10:00;11:00;0
21.02.2023;11:00;12:00;0
21.02.2023;12:00;13:00;0
21.02.2023;13:00;14:00;0
21.02.2023;14:00;15:00;0
21.02.2023;15:00;16:00;0
21.02.2023;16:00;17:00;0
21.02.2023;17:00;18:00;0
21.02.2023;18:00;19:00;0
21.02.2023;19:00;20:00;0
21.02.2023;20:00;21:00;0
21.02.2023;21:00;22:00;0
21.02.2023;22:00;23:00;0
21.02.2023;23:00;00:00;0
22.02.2023;00:00;01:00;0
22.02.2023;01:00;02:00;0
22.02.2023;02:00;03:00;0
22.02.2023;03:00;04:00;0
22.02.2023;04:00;05:00;0
22.02.2023;05:00;06:00;0
22.02.2023;06:00;07:00;0
22.02.2023;07:00;08:00;0
22.02.2023;08:00;09:00;0
22.02.2023;09:00;10:00;0
22.02.2023;10:00;11:00;0
22.02.2023;11:00;12:00;0
22.02.2023;12:00;13:00;0
22.02.2023;13:00;14:00;0
22.02.2023;14:00;15:00;0
22.02.2023;15:00;16:00;0
22.02.2023;16:00;17:00;0
22.02.2023;17:00;18:00;0
22.02.2023;18:00;19:00;0
22.02.2023;19:00;20:00;0
22.02.2023;20:00;21:00;0
22.02.2023;21:00;22:00;0
22.02.2023;22:00;23:00;0
22.02.2023;23:00;00:00;0
23.02.2023;00:00;01:00;0
23.02.2023;01:00;02:00;0
23.02.2023;02:00;03:00;0
23.02.2023;03:00;04:00;0
23.02.2023;04:00;05:00;0
23.02.2023;05:00;06:00;0
23.02.2023;06:00;07:00;0
23.02.2023;07:00;08:00;0
23.02.2023;08:00;09:00;0
23.02.2023;09:00;10:00;0
23.02.2023;10:00;11:00;0
23.02.2023;11:00;12:00;0
23.02.2023;12:00;13:00;0
23.02.2023;13:00;14:00;0
23.02.2023;14:00;15:00;0
23.02.2023;15:00;16:00;0
23.02.2023;16:00;17:00;0
23.02.2023;17:00;18:00;0
23.02.2023;18:00;19:00;0
23.02.2023;19:00;20:00;0
23.02.2023;20:00;21:00;0
23.02.2023;21:00;22:00;0
23.02.2023;22:00;23:00;0
23.02.2023;23:00;00:00;0
24.02.2023;00:00;01:00;0
24.02.2023;01:00;02:00;0
24.02.2023;02:00;03:00;0
24.02.2023;03:00;04:00;0
24.02.2023;04:00;05:00;0
24.02.2023;05:00;06:00;0
24.02.2023;06:00;07:00;0
24.02.2023;07:00;08:00;0
24.02.2023;08:00;09:00;0
24.02.2023;09:00;10:00;0
24.02.2023;10:00;11:00;0
24.02.2023;11:00;12:00;0
24.02.2023;12:00;13:00;0
24.02.2023;13:00;14:00;0
24.02.2023;14:00;15:00;0
24.02.2023;15:00;16:00;0
24.02.2023;16:00;17:00;0
24.02.2023;17:00;18:00;0
24.02.2023;18:00;19:00;0
24.02.2023;19:00;20:00;0
24.02.2023;20:00;21:00;0
24.02.2023;21:00;22:00;0
24.02.2023;22:00;23:00;0
24.02.2023;23:00;00:00;0
25.02.2023;00:00;01:00;0
25.02.2023;01:00;02:00;0
25.02.2023;02:00;03:00;0
25.02.2023;03:00;04:00;0
25.02.2023;04:00;05:00;0
25.02.2023;05:00;06:00;0
25.02.2023;06:00;07:00;0
25.02.2023;07:00;08:00;0
25.02.2023;08:00;09:00;0
25.02.2023;09:00;10:00;0
25.02.2023;10:00;11:00;0
25.02.2023;11:00;12:00;0
25.02.2023;12:00;13:00;0
25.02.2023;13:00;14:00;0
25.02.2023;14:00;15:00;0
25.02.2023;15:00;16:00;0
25.02.2023;16:00;17:00;0
25.02.2023;17:00;18:00;0
25.02.2023;18:00;19:00;0
25.02.2023;19:00;20:00;0
25.02.2023;20:00;21:00;0
25.02.2023;21:00;22:00;0
25.02.2023;22:00;23:00;0
25.02.2023;23:00;00:00;0
26.02.2023;00:00;01:00;0
26.02.2023;01:00;02:00;0
26.02.2023;02:00;03:00;0
26.02.2023;03:00;04:00;0
26.02.2023;04:00;05:00;0
26.02.2023;05:00;06:00;0
26.02.2023;06:00;07:00;0
26.02.2023;07:00;08:00;0
26.02.2023;08:00;09:00;0
26.02.2023;09:00;10:00;0
26.02.2023;10:00;11:00;0
26.02.2023;11:00;12:00;0
26.02.2023;12:00;13:00;0
26.02.2023;13:00;14:00;0
26.02.2023;14:00;15:00;0
26.02.2023;15:00;16:00;0
26.02.2023;16:00;17:00;0
26.02.2023;17:00;18:00;0
26.02.2023;18:00;19:00;0
26.02.2023;19:00;20:00;0
26.02.2023;20:00;21:00;0
26.02.2023;21:00;22:00;0
26.02.2023;22:00;23:00;0
26.02.2023;23:00;00:00;0
27.02.2023;00:00;01:00;0
27.02.2023;01:00;02:00;0
27.02.2023;02:00;03:00;0
27.02.2023;03:00;04:00;58
27.02.2023;04:00;05:00;85
27.02.2023;05:00;06:00;110
27.02.2023;06:00;07:00;173
27.02.2023;07:00;08:00;300
27.02.2023;08:00;09:00;252
27.02.2023;09:00;10:00;185
27.02.2023;10:00;11:00;180
27.02.2023;11:00;12:00;180
27.02.2023;12:00;13:00;180
27.02.2023;13:00;14:00;53
27.02.2023;14:00;15:00;0
27.02.2023;15:00;16:00;0
27.02.2023;16:00;17:00;0
27.02.2023;17:00;18:00;0
27.02.2023;18:00;19:00;0
27.02.2023;19:00;20:00;0
27.02.2023;20:00;21:00;0
27.02.2023;21:00;22:00;0
27.02.2023;22:00;23:00;0
27.02.2023;23:00;00:00;0
28.02.2023;00:00;01:00;0
28.02.2023;01:00;02:00;0
28.02.2023;02:00;03:00;0
28.02.2023;03:00;04:00;0
28.02.2023;04:00;05:00;0
28.02.2023;05:00;06:00;0
28.02.2023;06:00;07:00;0
28.02.2023;07:00;08:00;0
28.02.2023;08:00;09:00;0
28.02.2023;09:00;10:00;0
28.02.2023;10:00;11:00;0
28.02.2023;11:00;12:00;0
28.02.2023;12:00;13:00;0
28.02.2023;13:00;14:00;0
28.02.2023;14:00;15:00;0
28.02.2023;15:00;16:00;0
28.02.2023;16:00;17:00;0
28.02.2023;17:00;18:00;0
28.02.2023;18:00;19:00;0
28.02.2023;19:00;20:00;0
28.02.2023;20:00;21:00;0
28.02.2023;21:00;22:00;0
28.02.2023;22:00;23:00;0
28.02.2023;23:00;00:00;0
01.03.2023;00:00;01:00;0
01.03.2023;01:00;02:00;0
01.03.2023;02:00;03:00;0
01.03.2023;03:00;04:00;0
01.03.2023;04:00;05:00;0
01.03.2023;05:00;06:00;0
01.03.2023;06:00;07:00;0
01.03.2023;07:00;08:00;0
01.03.2023;08:00;09:00;0
01.03.2023;09:00;10:00;0
01.03.2023;10:00;11:00;0
01.03.2023;11:00;12:00;0
01.03.2023;12:00;13:00;0
01.03.2023;13:00;14:00;0
01.03.2023;14:00;15:00;0
01.03.2023;15:00;16:00;0
01.03.2023;16:00;17:00;0
01.03.2023;17:00;18:00;0
01.03.2023;18:00;19:00;0
01.03.2023;19:00;20:00;0
01.03.2023;20:00;21:00;0
01.03.2023;21:00;22:00;0
01.03.2023;22:00;23:00;0
01.03.2023;23:00;00:00;0
02.03.2023;00:00;01:00;0
02.03.2023;01:00;02:00;0
02.03.2023;02:00;03:00;0
02.03.2023;03:00;04:00;0
02.03.2023;04:00;05:00;0
02.03.2023;05:00;06:00;27
02.03.2023;06:00;07:00;140
02.03.2023;07:00;08:00;403
02.03.2023;08:00;09:00;411
02.03.2023;09:00;10:00;412
02.03.2023;10:00;11:00;410
02.03.2023;11:00;12:00;409
02.03.2023;12:00;13:00;409
02.03.2023;13:00;14:00;407
02.03.2023;14:00;15:00;407
02.03.2023;15:00;16:00;407
02.03.2023;16:00;17:00;408
02.03.2023;17:00;18:00;409
02.03.2023;18:00;19:00;409
02.03.2023;19:00;20:00;411
02.03.2023;20:00;21:00;411
02.03.2023;21:00;22:00;412
02.03.2023;22:00;23:00;412
02.03.2023;23:00;00:00;412
03.03.2023;00:00;01:00;412
03.03.2023;01:00;02:00;412
03.03.2023;02:00;03:00;412
03.03.2023;03:00;04:00;412
03.03.2023;04:00;05:00;412
03.03.2023;05:00;06:00;412
03.03.2023;06:00;07:00;412
03.03.2023;07:00;08:00;412
03.03.2023;08:00;09:00;412
03.03.2023;09:00;10:00;411
03.03.2023;10:00;11:00;410
03.03.2023;11:00;12:00;410
03.03.2023;12:00;13:00;409
03.03.2023;13:00;14:00;408
03.03.2023;14:00;15:00;408
03.03.2023;15:00;16:00;408
03.03.2023;16:00;17:00;408
03.03.2023;17:00;18:00;408
03.03.2023;18:00;19:00;409
03.03.2023;19:00;20:00;410
03.03.2023;20:00;21:00;411
03.03.2023;21:00;22:00;411
03.03.2023;22:00;23:00;131
03.03.2023;23:00;00:00;0
04.03.2023;00:00;01:00;0
04.03.2023;01:00;02:00;0
04.03.2023;02:00;03:00;0
04.03.2023;03:00;04:00;0
04.03.2023;04:00;05:00;0
04.03.2023;05:00;06:00;0
04.03.2023;06:00;07:00;0
04.03.2023;07:00;08:00;0
04.03.2023;08:00;09:00;0
04.03.2023;09:00;10:00;0
04.03.2023;10:00;11:00;0
04.03.2023;11:00;12:00;0
04.03.2023;12:00;13:00;0
04.03.2023;13:00;14:00;0
04.03.2023;14:00;15:00;0
04.03.2023;15:00;16:00;0
04.03.2023;16:00;17:00;0
04.03.2023;17:00;18:00;0
04.03.2023;18:00;19:00;0
04.03.2023;19:00;20:00;0
04.03.2023;20:00;21:00;0
04.03.2023;21:00;22:00;0
04.03.2023;22:00;23:00;0
04.03.2023;23:00;00:00;0
05.03.2023;00:00;01:00;0
05.03.2023;01:00;02:00;0
05.03.2023;02:00;03:00;0
05.03.2023;03:00;04:00;0
05.03.2023;04:00;05:00;0
05.03.2023;05:00;06:00;0
05.03.2023;06:00;07:00;0
05.03.2023;07:00;08:00;0
05.03.2023;08:00;09:00;0
05.03.2023;09:00;10:00;0
05.03.2023;10:00;11:00;0
05.03.2023;11:00;12:00;0
05.03.2023;12:00;13:00;0
05.03.2023;13:00;14:00;0
05.03.2023;14:00;15:00;0
05.03.2023;15:00;16:00;0
05.03.2023;16:00;17:00;0
05.03.2023;17:00;18:00;0
05.03.2023;18:00;19:00;0
05.03.2023;19:00;20:00;0
05.03.2023;20:00;21:00;0
05.03.2023;21:00;22:00;0
05.03.2023;22:00;23:00;0
05.03.2023;23:00;00:00;0
06.03.2023;00:00;01:00;0
06.03.2023;01:00;02:00;0
06.03.2023;02:00;03:00;0
06.03.2023;03:00;04:00;0
06.03.2023;04:00;05:00;0
06.03.2023;05:00;06:00;28
06.03.2023;06:00;07:00;205
06.03.2023;07:00;08:00;403
06.03.2023;08:00;09:00;408
06.03.2023;09:00;10:00;408
06.03.2023;10:00;11:00;405
06.03.2023;11:00;12:00;404
06.03.2023;12:00;13:00;404
06.03.2023;13:00;14:00;403
06.03.2023;14:00;15:00;402
06.03.2023;15:00;16:00;403
06.03.2023;16:00;17:00;403
06.03.2023;17:00;18:00;404
06.03.2023;18:00;19:00;408
06.03.2023;19:00;20:00;411
06.03.2023;20:00;21:00;412
06.03.2023;21:00;22:00;412
06.03.2023;22:00;23:00;351
06.03.2023;23:00;00:00;349
07.03.2023;00:00;01:00;198
07.03.2023;01:00;02:00;181
07.03.2023;02:00;03:00;181
07.03.2023;03:00;04:00;180
07.03.2023;04:00;05:00;180
07.03.2023;05:00;06:00;228
07.03.2023;06:00;07:00;412
07.03.2023;07:00;08:00;414
07.03.2023;08:00;09:00;402
07.03.2023;09:00;10:00;402
07.03.2023;10:00;11:00;401
07.03.2023;11:00;12:00;399
07.03.2023;12:00;13:00;351
07.03.2023;13:00;14:00;348
07.03.2023;14:00;15:00;353
07.03.2023;15:00;16:00;406
07.03.2023;16:00;17:00;406
07.03.2023;17:00;18:00;407
07.03.2023;18:00;19:00;408
07.03.2023;19:00;20:00;409
07.03.2023;20:00;21:00;411
07.03.2023;21:00;22:00;414
07.03.2023;22:00;23:00;414
07.03.2023;23:00;00:00;207
08.03.2023;00:00;01:00;39
08.03.2023;01:00;02:00;0
08.03.2023;02:00;03:00;0
08.03.2023;03:00;04:00;0
08.03.2023;04:00;05:00;0
08.03.2023;05:00;06:00;0
08.03.2023;06:00;07:00;7
08.03.2023;07:00;08:00;128
08.03.2023;08:00;09:00;178
08.03.2023;09:00;10:00;182
08.03.2023;10:00;11:00;182
08.03.2023;11:00;12:00;182
08.03.2023;12:00;13:00;181
08.03.2023;13:00;14:00;176
08.03.2023;14:00;15:00;50
08.03.2023;15:00;16:00;0
08.03.2023;16:00;17:00;0
08.03.2023;17:00;18:00;0
08.03.2023;18:00;19:00;0
08.03.2023;19:00;20:00;0
08.03.2023;20:00;21:00;0
08.03.2023;21:00;22:00;0
08.03.2023;22:00;23:00;0
08.03.2023;23:00;00:00;0
09.03.2023;00:00;01:00;0
09.03.2023;01:00;02:00;0
09.03.2023;02:00;03:00;0
09.03.2023;03:00;04:00;0
09.03.2023;04:00;05:00;0
09.03.2023;05:00;06:00;0
09.03.2023;06:00;07:00;0
09.03.2023;07:00;08:00;0
09.03.2023;08:00;09:00;0
09.03.2023;09:00;10:00;0
09.03.2023;10:00;11:00;0
09.03.2023;11:00;12:00;0
09.03.2023;12:00;13:00;0
09.03.2023;13:00;14:00;0
09.03.2023;14:00;15:00;0
09.03.2023;15:00;16:00;0
09.03.2023;16:00;17:00;0
09.03.2023;17:00;18:00;0
09.03.2023;18:00;19:00;0
09.03.2023;19:00;20:00;0
09.03.2023;20:00;21:00;0
09.03.2023;21:00;22:00;0
09.03.2023;22:00;23:00;0
09.03.2023;23:00;00:00;0
10.03.2023;00:00;01:00;0
10.03.2023;01:00;02:00;0
10.03.2023;02:00;03:00;0
10.03.2023;03:00;04:00;0
10.03.2023;04:00;05:00;0
10.03.2023;05:00;06:00;0
10.03.2023;06:00;07:00;0
10.03.2023;07:00;08:00;0
10.03.2023;08:00;09:00;0
10.03.2023;09:00;10:00;0
10.03.2023;10:00;11:00;0
10.03.2023;11:00;12:00;0
10.03.2023;12:00;13:00;0
10.03.2023;13:00;14:00;0
10.03.2023;14:00;15:00;0
10.03.2023;15:00;16:00;0
10.03.2023;16:00;17:00;0
10.03.2023;17:00;18:00;0
10.03.2023;18:00;19:00;0
10.03.2023;19:00;20:00;0
10.03.2023;20:00;21:00;0
10.03.2023;21:00;22:00;0
10.03.2023;22:00;23:00;0
10.03.2023;23:00;00:00;0
11.03.2023;00:00;01:00;0
11.03.2023;01:00;02:00;0
11.03.2023;02:00;03:00;0
11.03.2023;03:00;04:00;0
11.03.2023;04:00;05:00;0
11.03.2023;05:00;06:00;0
11.03.2023;06:00;07:00;0
11.03.2023;07:00;08:00;0
11.03.2023;08:00;09:00;0
11.03.2023;09:00;10:00;0
11.03.2023;10:00;11:00;0
11.03.2023;11:00;12:00;0
11.03.2023;12:00;13:00;0
11.03.2023;13:00;14:00;0
11.03.2023;14:00;15:00;0
11.03.2023;15:00;16:00;0
11.03.2023;16:00;17:00;0
11.03.2023;17:00;18:00;0
11.03.2023;18:00;19:00;0
11.03.2023;19:00;20:00;0
11.03.2023;20:00;21:00;0
11.03.2023;21:00;22:00;0
11.03.2023;22:00;23:00;0
11.03.2023;23:00;00:00;0
12.03.2023;00:00;01:00;0
12.03.2023;01:00;02:00;0
12.03.2023;02:00;03:00;0
12.03.2023;03:00;04:00;0
12.03.2023;04:00;05:00;0
12.03.2023;05:00;06:00;0
12.03.2023;06:00;07:00;0
12.03.2023;07:00;08:00;0
12.03.2023;08:00;09:00;0
12.03.2023;09:00;10:00;0
12.03.2023;10:00;11:00;0
12.03.2023;11:00;12:00;0
12.03.2023;12:00;13:00;0
12.03.2023;13:00;14:00;0
12.03.2023;14:00;15:00;0
12.03.2023;15:00;16:00;0
12.03.2023;16:00;17:00;0
12.03.2023;17:00;18:00;0
12.03.2023;18:00;19:00;0
12.03.2023;19:00;20:00;0
12.03.2023;20:00;21:00;0
12.03.2023;21:00;22:00;0
12.03.2023;22:00;23:00;0
12.03.2023;23:00;00:00;0
13.03.2023;00:00;01:00;0
13.03.2023;01:00;02:00;0
13.03.2023;02:00;03:00;0
13.03.2023;03:00;04:00;0
13.03.2023;04:00;05:00;0
13.03.2023;05:00;06:00;0
13.03.2023;06:00;07:00;0
13.03.2023;07:00;08:00;0
13.03.2023;08:00;09:00;0
13.03.2023;09:00;10:00;0
13.03.2023;10:00;11:00;0
13.03.2023;11:00;12:00;0
13.03.2023;12:00;13:00;0
13.03.2023;13:00;14:00;0
13.03.2023;14:00;15:00;0
13.03.2023;15:00;16:00;0
13.03.2023;16:00;17:00;0
13.03.2023;17:00;18:00;0
13.03.2023;18:00;19:00;0
13.03.2023;19:00;20:00;0
13.03.2023;20:00;21:00;0
13.03.2023;21:00;22:00;0
13.03.2023;22:00;23:00;0
13.03.2023;23:00;00:00;0
14.03.2023;00:00;01:00;0
14.03.2023;01:00;02:00;0
14.03.2023;02:00;03:00;0
14.03.2023;03:00;04:00;0
14.03.2023;04:00;05:00;0
14.03.2023;05:00;06:00;0
14.03.2023;06:00;07:00;0
14.03.2023;07:00;08:00;0
14.03.2023;08:00;09:00;0
14.03.2023;09:00;10:00;0
14.03.2023;10:00;11:00;55
14.03.2023;11:00;12:00;95
14.03.2023;12:00;13:00;143
14.03.2023;13:00;14:00;152
14.03.2023;14:00;15:00;184
14.03.2023;15:00;16:00;250
14.03.2023;16:00;17:00;263
14.03.2023;17:00;18:00;389
14.03.2023;18:00;19:00;389
14.03.2023;19:00;20:00;370
14.03.2023;20:00;21:00;323
14.03.2023;21:00;22:00;343
14.03.2023;22:00;23:00;389
14.03.2023;23:00;00:00;260
15.03.2023;00:00;01:00;205
15.03.2023;01:00;02:00;353
15.03.2023;02:00;03:00;394
15.03.2023;03:00;04:00;398
15.03.2023;04:00;05:00;352
15.03.2023;05:00;06:00;303
15.03.2023;06:00;07:00;394
15.03.2023;07:00;08:00;307
15.03.2023;08:00;09:00;206
15.03.2023;09:00;10:00;171
15.03.2023;10:00;11:00;104
15.03.2023;11:00;12:00;105
15.03.2023;12:00;13:00;184
15.03.2023;13:00;14:00;184
15.03.2023;14:00;15:00;184
15.03.2023;15:00;16:00;184
15.03.2023;16:00;17:00;185
15.03.2023;17:00;18:00;115
15.03.2023;18:00;19:00;105
15.03.2023;19:00;20:00;105
15.03.2023;20:00;21:00;125
15.03.2023;21:00;22:00;255
15.03.2023;22:00;23:00;255
15.03.2023;23:00;00:00;255
16.03.2023;00:00;01:00;73
16.03.2023;01:00;02:00;0
16.03.2023;02:00;03:00;0
16.03.2023;03:00;04:00;0
16.03.2023;04:00;05:00;0
16.03.2023;05:00;06:00;0
16.03.2023;06:00;07:00;0
16.03.2023;07:00;08:00;0
16.03.2023;08:00;09:00;0
16.03.2023;09:00;10:00;0
16.03.2023;10:00;11:00;0
16.03.2023;11:00;12:00;0
16.03.2023;12:00;13:00;0
16.03.2023;13:00;14:00;0
16.03.2023;14:00;15:00;0
16.03.2023;15:00;16:00;0
16.03.2023;16:00;17:00;0
16.03.2023;17:00;18:00;0
16.03.2023;18:00;19:00;0
16.03.2023;19:00;20:00;0
16.03.2023;20:00;21:00;0
16.03.2023;21:00;22:00;0
16.03.2023;22:00;23:00;0
16.03.2023;23:00;00:00;0
17.03.2023;00:00;01:00;0
17.03.2023;01:00;02:00;0
17.03.2023;02:00;03:00;0
17.03.2023;03:00;04:00;0
17.03.2023;04:00;05:00;0
17.03.2023;05:00;06:00;0
17.03.2023;06:00;07:00;0
17.03.2023;07:00;08:00;0
17.03.2023;08:00;09:00;0
17.03.2023;09:00;10:00;0
17.03.2023;10:00;11:00;0
17.03.2023;11:00;12:00;0
17.03.2023;12:00;13:00;0
17.03.2023;13:00;14:00;0
17.03.2023;14:00;15:00;0
17.03.2023;15:00;16:00;0
17.03.2023;16:00;17:00;0
17.03.2023;17:00;18:00;0
17.03.2023;18:00;19:00;0
17.03.2023;19:00;20:00;0
17.03.2023;20:00;21:00;0
17.03.2023;21:00;22:00;0
17.03.2023;22:00;23:00;0
17.03.2023;23:00;00:00;0
18.03.2023;00:00;01:00;0
18.03.2023;01:00;02:00;0
18.03.2023;02:00;03:00;0
18.03.2023;03:00;04:00;0
18.03.2023;04:00;05:00;0
18.03.2023;05:00;06:00;0
18.03.2023;06:00;07:00;0
18.03.2023;07:00;08:00;0
18.03.2023;08:00;09:00;0
18.03.2023;09:00;10:00;0
18.03.2023;10:00;11:00;0
18.03.2023;11:00;12:00;0
18.03.2023;12:00;13:00;0
18.03.2023;13:00;14:00;0
18.03.2023;14:00;15:00;0
18.03.2023;15:00;16:00;0
18.03.2023;16:00;17:00;0
18.03.2023;17:00;18:00;0
18.03.2023;18:00;19:00;0
18.03.2023;19:00;20:00;0
18.03.2023;20:00;21:00;0
18.03.2023;21:00;22:00;0
18.03.2023;22:00;23:00;0
18.03.2023;23:00;00:00;0
19.03.2023;00:00;01:00;0
19.03.2023;01:00;02:00;0
19.03.2023;02:00;03:00;0
19.03.2023;03:00;04:00;0
19.03.2023;04:00;05:00;0
19.03.2023;05:00;06:00;0
19.03.2023;06:00;07:00;0
19.03.2023;07:00;08:00;0
19.03.2023;08:00;09:00;0
19.03.2023;09:00;10:00;0
19.03.2023;10:00;11:00;0
19.03.2023;11:00;12:00;0
19.03.2023;12:00;13:00;0
19.03.2023;13:00;14:00;0
19.03.2023;14:00;15:00;0
19.03.2023;15:00;16:00;0
19.03.2023;16:00;17:00;0
19.03.2023;17:00;18:00;0
19.03.2023;18:00;19:00;0
19.03.2023;19:00;20:00;0
19.03.2023;20:00;21:00;0
19.03.2023;21:00;22:00;0
19.03.2023;22:00;23:00;0
19.03.2023;23:00;00:00;0
20.03.2023;00:00;01:00;0
20.03.2023;01:00;02:00;0
20.03.2023;02:00;03:00;0
20.03.2023;03:00;04:00;0
20.03.2023;04:00;05:00;0
20.03.2023;05:00;06:00;0
20.03.2023;06:00;07:00;0
20.03.2023;07:00;08:00;0
20.03.2023;08:00;09:00;0
20.03.2023;09:00;10:00;0
20.03.2023;10:00;11:00;0
20.03.2023;11:00;12:00;0
20.03.2023;12:00;13:00;0
20.03.2023;13:00;14:00;0
20.03.2023;14:00;15:00;0
20.03.2023;15:00;16:00;0
20.03.2023;16:00;17:00;0
20.03.2023;17:00;18:00;0
20.03.2023;18:00;19:00;0
20.03.2023;19:00;20:00;0
20.03.2023;20:00;21:00;0
20.03.2023;21:00;22:00;0
20.03.2023;22:00;23:00;0
20.03.2023;23:00;00:00;0
21.03.2023;00:00;01:00;0
21.03.2023;01:00;02:00;0
21.03.2023;02:00;03:00;0
21.03.2023;03:00;04:00;0
21.03.2023;04:00;05:00;0
21.03.2023;05:00;06:00;0
21.03.2023;06:00;07:00;0
21.03.2023;07:00;08:00;0
21.03.2023;08:00;09:00;0
21.03.2023;09:00;10:00;0
21.03.2023;10:00;11:00;0
21.03.2023;11:00;12:00;0
21.03.2023;12:00;13:00;0
21.03.2023;13:00;14:00;0
21.03.2023;14:00;15:00;0
21.03.2023;15:00;16:00;0
21.03.2023;16:00;17:00;0
21.03.2023;17:00;18:00;0
21.03.2023;18:00;19:00;0
21.03.2023;19:00;20:00;0
21.03.2023;20:00;21:00;0
21.03.2023;21:00;22:00;0
21.03.2023;22:00;23:00;0
21.03.2023;23:00;00:00;0
22.03.2023;00:00;01:00;0
22.03.2023;01:00;02:00;0
22.03.2023;02:00;03:00;0
22.03.2023;03:00;04:00;0
22.03.2023;04:00;05:00;58
22.03.2023;05:00;06:00;81
22.03.2023;06:00;07:00;96
22.03.2023;07:00;08:00;150
22.03.2023;08:00;09:00;182
22.03.2023;09:00;10:00;182
22.03.2023;10:00;11:00;181
22.03.2023;11:00;12:00;180
22.03.2023;12:00;13:00;180
22.03.2023;13:00;14:00;181
22.03.2023;14:00;15:00;180
22.03.2023;15:00;16:00;180
22.03.2023;16:00;17:00;181
22.03.2023;17:00;18:00;55
22.03.2023;18:00;19:00;0
22.03.2023;19:00;20:00;0
22.03.2023;20:00;21:00;0
22.03.2023;21:00;22:00;0
22.03.2023;22:00;23:00;0
22.03.2023;23:00;00:00;0
23.03.2023;00:00;01:00;0
23.03.2023;01:00;02:00;0
23.03.2023;02:00;03:00;0
23.03.2023;03:00;04:00;0
23.03.2023;04:00;05:00;0
23.03.2023;05:00;06:00;0
23.03.2023;06:00;07:00;59
23.03.2023;07:00;08:00;149
23.03.2023;08:00;09:00;259
23.03.2023;09:00;10:00;369
23.03.2023;10:00;11:00;369
23.03.2023;11:00;12:00;369
23.03.2023;12:00;13:00;370
23.03.2023;13:00;14:00;233
23.03.2023;14:00;15:00;65
23.03.2023;15:00;16:00;0
23.03.2023;16:00;17:00;0
23.03.2023;17:00;18:00;0
23.03.2023;18:00;19:00;0
23.03.2023;19:00;20:00;0
23.03.2023;20:00;21:00;0
23.03.2023;21:00;22:00;0
23.03.2023;22:00;23:00;0
23.03.2023;23:00;00:00;0
24.03.2023;00:00;01:00;0
24.03.2023;01:00;02:00;0
24.03.2023;02:00;03:00;0
24.03.2023;03:00;04:00;0
24.03.2023;04:00;05:00;0
24.03.2023;05:00;06:00;0
24.03.2023;06:00;07:00;0
24.03.2023;07:00;08:00;0
24.03.2023;08:00;09:00;0
24.03.2023;09:00;10:00;0
24.03.2023;10:00;11:00;0
24.03.2023;11:00;12:00;0
24.03.2023;12:00;13:00;0
24.03.2023;13:00;14:00;0
24.03.2023;14:00;15:00;0
24.03.2023;15:00;16:00;0
24.03.2023;16:00;17:00;0
24.03.2023;17:00;18:00;0
24.03.2023;18:00;19:00;0
24.03.2023;19:00;20:00;0
24.03.2023;20:00;21:00;0
24.03.2023;21:00;22:00;0
24.03.2023;22:00;23:00;0
24.03.2023;23:00;00:00;0
25.03.2023;00:00;01:00;0
25.03.2023;01:00;02:00;0
25.03.2023;02:00;03:00;0
25.03.2023;03:00;04:00;0
25.03.2023;04:00;05:00;0
25.03.2023;05:00;06:00;0
25.03.2023;06:00;07:00;0
25.03.2023;07:00;08:00;0
25.03.2023;08:00;09:00;0
25.03.2023;09:00;10:00;0
25.03.2023;10:00;11:00;0
25.03.2023;11:00;12:00;0
25.03.2023;12:00;13:00;0
25.03.2023;13:00;14:00;0
25.03.2023;14:00;15:00;0
25.03.2023;15:00;16:00;0
25.03.2023;16:00;17:00;0
25.03.2023;17:00;18:00;0
25.03.2023;18:00;19:00;0
25.03.2023;19:00;20:00;0
25.03.2023;20:00;21:00;0
25.03.2023;21:00;22:00;0
25.03.2023;22:00;23:00;0
25.03.2023;23:00;00:00;0
26.03.2023;00:00;01:00;0
26.03.2023;01:00;02:00;0
26.03.2023;03:00;04:00;0
26.03.2023;04:00;05:00;0
26.03.2023;05:00;06:00;0
26.03.2023;06:00;07:00;0
26.03.2023;07:00;08:00;0
26.03.2023;08:00;09:00;0
26.03.2023;09:00;10:00;0
26.03.2023;10:00;11:00;0
26.03.2023;11:00;12:00;0
26.03.2023;12:00;13:00;0
26.03.2023;13:00;14:00;0
26.03.2023;14:00;15:00;0
26.03.2023;15:00;16:00;0
26.03.2023;16:00;17:00;0
26.03.2023;17:00;18:00;0
26.03.2023;18:00;19:00;0
26.03.2023;19:00;20:00;0
26.03.2023;20:00;21:00;0
26.03.2023;21:00;22:00;0
26.03.2023;22:00;23:00;0
26.03.2023;23:00;00:00;0
27.03.2023;00:00;01:00;0
27.03.2023;01:00;02:00;0
27.03.2023;02:00;03:00;62
27.03.2023;03:00;04:00;157
27.03.2023;04:00;05:00;203
27.03.2023;05:00;06:00;289
27.03.2023;06:00;07:00;302
27.03.2023;07:00;08:00;346
27.03.2023;08:00;09:00;346
27.03.2023;09:00;10:00;339
27.03.2023;10:00;11:00;338
27.03.2023;11:00;12:00;338
27.03.2023;12:00;13:00;232
27.03.2023;13:00;14:00;167
27.03.2023;14:00;15:00;161
27.03.2023;15:00;16:00;162
27.03.2023;16:00;17:00;162
27.03.2023;17:00;18:00;51
27.03.2023;18:00;19:00;0
27.03.2023;19:00;20:00;0
27.03.2023;20:00;21:00;0
27.03.2023;21:00;22:00;0
27.03.2023;22:00;23:00;0
27.03.2023;23:00;00:00;0
28.03.2023;00:00;01:00;0
28.03.2023;01:00;02:00;0
28.03.2023;02:00;03:00;0
28.03.2023;03:00;04:00;0
28.03.2023;04:00;05:00;0
28.03.2023;05:00;06:00;0
28.03.2023;06:00;07:00;0
28.03.2023;07:00;08:00;0
28.03.2023;08:00;09:00;0
28.03.2023;09:00;10:00;0
28.03.2023;10:00;11:00;0
28.03.2023;11:00;12:00;0
28.03.2023;12:00;13:00;0
28.03.2023;13:00;14:00;0
28.03.2023;14:00;15:00;0
28.03.2023;15:00;16:00;0
28.03.2023;16:00;17:00;0
28.03.2023;17:00;18:00;0
28.03.2023;18:00;19:00;0
28.03.2023;19:00;20:00;0
28.03.2023;20:00;21:00;0
28.03.2023;21:00;22:00;0
28.03.2023;22:00;23:00;0
28.03.2023;23:00;00:00;0
29.03.2023;00:00;01:00;0
29.03.2023;01:00;02:00;0
29.03.2023;02:00;03:00;0
29.03.2023;03:00;04:00;0
29.03.2023;04:00;05:00;0
29.03.2023;05:00;06:00;0
29.03.2023;06:00;07:00;0
29.03.2023;07:00;08:00;0
29.03.2023;08:00;09:00;0
29.03.2023;09:00;10:00;0
29.03.2023;10:00;11:00;0
29.03.2023;11:00;12:00;0
29.03.2023;12:00;13:00;0
29.03.2023;13:00;14:00;0
29.03.2023;14:00;15:00;0
29.03.2023;15:00;16:00;0
29.03.2023;16:00;17:00;0
29.03.2023;17:00;18:00;0
29.03.2023;18:00;19:00;0
29.03.2023;19:00;20:00;0
29.03.2023;20:00;21:00;0
29.03.2023;21:00;22:00;0
29.03.2023;22:00;23:00;0
29.03.2023;23:00;00:00;0
30.03.2023;00:00;01:00;0
30.03.2023;01:00;02:00;0
30.03.2023;02:00;03:00;0
30.03.2023;03:00;04:00;0
30.03.2023;04:00;05:00;0
30.03.2023;05:00;06:00;0
30.03.2023;06:00;07:00;0
30.03.2023;07:00;08:00;0
30.03.2023;08:00;09:00;0
30.03.2023;09:00;10:00;0
30.03.2023;10:00;11:00;0
30.03.2023;11:00;12:00;0
30.03.2023;12:00;13:00;0
30.03.2023;13:00;14:00;0
30.03.2023;14:00;15:00;0
30.03.2023;15:00;16:00;0
30.03.2023;16:00;17:00;0
30.03.2023;17:00;18:00;0
30.03.2023;18:00;19:00;0
30.03.2023;19:00;20:00;0
30.03.2023;20:00;21:00;0
30.03.2023;21:00;22:00;0
30.03.2023;22:00;23:00;0
30.03.2023;23:00;00:00;0
31.03.2023;00:00;01:00;0
31.03.2023;01:00;02:00;0
31.03.2023;02:00;03:00;0
31.03.2023;03:00;04:00;0
31.03.2023;04:00;05:00;0
31.03.2023;05:00;06:00;0
31.03.2023;06:00;07:00;0
31.03.2023;07:00;08:00;0
31.03.2023;08:00;09:00;0
31.03.2023;09:00;10:00;0
31.03.2023;10:00;11:00;0
31.03.2023;11:00;12:00;0
31.03.2023;12:00;13:00;0
31.03.2023;13:00;14:00;0
31.03.2023;14:00;15:00;0
31.03.2023;15:00;16:00;0
31.03.2023;16:00;17:00;0
31.03.2023;17:00;18:00;0
31.03.2023;18:00;19:00;0
31.03.2023;19:00;20:00;0
31.03.2023;20:00;21:00;0
31.03.2023;21:00;22:00;0
31.03.2023;22:00;23:00;0
31.03.2023;23:00;00:00;0
01.04.2023;00:00;01:00;0
01.04.2023;01:00;02:00;0
01.04.2023;02:00;03:00;0
01.04.2023;03:00;04:00;0
01.04.2023;04:00;05:00;0
01.04.2023;05:00;06:00;0
01.04.2023;06:00;07:00;0
01.04.2023;07:00;08:00;0
01.04.2023;08:00;09:00;0
01.04.2023;09:00;10:00;0
01.04.2023;10:00;11:00;0
01.04.2023;11:00;12:00;0
01.04.2023;12:00;13:00;0
01.04.2023;13:00;14:00;0
01.04.2023;14:00;15:00;0
01.04.2023;15:00;16:00;0
01.04.2023;16:00;17:00;0
01.04.2023;17:00;18:00;0
01.04.2023;18:00;19:00;0
01.04.2023;19:00;20:00;0
01.04.2023;20:00;21:00;0
01.04.2023;21:00;22:00;0
01.04.2023;22:00;23:00;0
01.04.2023;23:00;00:00;0
02.04.2023;00:00;01:00;0
02.04.2023;01:00;02:00;0
02.04.2023;02:00;03:00;0
02.04.2023;03:00;04:00;0
02.04.2023;04:00;05:00;0
02.04.2023;05:00;06:00;0
02.04.2023;06:00;07:00;0
02.04.2023;07:00;08:00;0
02.04.2023;08:00;09:00;0
02.04.2023;09:00;10:00;0
02.04.2023;10:00;11:00;0
02.04.2023;11:00;12:00;0
02.04.2023;12:00;13:00;0
02.04.2023;13:00;14:00;0
02.04.2023;14:00;15:00;0
02.04.2023;15:00;16:00;0
02.04.2023;16:00;17:00;0
02.04.2023;17:00;18:00;0
02.04.2023;18:00;19:00;0
02.04.2023;19:00;20:00;0
02.04.2023;20:00;21:00;0
02.04.2023;21:00;22:00;0
02.04.2023;22:00;23:00;0
02.04.2023;23:00;00:00;0
03.04.2023;00:00;01:00;0
03.04.2023;01:00;02:00;0
03.04.2023;02:00;03:00;0
03.04.2023;03:00;04:00;0
03.04.2023;04:00;05:00;0
03.04.2023;05:00;06:00;0
03.04.2023;06:00;07:00;0
03.04.2023;07:00;08:00;0
03.04.2023;08:00;09:00;0
03.04.2023;09:00;10:00;0
03.04.2023;10:00;11:00;0
03.04.2023;11:00;12:00;0
03.04.2023;12:00;13:00;0
03.04.2023;13:00;14:00;0
03.04.2023;14:00;15:00;0
03.04.2023;15:00;16:00;0
03.04.2023;16:00;17:00;0
03.04.2023;17:00;18:00;0
03.04.2023;18:00;19:00;0
03.04.2023;19:00;20:00;0
03.04.2023;20:00;21:00;0
03.04.2023;21:00;22:00;0
03.04.2023;22:00;23:00;0
03.04.2023;23:00;00:00;0
04.04.2023;00:00;01:00;0
04.04.2023;01:00;02:00;0
04.04.2023;02:00;03:00;0
04.04.2023;03:00;04:00;0
04.04.2023;04:00;05:00;0
04.04.2023;05:00;06:00;0
04.04.2023;06:00;07:00;0
04.04.2023;07:00;08:00;0
04.04.2023;08:00;09:00;0
04.04.2023;09:00;10:00;0
04.04.2023;10:00;11:00;0
04.04.2023;11:00;12:00;0
04.04.2023;12:00;13:00;0
04.04.2023;13:00;14:00;0
04.04.2023;14:00;15:00;0
04.04.2023;15:00;16:00;0
04.04.2023;16:00;17:00;0
04.04.2023;17:00;18:00;0
04.04.2023;18:00;19:00;0
04.04.2023;19:00;20:00;0
04.04.2023;20:00;21:00;0
04.04.2023;21:00;22:00;0
04.04.2023;22:00;23:00;0
04.04.2023;23:00;00:00;0
05.04.2023;00:00;01:00;0
05.04.2023;01:00;02:00;0
05.04.2023;02:00;03:00;0
05.04.2023;03:00;04:00;54
05.04.2023;04:00;05:00;86
05.04.2023;05:00;06:00;122
05.04.2023;06:00;07:00;162
05.04.2023;07:00;08:00;106
05.04.2023;08:00;09:00;106
05.04.2023;09:00;10:00;106
05.04.2023;10:00;11:00;106
05.04.2023;11:00;12:00;106
05.04.2023;12:00;13:00;120
05.04.2023;13:00;14:00;53
05.04.2023;14:00;15:00;0
05.04.2023;15:00;16:00;0
05.04.2023;16:00;17:00;0
05.04.2023;17:00;18:00;0
05.04.2023;18:00;19:00;0
05.04.2023;19:00;20:00;0
05.04.2023;20:00;21:00;0
05.04.2023;21:00;22:00;0
05.04.2023;22:00;23:00;0
05.04.2023;23:00;00:00;0
06.04.2023;00:00;01:00;0
06.04.2023;01:00;02:00;0
06.04.2023;02:00;03:00;0
06.04.2023;03:00;04:00;0
06.04.2023;04:00;05:00;0
06.04.2023;05:00;06:00;0
06.04.2023;06:00;07:00;0
06.04.2023;07:00;08:00;0
06.04.2023;08:00;09:00;0
06.04.2023;09:00;10:00;0
06.04.2023;10:00;11:00;0
06.04.2023;11:00;12:00;0
06.04.2023;12:00;13:00;0
06.04.2023;13:00;14:00;0
06.04.2023;14:00;15:00;0
06.04.2023;15:00;16:00;0
06.04.2023;16:00;17:00;0
06.04.2023;17:00;18:00;0
06.04.2023;18:00;19:00;0
06.04.2023;19:00;20:00;0
06.04.2023;20:00;21:00;0
06.04.2023;21:00;22:00;0
06.04.2023;22:00;23:00;0
06.04.2023;23:00;00:00;0
07.04.2023;00:00;01:00;0
07.04.2023;01:00;02:00;0
07.04.2023;02:00;03:00;0
07.04.2023;03:00;04:00;0
07.04.2023;04:00;05:00;0
07.04.2023;05:00;06:00;0
07.04.2023;06:00;07:00;0
07.04.2023;07:00;08:00;0
07.04.2023;08:00;09:00;0
07.04.2023;09:00;10:00;0
07.04.2023;10:00;11:00;0
07.04.2023;11:00;12:00;0
07.04.2023;12:00;13:00;0
07.04.2023;13:00;14:00;0
07.04.2023;14:00;15:00;0
07.04.2023;15:00;16:00;0
07.04.2023;16:00;17:00;0
07.04.2023;17:00;18:00;0
07.04.2023;18:00;19:00;0
07.04.2023;19:00;20:00;0
07.04.2023;20:00;21:00;0
07.04.2023;21:00;22:00;0
07.04.2023;22:00;23:00;0
07.04.2023;23:00;00:00;0
08.04.2023;00:00;01:00;0
08.04.2023;01:00;02:00;0
08.04.2023;02:00;03:00;0
08.04.2023;03:00;04:00;0
08.04.2023;04:00;05:00;0
08.04.2023;05:00;06:00;0
08.04.2023;06:00;07:00;0
08.04.2023;07:00;08:00;0
08.04.2023;08:00;09:00;0
08.04.2023;09:00;10:00;0
08.04.2023;10:00;11:00;0
08.04.2023;11:00;12:00;0
08.04.2023;12:00;13:00;0
08.04.2023;13:00;14:00;0
08.04.2023;14:00;15:00;0
08.04.2023;15:00;16:00;0
08.04.2023;16:00;17:00;0
08.04.2023;17:00;18:00;0
08.04.2023;18:00;19:00;0
08.04.2023;19:00;20:00;0
08.04.2023;20:00;21:00;0
08.04.2023;21:00;22:00;0
08.04.2023;22:00;23:00;0
08.04.2023;23:00;00:00;0
09.04.2023;00:00;01:00;0
09.04.2023;01:00;02:00;0
09.04.2023;02:00;03:00;0
09.04.2023;03:00;04:00;0
09.04.2023;04:00;05:00;0
09.04.2023;05:00;06:00;0
09.04.2023;06:00;07:00;0
09.04.2023;07:00;08:00;0
09.04.2023;08:00;09:00;0
09.04.2023;09:00;10:00;0
09.04.2023;10:00;11:00;0
09.04.2023;11:00;12:00;0
09.04.2023;12:00;13:00;0
09.04.2023;13:00;14:00;0
09.04.2023;14:00;15:00;0
09.04.2023;15:00;16:00;0
09.04.2023;16:00;17:00;0
09.04.2023;17:00;18:00;0
09.04.2023;18:00;19:00;0
09.04.2023;19:00;20:00;0
09.04.2023;20:00;21:00;0
09.04.2023;21:00;22:00;0
09.04.2023;22:00;23:00;0
09.04.2023;23:00;00:00;0
10.04.2023;00:00;01:00;0
10.04.2023;01:00;02:00;0
10.04.2023;02:00;03:00;0
10.04.2023;03:00;04:00;0
10.04.2023;04:00;05:00;0
10.04.2023;05:00;06:00;0
10.04.2023;06:00;07:00;0
10.04.2023;07:00;08:00;0
10.04.2023;08:00;09:00;0
10.04.2023;09:00;10:00;0
10.04.2023;10:00;11:00;0
10.04.2023;11:00;12:00;0
10.04.2023;12:00;13:00;0
10.04.2023;13:00;14:00;0
10.04.2023;14:00;15:00;0
10.04.2023;15:00;16:00;0
10.04.2023;16:00;17:00;0
10.04.2023;17:00;18:00;0
10.04.2023;18:00;19:00;0
10.04.2023;19:00;20:00;0
10.04.2023;20:00;21:00;0
10.04.2023;21:00;22:00;0
10.04.2023;22:00;23:00;0
10.04.2023;23:00;00:00;0
11.04.2023;00:00;01:00;0
11.04.2023;01:00;02:00;0
11.04.2023;02:00;03:00;0
11.04.2023;03:00;04:00;0
11.04.2023;04:00;05:00;0
11.04.2023;05:00;06:00;0
11.04.2023;06:00;07:00;0
11.04.2023;07:00;08:00;0
11.04.2023;08:00;09:00;0
11.04.2023;09:00;10:00;0
11.04.2023;10:00;11:00;0
11.04.2023;11:00;12:00;0
11.04.2023;12:00;13:00;0
11.04.2023;13:00;14:00;0
11.04.2023;14:00;15:00;0
11.04.2023;15:00;16:00;0
11.04.2023;16:00;17:00;0
11.04.2023;17:00;18:00;0
11.04.2023;18:00;19:00;0
11.04.2023;19:00;20:00;0
11.04.2023;20:00;21:00;0
11.04.2023;21:00;22:00;0
11.04.2023;22:00;23:00;0
11.04.2023;23:00;00:00;0
12.04.2023;00:00;01:00;0
12.04.2023;01:00;02:00;0
12.04.2023;02:00;03:00;0
12.04.2023;03:00;04:00;0
12.04.2023;04:00;05:00;0
12.04.2023;05:00;06:00;0
12.04.2023;06:00;07:00;0
12.04.2023;07:00;08:00;0
12.04.2023;08:00;09:00;0
12.04.2023;09:00;10:00;0
12.04.2023;10:00;11:00;0
12.04.2023;11:00;12:00;0
12.04.2023;12:00;13:00;0
12.04.2023;13:00;14:00;0
12.04.2023;14:00;15:00;0
12.04.2023;15:00;16:00;0
12.04.2023;16:00;17:00;0
12.04.2023;17:00;18:00;0
12.04.2023;18:00;19:00;0
12.04.2023;19:00;20:00;0
12.04.2023;20:00;21:00;0
12.04.2023;21:00;22:00;0
12.04.2023;22:00;23:00;0
12.04.2023;23:00;00:00;0
13.04.2023;00:00;01:00;0
13.04.2023;01:00;02:00;0
13.04.2023;02:00;03:00;0
13.04.2023;03:00;04:00;0
13.04.2023;04:00;05:00;0
13.04.2023;05:00;06:00;0
13.04.2023;06:00;07:00;0
13.04.2023;07:00;08:00;57
13.04.2023;08:00;09:00;80
13.04.2023;09:00;10:00;87
13.04.2023;10:00;11:00;138
13.04.2023;11:00;12:00;233
13.04.2023;12:00;13:00;401
13.04.2023;13:00;14:00;412
13.04.2023;14:00;15:00;399
13.04.2023;15:00;16:00;399
13.04.2023;16:00;17:00;399
13.04.2023;17:00;18:00;399
13.04.2023;18:00;19:00;399
13.04.2023;19:00;20:00;399
13.04.2023;20:00;21:00;399
13.04.2023;21:00;22:00;399
13.04.2023;22:00;23:00;324
13.04.2023;23:00;00:00;200
14.04.2023;00:00;01:00;56
14.04.2023;01:00;02:00;0
14.04.2023;02:00;03:00;0
14.04.2023;03:00;04:00;0
14.04.2023;04:00;05:00;0
14.04.2023;05:00;06:00;0
14.04.2023;06:00;07:00;0
14.04.2023;07:00;08:00;0
14.04.2023;08:00;09:00;0
14.04.2023;09:00;10:00;0
14.04.2023;10:00;11:00;0
14.04.2023;11:00;12:00;0
14.04.2023;12:00;13:00;0
14.04.2023;13:00;14:00;0
14.04.2023;14:00;15:00;0
14.04.2023;15:00;16:00;0
14.04.2023;16:00;17:00;0
14.04.2023;17:00;18:00;0
14.04.2023;18:00;19:00;0
14.04.2023;19:00;20:00;0
14.04.2023;20:00;21:00;0
14.04.2023;21:00;22:00;0
14.04.2023;22:00;23:00;0
14.04.2023;23:00;00:00;0
15.04.2023;00:00;01:00;0
15.04.2023;01:00;02:00;0
15.04.2023;02:00;03:00;0
15.04.2023;03:00;04:00;0
15.04.2023;04:00;05:00;0
15.04.2023;05:00;06:00;0
15.04.2023;06:00;07:00;0
15.04.2023;07:00;08:00;0
15.04.2023;08:00;09:00;0
15.04.2023;09:00;10:00;0
15.04.2023;10:00;11:00;0
15.04.2023;11:00;12:00;0
15.04.2023;12:00;13:00;0
15.04.2023;13:00;14:00;0
15.04.2023;14:00;15:00;0
15.04.2023;15:00;16:00;0
15.04.2023;16:00;17:00;0
15.04.2023;17:00;18:00;0
15.04.2023;18:00;19:00;0
15.04.2023;19:00;20:00;0
15.04.2023;20:00;21:00;0
15.04.2023;21:00;22:00;0
15.04.2023;22:00;23:00;0
15.04.2023;23:00;00:00;0
16.04.2023;00:00;01:00;0
16.04.2023;01:00;02:00;0
16.04.2023;02:00;03:00;0
16.04.2023;03:00;04:00;0
16.04.2023;04:00;05:00;0
16.04.2023;05:00;06:00;0
16.04.2023;06:00;07:00;0
16.04.2023;07:00;08:00;0
16.04.2023;08:00;09:00;0
16.04.2023;09:00;10:00;0
16.04.2023;10:00;11:00;0
16.04.2023;11:00;12:00;0
16.04.2023;12:00;13:00;0
16.04.2023;13:00;14:00;0
16.04.2023;14:00;15:00;0
16.04.2023;15:00;16:00;0
16.04.2023;16:00;17:00;0
16.04.2023;17:00;18:00;0
16.04.2023;18:00;19:00;0
16.04.2023;19:00;20:00;0
16.04.2023;20:00;21:00;0
16.04.2023;21:00;22:00;0
16.04.2023;22:00;23:00;0
16.04.2023;23:00;00:00;0
17.04.2023;00:00;01:00;0
17.04.2023;01:00;02:00;0
17.04.2023;02:00;03:00;0
17.04.2023;03:00;04:00;0
17.04.2023;04:00;05:00;0
17.04.2023;05:00;06:00;0
17.04.2023;06:00;07:00;0
17.04.2023;07:00;08:00;0
17.04.2023;08:00;09:00;0
17.04.2023;09:00;10:00;0
17.04.2023;10:00;11:00;0
17.04.2023;11:00;12:00;0
17.04.2023;12:00;13:00;0
17.04.2023;13:00;14:00;0
17.04.2023;14:00;15:00;0
17.04.2023;15:00;16:00;0
17.04.2023;16:00;17:00;0
17.04.2023;17:00;18:00;0
17.04.2023;18:00;19:00;0
17.04.2023;19:00;20:00;0
17.04.2023;20:00;21:00;0
17.04.2023;21:00;22:00;0
17.04.2023;22:00;23:00;0
17.04.2023;23:00;00:00;0
18.04.2023;00:00;01:00;0
18.04.2023;01:00;02:00;0
18.04.2023;02:00;03:00;0
18.04.2023;03:00;04:00;0
18.04.2023;04:00;05:00;0
18.04.2023;05:00;06:00;0
18.04.2023;06:00;07:00;0
18.04.2023;07:00;08:00;0
18.04.2023;08:00;09:00;0
18.04.2023;09:00;10:00;0
18.04.2023;10:00;11:00;0
18.04.2023;11:00;12:00;0
18.04.2023;12:00;13:00;0
18.04.2023;13:00;14:00;0
18.04.2023;14:00;15:00;0
18.04.2023;15:00;16:00;0
18.04.2023;16:00;17:00;0
18.04.2023;17:00;18:00;0
18.04.2023;18:00;19:00;0
18.04.2023;19:00;20:00;0
18.04.2023;20:00;21:00;0
18.04.2023;21:00;22:00;0
18.04.2023;22:00;23:00;0
18.04.2023;23:00;00:00;0
19.04.2023;00:00;01:00;0
19.04.2023;01:00;02:00;0
19.04.2023;02:00;03:00;0
19.04.2023;03:00;04:00;0
19.04.2023;04:00;05:00;0
19.04.2023;05:00;06:00;0
19.04.2023;06:00;07:00;0
19.04.2023;07:00;08:00;0
19.04.2023;08:00;09:00;0
19.04.2023;09:00;10:00;0
19.04.2023;10:00;11:00;0
19.04.2023;11:00;12:00;0
19.04.2023;12:00;13:00;0
19.04.2023;13:00;14:00;0
19.04.2023;14:00;15:00;0
19.04.2023;15:00;16:00;0
19.04.2023;16:00;17:00;0
19.04.2023;17:00;18:00;0
19.04.2023;18:00;19:00;0
19.04.2023;19:00;20:00;0
19.04.2023;20:00;21:00;0
19.04.2023;21:00;22:00;0
19.04.2023;22:00;23:00;0
19.04.2023;23:00;00:00;0
20.04.2023;00:00;01:00;0
20.04.2023;01:00;02:00;0
20.04.2023;02:00;03:00;0
20.04.2023;03:00;04:00;59
20.04.2023;04:00;05:00;81
20.04.2023;05:00;06:00;102
20.04.2023;06:00;07:00;157
20.04.2023;07:00;08:00;200
20.04.2023;08:00;09:00;207
20.04.2023;09:00;10:00;300
20.04.2023;10:00;11:00;300
20.04.2023;11:00;12:00;194
20.04.2023;12:00;13:00;183
20.04.2023;13:00;14:00;183
20.04.2023;14:00;15:00;182
20.04.2023;15:00;16:00;182
20.04.2023;16:00;17:00;181
20.04.2023;17:00;18:00;182
20.04.2023;18:00;19:00;181
20.04.2023;19:00;20:00;182
20.04.2023;20:00;21:00;191
20.04.2023;21:00;22:00;287
20.04.2023;22:00;23:00;188
20.04.2023;23:00;00:00;111
21.04.2023;00:00;01:00;104
21.04.2023;01:00;02:00;104
21.04.2023;02:00;03:00;104
21.04.2023;03:00;04:00;105
21.04.2023;04:00;05:00;105
21.04.2023;05:00;06:00;105
21.04.2023;06:00;07:00;263
21.04.2023;07:00;08:00;344
21.04.2023;08:00;09:00;212
21.04.2023;09:00;10:00;200
21.04.2023;10:00;11:00;200
21.04.2023;11:00;12:00;200
21.04.2023;12:00;13:00;114
21.04.2023;13:00;14:00;101
21.04.2023;14:00;15:00;101
21.04.2023;15:00;16:00;101
21.04.2023;16:00;17:00;109
21.04.2023;17:00;18:00;201
21.04.2023;18:00;19:00;63
21.04.2023;19:00;20:00;0
21.04.2023;20:00;21:00;0
21.04.2023;21:00;22:00;0
21.04.2023;22:00;23:00;0
21.04.2023;23:00;00:00;0
22.04.2023;00:00;01:00;0
22.04.2023;01:00;02:00;0
22.04.2023;02:00;03:00;0
22.04.2023;03:00;04:00;0
22.04.2023;04:00;05:00;0
22.04.2023;05:00;06:00;0
22.04.2023;06:00;07:00;0
22.04.2023;07:00;08:00;0
22.04.2023;08:00;09:00;0
22.04.2023;09:00;10:00;0
22.04.2023;10:00;11:00;0
22.04.2023;11:00;12:00;0
22.04.2023;12:00;13:00;0
22.04.2023;13:00;14:00;0
22.04.2023;14:00;15:00;0
22.04.2023;15:00;16:00;0
22.04.2023;16:00;17:00;0
22.04.2023;17:00;18:00;0
22.04.2023;18:00;19:00;0
22.04.2023;19:00;20:00;0
22.04.2023;20:00;21:00;0
22.04.2023;21:00;22:00;0
22.04.2023;22:00;23:00;0
22.04.2023;23:00;00:00;0
23.04.2023;00:00;01:00;0
23.04.2023;01:00;02:00;0
23.04.2023;02:00;03:00;0
23.04.2023;03:00;04:00;0
23.04.2023;04:00;05:00;0
23.04.2023;05:00;06:00;0
23.04.2023;06:00;07:00;0
23.04.2023;07:00;08:00;0
23.04.2023;08:00;09:00;0
23.04.2023;09:00;10:00;0
23.04.2023;10:00;11:00;0
23.04.2023;11:00;12:00;0
23.04.2023;12:00;13:00;0
23.04.2023;13:00;14:00;0
23.04.2023;14:00;15:00;0
23.04.2023;15:00;16:00;0
23.04.2023;16:00;17:00;0
23.04.2023;17:00;18:00;0
23.04.2023;18:00;19:00;0
23.04.2023;19:00;20:00;0
23.04.2023;20:00;21:00;0
23.04.2023;21:00;22:00;0
23.04.2023;22:00;23:00;0
23.04.2023;23:00;00:00;0
24.04.2023;00:00;01:00;0
24.04.2023;01:00;02:00;0
24.04.2023;02:00;03:00;0
24.04.2023;03:00;04:00;0
24.04.2023;04:00;05:00;0
24.04.2023;05:00;06:00;11
24.04.2023;06:00;07:00;101
24.04.2023;07:00;08:00;113
24.04.2023;08:00;09:00;197
24.04.2023;09:00;10:00;197
24.04.2023;10:00;11:00;197
24.04.2023;11:00;12:00;197
24.04.2023;12:00;13:00;197
24.04.2023;13:00;14:00;56
24.04.2023;14:00;15:00;0
24.04.2023;15:00;16:00;0
24.04.2023;16:00;17:00;0
24.04.2023;17:00;18:00;0
24.04.2023;18:00;19:00;0
24.04.2023;19:00;20:00;0
24.04.2023;20:00;21:00;0
24.04.2023;21:00;22:00;0
24.04.2023;22:00;23:00;0
24.04.2023;23:00;00:00;0
25.04.2023;00:00;01:00;0
25.04.2023;01:00;02:00;0
25.04.2023;02:00;03:00;0
25.04.2023;03:00;04:00;0
25.04.2023;04:00;05:00;10
25.04.2023;05:00;06:00;117
25.04.2023;06:00;07:00;211
25.04.2023;07:00;08:00;399
25.04.2023;08:00;09:00;407
25.04.2023;09:00;10:00;411
25.04.2023;10:00;11:00;410
25.04.2023;11:00;12:00;212
25.04.2023;12:00;13:00;82
25.04.2023;13:00;14:00;0
25.04.2023;14:00;15:00;0
25.04.2023;15:00;16:00;0
25.04.2023;16:00;17:00;0
25.04.2023;17:00;18:00;0
25.04.2023;18:00;19:00;0
25.04.2023;19:00;20:00;0
25.04.2023;20:00;21:00;0
25.04.2023;21:00;22:00;0
25.04.2023;22:00;23:00;0
25.04.2023;23:00;00:00;0
26.04.2023;00:00;01:00;0
26.04.2023;01:00;02:00;0
26.04.2023;02:00;03:00;0
26.04.2023;03:00;04:00;0
26.04.2023;04:00;05:00;12
26.04.2023;05:00;06:00;110
26.04.2023;06:00;07:00;105
26.04.2023;07:00;08:00;124
26.04.2023;08:00;09:00;300
26.04.2023;09:00;10:00;172
26.04.2023;10:00;11:00;151
26.04.2023;11:00;12:00;112
26.04.2023;12:00;13:00;52
26.04.2023;13:00;14:00;0
26.04.2023;14:00;15:00;0
26.04.2023;15:00;16:00;0
26.04.2023;16:00;17:00;0
26.04.2023;17:00;18:00;0
26.04.2023;18:00;19:00;0
26.04.2023;19:00;20:00;0
26.04.2023;20:00;21:00;0
26.04.2023;21:00;22:00;0
26.04.2023;22:00;23:00;0
26.04.2023;23:00;00:00;0
27.04.2023;00:00;01:00;0
27.04.2023;01:00;02:00;0
27.04.2023;02:00;03:00;0
27.04.2023;03:00;04:00;0
27.04.2023;04:00;05:00;13
27.04.2023;05:00;06:00;107
27.04.2023;06:00;07:00;112
27.04.2023;07:00;08:00;221
27.04.2023;08:00;09:00;350
27.04.2023;09:00;10:00;213
27.04.2023;10:00;11:00;200
27.04.2023;11:00;12:00;125
27.04.2023;12:00;13:00;46
27.04.2023;13:00;14:00;0
27.04.2023;14:00;15:00;0
27.04.2023;15:00;16:00;0
27.04.2023;16:00;17:00;0
27.04.2023;17:00;18:00;0
27.04.2023;18:00;19:00;0
27.04.2023;19:00;20:00;0
27.04.2023;20:00;21:00;0
27.04.2023;21:00;22:00;0
27.04.2023;22:00;23:00;0
27.04.2023;23:00;00:00;0
28.04.2023;00:00;01:00;0
28.04.2023;01:00;02:00;0
28.04.2023;02:00;03:00;0
28.04.2023;03:00;04:00;0
28.04.2023;04:00;05:00;0
28.04.2023;05:00;06:00;0
28.04.2023;06:00;07:00;0
28.04.2023;07:00;08:00;0
28.04.2023;08:00;09:00;0
28.04.2023;09:00;10:00;0
28.04.2023;10:00;11:00;0
28.04.2023;11:00;12:00;0
28.04.2023;12:00;13:00;0
28.04.2023;13:00;14:00;0
28.04.2023;14:00;15:00;0
28.04.2023;15:00;16:00;0
28.04.2023;16:00;17:00;0
28.04.2023;17:00;18:00;0
28.04.2023;18:00;19:00;0
28.04.2023;19:00;20:00;0
28.04.2023;20:00;21:00;0
28.04.2023;21:00;22:00;0
28.04.2023;22:00;23:00;0
28.04.2023;23:00;00:00;0
29.04.2023;00:00;01:00;0
29.04.2023;01:00;02:00;0
29.04.2023;02:00;03:00;0
29.04.2023;03:00;04:00;0
29.04.2023;04:00;05:00;0
29.04.2023;05:00;06:00;0
29.04.2023;06:00;07:00;0
29.04.2023;07:00;08:00;0
29.04.2023;08:00;09:00;0
29.04.2023;09:00;10:00;0
29.04.2023;10:00;11:00;0
29.04.2023;11:00;12:00;0
29.04.2023;12:00;13:00;0
29.04.2023;13:00;14:00;0
29.04.2023;14:00;15:00;0
29.04.2023;15:00;16:00;0
29.04.2023;16:00;17:00;0
29.04.2023;17:00;18:00;0
29.04.2023;18:00;19:00;0
29.04.2023;19:00;20:00;0
29.04.2023;20:00;21:00;0
29.04.2023;21:00;22:00;0
29.04.2023;22:00;23:00;0
29.04.2023;23:00;00:00;0
30.04.2023;00:00;01:00;0
30.04.2023;01:00;02:00;0
30.04.2023;02:00;03:00;0
30.04.2023;03:00;04:00;0
30.04.2023;04:00;05:00;0
30.04.2023;05:00;06:00;0
30.04.2023;06:00;07:00;0
30.04.2023;07:00;08:00;0
30.04.2023;08:00;09:00;0
30.04.2023;09:00;10:00;0
30.04.2023;10:00;11:00;0
30.04.2023;11:00;12:00;0
30.04.2023;12:00;13:00;0
30.04.2023;13:00;14:00;0
30.04.2023;14:00;15:00;0
30.04.2023;15:00;16:00;0
30.04.2023;16:00;17:00;0
30.04.2023;17:00;18:00;0
30.04.2023;18:00;19:00;0
30.04.2023;19:00;20:00;0
30.04.2023;20:00;21:00;0
30.04.2023;21:00;22:00;0
30.04.2023;22:00;23:00;0
30.04.2023;23:00;00:00;0
01.05.2023;00:00;01:00;0
01.05.2023;01:00;02:00;0
01.05.2023;02:00;03:00;0
01.05.2023;03:00;04:00;0
01.05.2023;04:00;05:00;0
01.05.2023;05:00;06:00;0
01.05.2023;06:00;07:00;0
01.05.2023;07:00;08:00;0
01.05.2023;08:00;09:00;0
01.05.2023;09:00;10:00;0
01.05.2023;10:00;11:00;0
01.05.2023;11:00;12:00;0
01.05.2023;12:00;13:00;0
01.05.2023;13:00;14:00;0
01.05.2023;14:00;15:00;0
01.05.2023;15:00;16:00;0
01.05.2023;16:00;17:00;0
01.05.2023;17:00;18:00;0
01.05.2023;18:00;19:00;0
01.05.2023;19:00;20:00;0
01.05.2023;20:00;21:00;0
01.05.2023;21:00;22:00;0
01.05.2023;22:00;23:00;0
01.05.2023;23:00;00:00;0
02.05.2023;00:00;01:00;0
02.05.2023;01:00;02:00;0
02.05.2023;02:00;03:00;0
02.05.2023;03:00;04:00;0
02.05.2023;04:00;05:00;0
02.05.2023;05:00;06:00;0
02.05.2023;06:00;07:00;0
02.05.2023;07:00;08:00;0
02.05.2023;08:00;09:00;0
02.05.2023;09:00;10:00;0
02.05.2023;10:00;11:00;0
02.05.2023;11:00;12:00;0
02.05.2023;12:00;13:00;0
02.05.2023;13:00;14:00;0
02.05.2023;14:00;15:00;0
02.05.2023;15:00;16:00;0
02.05.2023;16:00;17:00;0
02.05.2023;17:00;18:00;0
02.05.2023;18:00;19:00;0
02.05.2023;19:00;20:00;0
02.05.2023;20:00;21:00;0
02.05.2023;21:00;22:00;0
02.05.2023;22:00;23:00;0
02.05.2023;23:00;00:00;0
03.05.2023;00:00;01:00;0
03.05.2023;01:00;02:00;0
03.05.2023;02:00;03:00;0
03.05.2023;03:00;04:00;0
03.05.2023;04:00;05:00;0
03.05.2023;05:00;06:00;0
03.05.2023;06:00;07:00;0
03.05.2023;07:00;08:00;0
03.05.2023;08:00;09:00;0
03.05.2023;09:00;10:00;0
03.05.2023;10:00;11:00;0
03.05.2023;11:00;12:00;0
03.05.2023;12:00;13:00;0
03.05.2023;13:00;14:00;0
03.05.2023;14:00;15:00;0
03.05.2023;15:00;16:00;0
03.05.2023;16:00;17:00;0
03.05.2023;17:00;18:00;0
03.05.2023;18:00;19:00;0
03.05.2023;19:00;20:00;0
03.05.2023;20:00;21:00;0
03.05.2023;21:00;22:00;0
03.05.2023;22:00;23:00;0
03.05.2023;23:00;00:00;0
04.05.2023;00:00;01:00;0
04.05.2023;01:00;02:00;0
04.05.2023;02:00;03:00;0
04.05.2023;03:00;04:00;0
04.05.2023;04:00;05:00;0
04.05.2023;05:00;06:00;0
04.05.2023;06:00;07:00;0
04.05.2023;07:00;08:00;0
04.05.2023;08:00;09:00;0
04.05.2023;09:00;10:00;0
04.05.2023;10:00;11:00;0
04.05.2023;11:00;12:00;0
04.05.2023;12:00;13:00;0
04.05.2023;13:00;14:00;0
04.05.2023;14:00;15:00;0
04.05.2023;15:00;16:00;0
04.05.2023;16:00;17:00;0
04.05.2023;17:00;18:00;0
04.05.2023;18:00;19:00;0
04.05.2023;19:00;20:00;0
04.05.2023;20:00;21:00;0
04.05.2023;21:00;22:00;0
04.05.2023;22:00;23:00;0
04.05.2023;23:00;00:00;0
05.05.2023;00:00;01:00;0
05.05.2023;01:00;02:00;0
05.05.2023;02:00;03:00;0
05.05.2023;03:00;04:00;0
05.05.2023;04:00;05:00;0
05.05.2023;05:00;06:00;0
05.05.2023;06:00;07:00;0
05.05.2023;07:00;08:00;0
05.05.2023;08:00;09:00;0
05.05.2023;09:00;10:00;0
05.05.2023;10:00;11:00;0
05.05.2023;11:00;12:00;0
05.05.2023;12:00;13:00;0
05.05.2023;13:00;14:00;0
05.05.2023;14:00;15:00;0
05.05.2023;15:00;16:00;0
05.05.2023;16:00;17:00;0
05.05.2023;17:00;18:00;0
05.05.2023;18:00;19:00;0
05.05.2023;19:00;20:00;0
05.05.2023;20:00;21:00;0
05.05.2023;21:00;22:00;0
05.05.2023;22:00;23:00;0
05.05.2023;23:00;00:00;0
06.05.2023;00:00;01:00;0
06.05.2023;01:00;02:00;0
06.05.2023;02:00;03:00;0
06.05.2023;03:00;04:00;0
06.05.2023;04:00;05:00;0
06.05.2023;05:00;06:00;0
06.05.2023;06:00;07:00;0
06.05.2023;07:00;08:00;0
06.05.2023;08:00;09:00;0
06.05.2023;09:00;10:00;0
06.05.2023;10:00;11:00;0
06.05.2023;11:00;12:00;0
06.05.2023;12:00;13:00;0
06.05.2023;13:00;14:00;0
06.05.2023;14:00;15:00;0
06.05.2023;15:00;16:00;0
06.05.2023;16:00;17:00;0
06.05.2023;17:00;18:00;0
06.05.2023;18:00;19:00;0
06.05.2023;19:00;20:00;0
06.05.2023;20:00;21:00;0
06.05.2023;21:00;22:00;0
06.05.2023;22:00;23:00;0
06.05.2023;23:00;00:00;0
07.05.2023;00:00;01:00;0
07.05.2023;01:00;02:00;0
07.05.2023;02:00;03:00;0
07.05.2023;03:00;04:00;0
07.05.2023;04:00;05:00;0
07.05.2023;05:00;06:00;0
07.05.2023;06:00;07:00;0
07.05.2023;07:00;08:00;0
07.05.2023;08:00;09:00;0
07.05.2023;09:00;10:00;0
07.05.2023;10:00;11:00;0
07.05.2023;11:00;12:00;0
07.05.2023;12:00;13:00;0
07.05.2023;13:00;14:00;0
07.05.2023;14:00;15:00;0
07.05.2023;15:00;16:00;0
07.05.2023;16:00;17:00;0
07.05.2023;17:00;18:00;0
07.05.2023;18:00;19:00;0
07.05.2023;19:00;20:00;0
07.05.2023;20:00;21:00;0
07.05.2023;21:00;22:00;0
07.05.2023;22:00;23:00;0
07.05.2023;23:00;00:00;0
08.05.2023;00:00;01:00;0
08.05.2023;01:00;02:00;0
08.05.2023;02:00;03:00;0
08.05.2023;03:00;04:00;0
08.05.2023;04:00;05:00;0
08.05.2023;05:00;06:00;0
08.05.2023;06:00;07:00;0
08.05.2023;07:00;08:00;0
08.05.2023;08:00;09:00;0
08.05.2023;09:00;10:00;0
08.05.2023;10:00;11:00;0
08.05.2023;11:00;12:00;0
08.05.2023;12:00;13:00;0
08.05.2023;13:00;14:00;0
08.05.2023;14:00;15:00;0
08.05.2023;15:00;16:00;0
08.05.2023;16:00;17:00;0
08.05.2023;17:00;18:00;0
08.05.2023;18:00;19:00;0
08.05.2023;19:00;20:00;0
08.05.2023;20:00;21:00;0
08.05.2023;21:00;22:00;0
08.05.2023;22:00;23:00;0
08.05.2023;23:00;00:00;0
09.05.2023;00:00;01:00;0
09.05.2023;01:00;02:00;0
09.05.2023;02:00;03:00;0
09.05.2023;03:00;04:00;0
09.05.2023;04:00;05:00;0
09.05.2023;05:00;06:00;0
09.05.2023;06:00;07:00;0
09.05.2023;07:00;08:00;0
09.05.2023;08:00;09:00;0
09.05.2023;09:00;10:00;0
09.05.2023;10:00;11:00;0
09.05.2023;11:00;12:00;0
09.05.2023;12:00;13:00;0
09.05.2023;13:00;14:00;0
09.05.2023;14:00;15:00;0
09.05.2023;15:00;16:00;0
09.05.2023;16:00;17:00;0
09.05.2023;17:00;18:00;0
09.05.2023;18:00;19:00;0
09.05.2023;19:00;20:00;0
09.05.2023;20:00;21:00;0
09.05.2023;21:00;22:00;0
09.05.2023;22:00;23:00;0
09.05.2023;23:00;00:00;0
10.05.2023;00:00;01:00;0
10.05.2023;01:00;02:00;0
10.05.2023;02:00;03:00;0
10.05.2023;03:00;04:00;0
10.05.2023;04:00;05:00;52
10.05.2023;05:00;06:00;79
10.05.2023;06:00;07:00;110
10.05.2023;07:00;08:00;196
10.05.2023;08:00;09:00;325
10.05.2023;09:00;10:00;323
10.05.2023;10:00;11:00;306
10.05.2023;11:00;12:00;315
10.05.2023;12:00;13:00;315
10.05.2023;13:00;14:00;291
10.05.2023;14:00;15:00;79
10.05.2023;15:00;16:00;0
10.05.2023;16:00;17:00;0
10.05.2023;17:00;18:00;0
10.05.2023;18:00;19:00;0
10.05.2023;19:00;20:00;0
10.05.2023;20:00;21:00;0
10.05.2023;21:00;22:00;0
10.05.2023;22:00;23:00;0
10.05.2023;23:00;00:00;0
11.05.2023;00:00;01:00;0
11.05.2023;01:00;02:00;0
11.05.2023;02:00;03:00;0
11.05.2023;03:00;04:00;0
11.05.2023;04:00;05:00;0
11.05.2023;05:00;06:00;0
11.05.2023;06:00;07:00;0
11.05.2023;07:00;08:00;0
11.05.2023;08:00;09:00;0
11.05.2023;09:00;10:00;0
11.05.2023;10:00;11:00;0
11.05.2023;11:00;12:00;0
11.05.2023;12:00;13:00;0
11.05.2023;13:00;14:00;0
11.05.2023;14:00;15:00;0
11.05.2023;15:00;16:00;0
11.05.2023;16:00;17:00;0
11.05.2023;17:00;18:00;0
11.05.2023;18:00;19:00;0
11.05.2023;19:00;20:00;0
11.05.2023;20:00;21:00;0
11.05.2023;21:00;22:00;0
11.05.2023;22:00;23:00;0
11.05.2023;23:00;00:00;0
12.05.2023;00:00;01:00;0
12.05.2023;01:00;02:00;0
12.05.2023;02:00;03:00;0
12.05.2023;03:00;04:00;0
12.05.2023;04:00;05:00;0
12.05.2023;05:00;06:00;0
12.05.2023;06:00;07:00;0
12.05.2023;07:00;08:00;0
12.05.2023;08:00;09:00;0
12.05.2023;09:00;10:00;0
12.05.2023;10:00;11:00;0
12.05.2023;11:00;12:00;0
12.05.2023;12:00;13:00;0
12.05.2023;13:00;14:00;0
12.05.2023;14:00;15:00;0
12.05.2023;15:00;16:00;0
12.05.2023;16:00;17:00;0
12.05.2023;17:00;18:00;0
12.05.2023;18:00;19:00;0
12.05.2023;19:00;20:00;0
12.05.2023;20:00;21:00;0
12.05.2023;21:00;22:00;0
12.05.2023;22:00;23:00;0
12.05.2023;23:00;00:00;0
13.05.2023;00:00;01:00;0
13.05.2023;01:00;02:00;0
13.05.2023;02:00;03:00;0
13.05.2023;03:00;04:00;0
13.05.2023;04:00;05:00;0
13.05.2023;05:00;06:00;0
13.05.2023;06:00;07:00;0
13.05.2023;07:00;08:00;0
13.05.2023;08:00;09:00;0
13.05.2023;09:00;10:00;0
13.05.2023;10:00;11:00;0
13.05.2023;11:00;12:00;0
13.05.2023;12:00;13:00;0
13.05.2023;13:00;14:00;0
13.05.2023;14:00;15:00;0
13.05.2023;15:00;16:00;0
13.05.2023;16:00;17:00;0
13.05.2023;17:00;18:00;0
13.05.2023;18:00;19:00;0
13.05.2023;19:00;20:00;0
13.05.2023;20:00;21:00;0
13.05.2023;21:00;22:00;0
13.05.2023;22:00;23:00;0
13.05.2023;23:00;00:00;0
14.05.2023;00:00;01:00;0
14.05.2023;01:00;02:00;0
14.05.2023;02:00;03:00;0
14.05.2023;03:00;04:00;0
14.05.2023;04:00;05:00;0
14.05.2023;05:00;06:00;0
14.05.2023;06:00;07:00;0
14.05.2023;07:00;08:00;0
14.05.2023;08:00;09:00;0
14.05.2023;09:00;10:00;0
14.05.2023;10:00;11:00;0
14.05.2023;11:00;12:00;0
14.05.2023;12:00;13:00;0
14.05.2023;13:00;14:00;0
14.05.2023;14:00;15:00;0
14.05.2023;15:00;16:00;0
14.05.2023;16:00;17:00;0
14.05.2023;17:00;18:00;0
14.05.2023;18:00;19:00;0
14.05.2023;19:00;20:00;0
14.05.2023;20:00;21:00;0
14.05.2023;21:00;22:00;0
14.05.2023;22:00;23:00;0
14.05.2023;23:00;00:00;0
15.05.2023;00:00;01:00;0
15.05.2023;01:00;02:00;0
15.05.2023;02:00;03:00;0
15.05.2023;03:00;04:00;0
15.05.2023;04:00;05:00;0
15.05.2023;05:00;06:00;0
15.05.2023;06:00;07:00;0
15.05.2023;07:00;08:00;0
15.05.2023;08:00;09:00;0
15.05.2023;09:00;10:00;0
15.05.2023;10:00;11:00;0
15.05.2023;11:00;12:00;0
15.05.2023;12:00;13:00;0
15.05.2023;13:00;14:00;0
15.05.2023;14:00;15:00;0
15.05.2023;15:00;16:00;0
15.05.2023;16:00;17:00;0
15.05.2023;17:00;18:00;0
15.05.2023;18:00;19:00;0
15.05.2023;19:00;20:00;0
15.05.2023;20:00;21:00;0
15.05.2023;21:00;22:00;0
15.05.2023;22:00;23:00;0
15.05.2023;23:00;00:00;0
16.05.2023;00:00;01:00;0
16.05.2023;01:00;02:00;0
16.05.2023;02:00;03:00;0
16.05.2023;03:00;04:00;0
16.05.2023;04:00;05:00;0
16.05.2023;05:00;06:00;58
16.05.2023;06:00;07:00;83
16.05.2023;07:00;08:00;134
16.05.2023;08:00;09:00;146
16.05.2023;09:00;10:00;109
16.05.2023;10:00;11:00;201
16.05.2023;11:00;12:00;200
16.05.2023;12:00;13:00;200
16.05.2023;13:00;14:00;200
16.05.2023;14:00;15:00;200
16.05.2023;15:00;16:00;200
16.05.2023;16:00;17:00;200
16.05.2023;17:00;18:00;200
16.05.2023;18:00;19:00;200
16.05.2023;19:00;20:00;200
16.05.2023;20:00;21:00;62
16.05.2023;21:00;22:00;0
16.05.2023;22:00;23:00;0
16.05.2023;23:00;00:00;0
17.05.2023;00:00;01:00;0
17.05.2023;01:00;02:00;0
17.05.2023;02:00;03:00;0
17.05.2023;03:00;04:00;0
17.05.2023;04:00;05:00;0
17.05.2023;05:00;06:00;0
17.05.2023;06:00;07:00;0
17.05.2023;07:00;08:00;0
17.05.2023;08:00;09:00;0
17.05.2023;09:00;10:00;0
17.05.2023;10:00;11:00;0
17.05.2023;11:00;12:00;0
17.05.2023;12:00;13:00;0
17.05.2023;13:00;14:00;0
17.05.2023;14:00;15:00;0
17.05.2023;15:00;16:00;0
17.05.2023;16:00;17:00;0
17.05.2023;17:00;18:00;0
17.05.2023;18:00;19:00;0
17.05.2023;19:00;20:00;0
17.05.2023;20:00;21:00;0
17.05.2023;21:00;22:00;0
17.05.2023;22:00;23:00;0
17.05.2023;23:00;00:00;0
18.05.2023;00:00;01:00;0
18.05.2023;01:00;02:00;0
18.05.2023;02:00;03:00;0
18.05.2023;03:00;04:00;0
18.05.2023;04:00;05:00;0
18.05.2023;05:00;06:00;0
18.05.2023;06:00;07:00;0
18.05.2023;07:00;08:00;0
18.05.2023;08:00;09:00;0
18.05.2023;09:00;10:00;0
18.05.2023;10:00;11:00;0
18.05.2023;11:00;12:00;0
18.05.2023;12:00;13:00;0
18.05.2023;13:00;14:00;0
18.05.2023;14:00;15:00;0
18.05.2023;15:00;16:00;0
18.05.2023;16:00;17:00;0
18.05.2023;17:00;18:00;0
18.05.2023;18:00;19:00;0
18.05.2023;19:00;20:00;0
18.05.2023;20:00;21:00;0
18.05.2023;21:00;22:00;0
18.05.2023;22:00;23:00;0
18.05.2023;23:00;00:00;0
19.05.2023;00:00;01:00;0
19.05.2023;01:00;02:00;0
19.05.2023;02:00;03:00;0
19.05.2023;03:00;04:00;0
19.05.2023;04:00;05:00;0
19.05.2023;05:00;06:00;0
19.05.2023;06:00;07:00;0
19.05.2023;07:00;08:00;0
19.05.2023;08:00;09:00;0
19.05.2023;09:00;10:00;0
19.05.2023;10:00;11:00;0
19.05.2023;11:00;12:00;0
19.05.2023;12:00;13:00;0
19.05.2023;13:00;14:00;0
19.05.2023;14:00;15:00;0
19.05.2023;15:00;16:00;0
19.05.2023;16:00;17:00;0
19.05.2023;17:00;18:00;0
19.05.2023;18:00;19:00;0
19.05.2023;19:00;20:00;0
19.05.2023;20:00;21:00;0
19.05.2023;21:00;22:00;0
19.05.2023;22:00;23:00;0
19.05.2023;23:00;00:00;0
20.05.2023;00:00;01:00;0
20.05.2023;01:00;02:00;0
20.05.2023;02:00;03:00;0
20.05.2023;03:00;04:00;0
20.05.2023;04:00;05:00;0
20.05.2023;05:00;06:00;0
20.05.2023;06:00;07:00;0
20.05.2023;07:00;08:00;0
20.05.2023;08:00;09:00;0
20.05.2023;09:00;10:00;0
20.05.2023;10:00;11:00;0
20.05.2023;11:00;12:00;0
20.05.2023;12:00;13:00;0
20.05.2023;13:00;14:00;0
20.05.2023;14:00;15:00;0
20.05.2023;15:00;16:00;0
20.05.2023;16:00;17:00;0
20.05.2023;17:00;18:00;0
20.05.2023;18:00;19:00;0
20.05.2023;19:00;20:00;0
20.05.2023;20:00;21:00;0
20.05.2023;21:00;22:00;0
20.05.2023;22:00;23:00;0
20.05.2023;23:00;00:00;0
21.05.2023;00:00;01:00;0
21.05.2023;01:00;02:00;0
21.05.2023;02:00;03:00;0
21.05.2023;03:00;04:00;0
21.05.2023;04:00;05:00;0
21.05.2023;05:00;06:00;0
21.05.2023;06:00;07:00;0
21.05.2023;07:00;08:00;0
21.05.2023;08:00;09:00;0
21.05.2023;09:00;10:00;0
21.05.2023;10:00;11:00;0
21.05.2023;11:00;12:00;0
21.05.2023;12:00;13:00;0
21.05.2023;13:00;14:00;0
21.05.2023;14:00;15:00;0
21.05.2023;15:00;16:00;0
21.05.2023;16:00;17:00;0
21.05.2023;17:00;18:00;0
21.05.2023;18:00;19:00;0
21.05.2023;19:00;20:00;0
21.05.2023;20:00;21:00;0
21.05.2023;21:00;22:00;0
21.05.2023;22:00;23:00;0
21.05.2023;23:00;00:00;0
22.05.2023;00:00;01:00;0
22.05.2023;01:00;02:00;0
22.05.2023;02:00;03:00;0
22.05.2023;03:00;04:00;0
22.05.2023;04:00;05:00;0
22.05.2023;05:00;06:00;0
22.05.2023;06:00;07:00;0
22.05.2023;07:00;08:00;0
22.05.2023;08:00;09:00;0
22.05.2023;09:00;10:00;0
22.05.2023;10:00;11:00;0
22.05.2023;11:00;12:00;0
22.05.2023;12:00;13:00;0
22.05.2023;13:00;14:00;0
22.05.2023;14:00;15:00;0
22.05.2023;15:00;16:00;0
22.05.2023;16:00;17:00;0
22.05.2023;17:00;18:00;0
22.05.2023;18:00;19:00;0
22.05.2023;19:00;20:00;0
22.05.2023;20:00;21:00;0
22.05.2023;21:00;22:00;0
22.05.2023;22:00;23:00;0
22.05.2023;23:00;00:00;0
23.05.2023;00:00;01:00;0
23.05.2023;01:00;02:00;0
23.05.2023;02:00;03:00;0
23.05.2023;03:00;04:00;0
23.05.2023;04:00;05:00;0
23.05.2023;05:00;06:00;0
23.05.2023;06:00;07:00;0
23.05.2023;07:00;08:00;0
23.05.2023;08:00;09:00;0
23.05.2023;09:00;10:00;0
23.05.2023;10:00;11:00;0
23.05.2023;11:00;12:00;0
23.05.2023;12:00;13:00;0
23.05.2023;13:00;14:00;0
23.05.2023;14:00;15:00;0
23.05.2023;15:00;16:00;0
23.05.2023;16:00;17:00;0
23.05.2023;17:00;18:00;0
23.05.2023;18:00;19:00;0
23.05.2023;19:00;20:00;0
23.05.2023;20:00;21:00;0
23.05.2023;21:00;22:00;0
23.05.2023;22:00;23:00;0
23.05.2023;23:00;00:00;0
24.05.2023;00:00;01:00;0
24.05.2023;01:00;02:00;0
24.05.2023;02:00;03:00;0
24.05.2023;03:00;04:00;0
24.05.2023;04:00;05:00;0
24.05.2023;05:00;06:00;0
24.05.2023;06:00;07:00;0
24.05.2023;07:00;08:00;0
24.05.2023;08:00;09:00;0
24.05.2023;09:00;10:00;0
24.05.2023;10:00;11:00;0
24.05.2023;11:00;12:00;0
24.05.2023;12:00;13:00;0
24.05.2023;13:00;14:00;0
24.05.2023;14:00;15:00;0
24.05.2023;15:00;16:00;0
24.05.2023;16:00;17:00;0
24.05.2023;17:00;18:00;0
24.05.2023;18:00;19:00;0
24.05.2023;19:00;20:00;0
24.05.2023;20:00;21:00;0
24.05.2023;21:00;22:00;0
24.05.2023;22:00;23:00;0
24.05.2023;23:00;00:00;0
25.05.2023;00:00;01:00;0
25.05.2023;01:00;02:00;0
25.05.2023;02:00;03:00;0
25.05.2023;03:00;04:00;0
25.05.2023;04:00;05:00;0
25.05.2023;05:00;06:00;0
25.05.2023;06:00;07:00;0
25.05.2023;07:00;08:00;0
25.05.2023;08:00;09:00;0
25.05.2023;09:00;10:00;0
25.05.2023;10:00;11:00;0
25.05.2023;11:00;12:00;0
25.05.2023;12:00;13:00;0
25.05.2023;13:00;14:00;0
25.05.2023;14:00;15:00;0
25.05.2023;15:00;16:00;0
25.05.2023;16:00;17:00;0
25.05.2023;17:00;18:00;0
25.05.2023;18:00;19:00;0
25.05.2023;19:00;20:00;0
25.05.2023;20:00;21:00;0
25.05.2023;21:00;22:00;0
25.05.2023;22:00;23:00;0
25.05.2023;23:00;00:00;0
26.05.2023;00:00;01:00;0
26.05.2023;01:00;02:00;0
26.05.2023;02:00;03:00;0
26.05.2023;03:00;04:00;0
26.05.2023;04:00;05:00;0
26.05.2023;05:00;06:00;0
26.05.2023;06:00;07:00;0
26.05.2023;07:00;08:00;0
26.05.2023;08:00;09:00;0
26.05.2023;09:00;10:00;0
26.05.2023;10:00;11:00;0
26.05.2023;11:00;12:00;0
26.05.2023;12:00;13:00;0
26.05.2023;13:00;14:00;0
26.05.2023;14:00;15:00;0
26.05.2023;15:00;16:00;0
26.05.2023;16:00;17:00;0
26.05.2023;17:00;18:00;0
26.05.2023;18:00;19:00;0
26.05.2023;19:00;20:00;0
26.05.2023;20:00;21:00;0
26.05.2023;21:00;22:00;0
26.05.2023;22:00;23:00;0
26.05.2023;23:00;00:00;0
27.05.2023;00:00;01:00;0
27.05.2023;01:00;02:00;0
27.05.2023;02:00;03:00;0
27.05.2023;03:00;04:00;0
27.05.2023;04:00;05:00;0
27.05.2023;05:00;06:00;0
27.05.2023;06:00;07:00;0
27.05.2023;07:00;08:00;0
27.05.2023;08:00;09:00;0
27.05.2023;09:00;10:00;0
27.05.2023;10:00;11:00;0
27.05.2023;11:00;12:00;0
27.05.2023;12:00;13:00;0
27.05.2023;13:00;14:00;0
27.05.2023;14:00;15:00;0
27.05.2023;15:00;16:00;0
27.05.2023;16:00;17:00;0
27.05.2023;17:00;18:00;0
27.05.2023;18:00;19:00;0
27.05.2023;19:00;20:00;0
27.05.2023;20:00;21:00;0
27.05.2023;21:00;22:00;0
27.05.2023;22:00;23:00;0
27.05.2023;23:00;00:00;0
28.05.2023;00:00;01:00;0
28.05.2023;01:00;02:00;0
28.05.2023;02:00;03:00;0
28.05.2023;03:00;04:00;0
28.05.2023;04:00;05:00;0
28.05.2023;05:00;06:00;0
28.05.2023;06:00;07:00;0
28.05.2023;07:00;08:00;0
28.05.2023;08:00;09:00;0
28.05.2023;09:00;10:00;0
28.05.2023;10:00;11:00;0
28.05.2023;11:00;12:00;0
28.05.2023;12:00;13:00;0
28.05.2023;13:00;14:00;0
28.05.2023;14:00;15:00;0
28.05.2023;15:00;16:00;0
28.05.2023;16:00;17:00;0
28.05.2023;17:00;18:00;0
28.05.2023;18:00;19:00;0
28.05.2023;19:00;20:00;0
28.05.2023;20:00;21:00;0
28.05.2023;21:00;22:00;0
28.05.2023;22:00;23:00;0
28.05.2023;23:00;00:00;0
29.05.2023;00:00;01:00;0
29.05.2023;01:00;02:00;0
29.05.2023;02:00;03:00;0
29.05.2023;03:00;04:00;0
29.05.2023;04:00;05:00;0
29.05.2023;05:00;06:00;0
29.05.2023;06:00;07:00;0
29.05.2023;07:00;08:00;0
29.05.2023;08:00;09:00;0
29.05.2023;09:00;10:00;0
29.05.2023;10:00;11:00;0
29.05.2023;11:00;12:00;0
29.05.2023;12:00;13:00;0
29.05.2023;13:00;14:00;0
29.05.2023;14:00;15:00;0
29.05.2023;15:00;16:00;0
29.05.2023;16:00;17:00;0
29.05.2023;17:00;18:00;0
29.05.2023;18:00;19:00;0
29.05.2023;19:00;20:00;0
29.05.2023;20:00;21:00;0
29.05.2023;21:00;22:00;0
29.05.2023;22:00;23:00;0
29.05.2023;23:00;00:00;0
30.05.2023;00:00;01:00;0
30.05.2023;01:00;02:00;0
30.05.2023;02:00;03:00;0
30.05.2023;03:00;04:00;0
30.05.2023;04:00;05:00;0
30.05.2023;05:00;06:00;0
30.05.2023;06:00;07:00;0
30.05.2023;07:00;08:00;0
30.05.2023;08:00;09:00;0
30.05.2023;09:00;10:00;0
30.05.2023;10:00;11:00;0
30.05.2023;11:00;12:00;0
30.05.2023;12:00;13:00;0
30.05.2023;13:00;14:00;0
30.05.2023;14:00;15:00;0
30.05.2023;15:00;16:00;0
30.05.2023;16:00;17:00;0
30.05.2023;17:00;18:00;0
30.05.2023;18:00;19:00;0
30.05.2023;19:00;20:00;0
30.05.2023;20:00;21:00;0
30.05.2023;21:00;22:00;0
30.05.2023;22:00;23:00;0
30.05.2023;23:00;00:00;0
31.05.2023;00:00;01:00;0
31.05.2023;01:00;02:00;0
31.05.2023;02:00;03:00;0
31.05.2023;03:00;04:00;0
31.05.2023;04:00;05:00;0
31.05.2023;05:00;06:00;0
31.05.2023;06:00;07:00;0
31.05.2023;07:00;08:00;0
31.05.2023;08:00;09:00;0
31.05.2023;09:00;10:00;0
31.05.2023;10:00;11:00;0
31.05.2023;11:00;12:00;0
31.05.2023;12:00;13:00;0
31.05.2023;13:00;14:00;0
31.05.2023;14:00;15:00;0
31.05.2023;15:00;16:00;0
31.05.2023;16:00;17:00;0
31.05.2023;17:00;18:00;0
31.05.2023;18:00;19:00;0
31.05.2023;19:00;20:00;0
31.05.2023;20:00;21:00;0
31.05.2023;21:00;22:00;0
31.05.2023;22:00;23:00;0
31.05.2023;23:00;00:00;0
01.06.2023;00:00;01:00;0
01.06.2023;01:00;02:00;0
01.06.2023;02:00;03:00;0
01.06.2023;03:00;04:00;0
01.06.2023;04:00;05:00;0
01.06.2023;05:00;06:00;0
01.06.2023;06:00;07:00;0
01.06.2023;07:00;08:00;0
01.06.2023;08:00;09:00;0
01.06.2023;09:00;10:00;0
01.06.2023;10:00;11:00;0
01.06.2023;11:00;12:00;0
01.06.2023;12:00;13:00;0
01.06.2023;13:00;14:00;0
01.06.2023;14:00;15:00;0
01.06.2023;15:00;16:00;0
01.06.2023;16:00;17:00;0
01.06.2023;17:00;18:00;0
01.06.2023;18:00;19:00;0
01.06.2023;19:00;20:00;0
01.06.2023;20:00;21:00;0
01.06.2023;21:00;22:00;0
01.06.2023;22:00;23:00;0
01.06.2023;23:00;00:00;0
02.06.2023;00:00;01:00;0
02.06.2023;01:00;02:00;0
02.06.2023;02:00;03:00;0
02.06.2023;03:00;04:00;0
02.06.2023;04:00;05:00;0
02.06.2023;05:00;06:00;0
02.06.2023;06:00;07:00;0
02.06.2023;07:00;08:00;0
02.06.2023;08:00;09:00;0
02.06.2023;09:00;10:00;0
02.06.2023;10:00;11:00;0
02.06.2023;11:00;12:00;0
02.06.2023;12:00;13:00;0
02.06.2023;13:00;14:00;0
02.06.2023;14:00;15:00;0
02.06.2023;15:00;16:00;0
02.06.2023;16:00;17:00;0
02.06.2023;17:00;18:00;0
02.06.2023;18:00;19:00;0
02.06.2023;19:00;20:00;0
02.06.2023;20:00;21:00;0
02.06.2023;21:00;22:00;0
02.06.2023;22:00;23:00;0
02.06.2023;23:00;00:00;0
03.06.2023;00:00;01:00;0
03.06.2023;01:00;02:00;0
03.06.2023;02:00;03:00;0
03.06.2023;03:00;04:00;0
03.06.2023;04:00;05:00;0
03.06.2023;05:00;06:00;0
03.06.2023;06:00;07:00;0
03.06.2023;07:00;08:00;0
03.06.2023;08:00;09:00;0
03.06.2023;09:00;10:00;0
03.06.2023;10:00;11:00;0
03.06.2023;11:00;12:00;0
03.06.2023;12:00;13:00;0
03.06.2023;13:00;14:00;0
03.06.2023;14:00;15:00;0
03.06.2023;15:00;16:00;0
03.06.2023;16:00;17:00;0
03.06.2023;17:00;18:00;0
03.06.2023;18:00;19:00;0
03.06.2023;19:00;20:00;0
03.06.2023;20:00;21:00;0
03.06.2023;21:00;22:00;0
03.06.2023;22:00;23:00;0
03.06.2023;23:00;00:00;0
04.06.2023;00:00;01:00;0
04.06.2023;01:00;02:00;0
04.06.2023;02:00;03:00;0
04.06.2023;03:00;04:00;0
04.06.2023;04:00;05:00;0
04.06.2023;05:00;06:00;0
04.06.2023;06:00;07:00;0
04.06.2023;07:00;08:00;0
04.06.2023;08:00;09:00;0
04.06.2023;09:00;10:00;0
04.06.2023;10:00;11:00;0
04.06.2023;11:00;12:00;0
04.06.2023;12:00;13:00;0
04.06.2023;13:00;14:00;0
04.06.2023;14:00;15:00;0
04.06.2023;15:00;16:00;0
04.06.2023;16:00;17:00;0
04.06.2023;17:00;18:00;0
04.06.2023;18:00;19:00;0
04.06.2023;19:00;20:00;0
04.06.2023;20:00;21:00;0
04.06.2023;21:00;22:00;0
04.06.2023;22:00;23:00;0
04.06.2023;23:00;00:00;0
05.06.2023;00:00;01:00;0
05.06.2023;01:00;02:00;0
05.06.2023;02:00;03:00;0
05.06.2023;03:00;04:00;0
05.06.2023;04:00;05:00;0
05.06.2023;05:00;06:00;0
05.06.2023;06:00;07:00;0
05.06.2023;07:00;08:00;0
05.06.2023;08:00;09:00;0
05.06.2023;09:00;10:00;0
05.06.2023;10:00;11:00;0
05.06.2023;11:00;12:00;0
05.06.2023;12:00;13:00;0
05.06.2023;13:00;14:00;0
05.06.2023;14:00;15:00;0
05.06.2023;15:00;16:00;0
05.06.2023;16:00;17:00;0
05.06.2023;17:00;18:00;0
05.06.2023;18:00;19:00;0
05.06.2023;19:00;20:00;0
05.06.2023;20:00;21:00;0
05.06.2023;21:00;22:00;0
05.06.2023;22:00;23:00;0
05.06.2023;23:00;00:00;0
06.06.2023;00:00;01:00;0
06.06.2023;01:00;02:00;0
06.06.2023;02:00;03:00;0
06.06.2023;03:00;04:00;0
06.06.2023;04:00;05:00;0
06.06.2023;05:00;06:00;0
06.06.2023;06:00;07:00;0
06.06.2023;07:00;08:00;0
06.06.2023;08:00;09:00;0
06.06.2023;09:00;10:00;0
06.06.2023;10:00;11:00;0
06.06.2023;11:00;12:00;0
06.06.2023;12:00;13:00;0
06.06.2023;13:00;14:00;0
06.06.2023;14:00;15:00;0
06.06.2023;15:00;16:00;0
06.06.2023;16:00;17:00;0
06.06.2023;17:00;18:00;0
06.06.2023;18:00;19:00;0
06.06.2023;19:00;20:00;0
06.06.2023;20:00;21:00;0
06.06.2023;21:00;22:00;0
06.06.2023;22:00;23:00;0
06.06.2023;23:00;00:00;0
07.06.2023;00:00;01:00;0
07.06.2023;01:00;02:00;0
07.06.2023;02:00;03:00;0
07.06.2023;03:00;04:00;0
07.06.2023;04:00;05:00;0
07.06.2023;05:00;06:00;0
07.06.2023;06:00;07:00;0
07.06.2023;07:00;08:00;0
07.06.2023;08:00;09:00;0
07.06.2023;09:00;10:00;0
07.06.2023;10:00;11:00;0
07.06.2023;11:00;12:00;0
07.06.2023;12:00;13:00;0
07.06.2023;13:00;14:00;0
07.06.2023;14:00;15:00;0
07.06.2023;15:00;16:00;0
07.06.2023;16:00;17:00;0
07.06.2023;17:00;18:00;0
07.06.2023;18:00;19:00;0
07.06.2023;19:00;20:00;0
07.06.2023;20:00;21:00;0
07.06.2023;21:00;22:00;0
07.06.2023;22:00;23:00;0
07.06.2023;23:00;00:00;0
08.06.2023;00:00;01:00;0
08.06.2023;01:00;02:00;0
08.06.2023;02:00;03:00;0
08.06.2023;03:00;04:00;0
08.06.2023;04:00;05:00;0
08.06.2023;05:00;06:00;0
08.06.2023;06:00;07:00;0
08.06.2023;07:00;08:00;0
08.06.2023;08:00;09:00;0
08.06.2023;09:00;10:00;0
08.06.2023;10:00;11:00;0
08.06.2023;11:00;12:00;0
08.06.2023;12:00;13:00;0
08.06.2023;13:00;14:00;0
08.06.2023;14:00;15:00;0
08.06.2023;15:00;16:00;0
08.06.2023;16:00;17:00;0
08.06.2023;17:00;18:00;0
08.06.2023;18:00;19:00;0
08.06.2023;19:00;20:00;0
08.06.2023;20:00;21:00;0
08.06.2023;21:00;22:00;0
08.06.2023;22:00;23:00;0
08.06.2023;23:00;00:00;0
09.06.2023;00:00;01:00;0
09.06.2023;01:00;02:00;0
09.06.2023;02:00;03:00;0
09.06.2023;03:00;04:00;0
09.06.2023;04:00;05:00;0
09.06.2023;05:00;06:00;0
09.06.2023;06:00;07:00;0
09.06.2023;07:00;08:00;0
09.06.2023;08:00;09:00;0
09.06.2023;09:00;10:00;0
09.06.2023;10:00;11:00;0
09.06.2023;11:00;12:00;0
09.06.2023;12:00;13:00;0
09.06.2023;13:00;14:00;0
09.06.2023;14:00;15:00;0
09.06.2023;15:00;16:00;0
09.06.2023;16:00;17:00;0
09.06.2023;17:00;18:00;0
09.06.2023;18:00;19:00;0
09.06.2023;19:00;20:00;0
09.06.2023;20:00;21:00;0
09.06.2023;21:00;22:00;0
09.06.2023;22:00;23:00;0
09.06.2023;23:00;00:00;0
10.06.2023;00:00;01:00;0
10.06.2023;01:00;02:00;0
10.06.2023;02:00;03:00;0
10.06.2023;03:00;04:00;0
10.06.2023;04:00;05:00;0
10.06.2023;05:00;06:00;0
10.06.2023;06:00;07:00;0
10.06.2023;07:00;08:00;0
10.06.2023;08:00;09:00;0
10.06.2023;09:00;10:00;0
10.06.2023;10:00;11:00;0
10.06.2023;11:00;12:00;0
10.06.2023;12:00;13:00;0
10.06.2023;13:00;14:00;0
10.06.2023;14:00;15:00;0
10.06.2023;15:00;16:00;0
10.06.2023;16:00;17:00;0
10.06.2023;17:00;18:00;0
10.06.2023;18:00;19:00;0
10.06.2023;19:00;20:00;0
10.06.2023;20:00;21:00;0
10.06.2023;21:00;22:00;0
10.06.2023;22:00;23:00;0
10.06.2023;23:00;00:00;0
11.06.2023;00:00;01:00;0
11.06.2023;01:00;02:00;0
11.06.2023;02:00;03:00;0
11.06.2023;03:00;04:00;0
11.06.2023;04:00;05:00;0
11.06.2023;05:00;06:00;0
11.06.2023;06:00;07:00;0
11.06.2023;07:00;08:00;0
11.06.2023;08:00;09:00;0
11.06.2023;09:00;10:00;0
11.06.2023;10:00;11:00;0
11.06.2023;11:00;12:00;0
11.06.2023;12:00;13:00;0
11.06.2023;13:00;14:00;0
11.06.2023;14:00;15:00;0
11.06.2023;15:00;16:00;0
11.06.2023;16:00;17:00;0
11.06.2023;17:00;18:00;0
11.06.2023;18:00;19:00;0
11.06.2023;19:00;20:00;0
11.06.2023;20:00;21:00;0
11.06.2023;21:00;22:00;0
11.06.2023;22:00;23:00;0
11.06.2023;23:00;00:00;0
12.06.2023;00:00;01:00;0
12.06.2023;01:00;02:00;0
12.06.2023;02:00;03:00;0
12.06.2023;03:00;04:00;0
12.06.2023;04:00;05:00;0
12.06.2023;05:00;06:00;0
12.06.2023;06:00;07:00;0
12.06.2023;07:00;08:00;0
12.06.2023;08:00;09:00;0
12.06.2023;09:00;10:00;0
12.06.2023;10:00;11:00;0
12.06.2023;11:00;12:00;0
12.06.2023;12:00;13:00;0
12.06.2023;13:00;14:00;0
12.06.2023;14:00;15:00;0
12.06.2023;15:00;16:00;0
12.06.2023;16:00;17:00;0
12.06.2023;17:00;18:00;0
12.06.2023;18:00;19:00;0
12.06.2023;19:00;20:00;0
12.06.2023;20:00;21:00;0
12.06.2023;21:00;22:00;0
12.06.2023;22:00;23:00;0
12.06.2023;23:00;00:00;0
13.06.2023;00:00;01:00;0
13.06.2023;01:00;02:00;0
13.06.2023;02:00;03:00;0
13.06.2023;03:00;04:00;0
13.06.2023;04:00;05:00;0
13.06.2023;05:00;06:00;0
13.06.2023;06:00;07:00;0
13.06.2023;07:00;08:00;51
13.06.2023;08:00;09:00;79
13.06.2023;09:00;10:00;78
13.06.2023;10:00;11:00;77
13.06.2023;11:00;12:00;78
13.06.2023;12:00;13:00;131
13.06.2023;13:00;14:00;139
13.06.2023;14:00;15:00;349
13.06.2023;15:00;16:00;350
13.06.2023;16:00;17:00;349
13.06.2023;17:00;18:00;101
13.06.2023;18:00;19:00;0
13.06.2023;19:00;20:00;0
13.06.2023;20:00;21:00;0
13.06.2023;21:00;22:00;0
13.06.2023;22:00;23:00;0
13.06.2023;23:00;00:00;0
14.06.2023;00:00;01:00;0
14.06.2023;01:00;02:00;0
14.06.2023;02:00;03:00;0
14.06.2023;03:00;04:00;0
14.06.2023;04:00;05:00;0
14.06.2023;05:00;06:00;0
14.06.2023;06:00;07:00;0
14.06.2023;07:00;08:00;0
14.06.2023;08:00;09:00;0
14.06.2023;09:00;10:00;0
14.06.2023;10:00;11:00;0
14.06.2023;11:00;12:00;0
14.06.2023;12:00;13:00;0
14.06.2023;13:00;14:00;0
14.06.2023;14:00;15:00;0
14.06.2023;15:00;16:00;0
14.06.2023;16:00;17:00;0
14.06.2023;17:00;18:00;0
14.06.2023;18:00;19:00;0
14.06.2023;19:00;20:00;0
14.06.2023;20:00;21:00;0
14.06.2023;21:00;22:00;0
14.06.2023;22:00;23:00;0
14.06.2023;23:00;00:00;0
15.06.2023;00:00;01:00;0
15.06.2023;01:00;02:00;0
15.06.2023;02:00;03:00;0
15.06.2023;03:00;04:00;0
15.06.2023;04:00;05:00;0
15.06.2023;05:00;06:00;0
15.06.2023;06:00;07:00;0
15.06.2023;07:00;08:00;0
15.06.2023;08:00;09:00;0
15.06.2023;09:00;10:00;0
15.06.2023;10:00;11:00;0
15.06.2023;11:00;12:00;0
15.06.2023;12:00;13:00;0
15.06.2023;13:00;14:00;0
15.06.2023;14:00;15:00;0
15.06.2023;15:00;16:00;0
15.06.2023;16:00;17:00;0
15.06.2023;17:00;18:00;0
15.06.2023;18:00;19:00;0
15.06.2023;19:00;20:00;0
15.06.2023;20:00;21:00;0
15.06.2023;21:00;22:00;0
15.06.2023;22:00;23:00;0
15.06.2023;23:00;00:00;0
16.06.2023;00:00;01:00;0
16.06.2023;01:00;02:00;0
16.06.2023;02:00;03:00;0
16.06.2023;03:00;04:00;0
16.06.2023;04:00;05:00;0
16.06.2023;05:00;06:00;0
16.06.2023;06:00;07:00;0
16.06.2023;07:00;08:00;0
16.06.2023;08:00;09:00;0
16.06.2023;09:00;10:00;0
16.06.2023;10:00;11:00;0
16.06.2023;11:00;12:00;0
16.06.2023;12:00;13:00;0
16.06.2023;13:00;14:00;0
16.06.2023;14:00;15:00;0
16.06.2023;15:00;16:00;0
16.06.2023;16:00;17:00;0
16.06.2023;17:00;18:00;0
16.06.2023;18:00;19:00;0
16.06.2023;19:00;20:00;0
16.06.2023;20:00;21:00;0
16.06.2023;21:00;22:00;0
16.06.2023;22:00;23:00;0
16.06.2023;23:00;00:00;0
17.06.2023;00:00;01:00;0
17.06.2023;01:00;02:00;0
17.06.2023;02:00;03:00;0
17.06.2023;03:00;04:00;0
17.06.2023;04:00;05:00;0
17.06.2023;05:00;06:00;0
17.06.2023;06:00;07:00;0
17.06.2023;07:00;08:00;0
17.06.2023;08:00;09:00;0
17.06.2023;09:00;10:00;0
17.06.2023;10:00;11:00;0
17.06.2023;11:00;12:00;0
17.06.2023;12:00;13:00;0
17.06.2023;13:00;14:00;0
17.06.2023;14:00;15:00;0
17.06.2023;15:00;16:00;0
17.06.2023;16:00;17:00;0
17.06.2023;17:00;18:00;0
17.06.2023;18:00;19:00;0
17.06.2023;19:00;20:00;0
17.06.2023;20:00;21:00;0
17.06.2023;21:00;22:00;0
17.06.2023;22:00;23:00;0
17.06.2023;23:00;00:00;0
18.06.2023;00:00;01:00;0
18.06.2023;01:00;02:00;0
18.06.2023;02:00;03:00;0
18.06.2023;03:00;04:00;0
18.06.2023;04:00;05:00;0
18.06.2023;05:00;06:00;0
18.06.2023;06:00;07:00;0
18.06.2023;07:00;08:00;0
18.06.2023;08:00;09:00;0
18.06.2023;09:00;10:00;0
18.06.2023;10:00;11:00;0
18.06.2023;11:00;12:00;0
18.06.2023;12:00;13:00;0
18.06.2023;13:00;14:00;0
18.06.2023;14:00;15:00;0
18.06.2023;15:00;16:00;0
18.06.2023;16:00;17:00;0
18.06.2023;17:00;18:00;0
18.06.2023;18:00;19:00;0
18.06.2023;19:00;20:00;0
18.06.2023;20:00;21:00;0
18.06.2023;21:00;22:00;0
18.06.2023;22:00;23:00;0
18.06.2023;23:00;00:00;0
19.06.2023;00:00;01:00;0
19.06.2023;01:00;02:00;0
19.06.2023;02:00;03:00;0
19.06.2023;03:00;04:00;0
19.06.2023;04:00;05:00;0
19.06.2023;05:00;06:00;0
19.06.2023;06:00;07:00;0
19.06.2023;07:00;08:00;0
19.06.2023;08:00;09:00;0
19.06.2023;09:00;10:00;0
19.06.2023;10:00;11:00;0
19.06.2023;11:00;12:00;0
19.06.2023;12:00;13:00;0
19.06.2023;13:00;14:00;0
19.06.2023;14:00;15:00;0
19.06.2023;15:00;16:00;0
19.06.2023;16:00;17:00;0
19.06.2023;17:00;18:00;0
19.06.2023;18:00;19:00;0
19.06.2023;19:00;20:00;0
19.06.2023;20:00;21:00;0
19.06.2023;21:00;22:00;0
19.06.2023;22:00;23:00;0
19.06.2023;23:00;00:00;0
20.06.2023;00:00;01:00;0
20.06.2023;01:00;02:00;0
20.06.2023;02:00;03:00;0
20.06.2023;03:00;04:00;0
20.06.2023;04:00;05:00;0
20.06.2023;05:00;06:00;0
20.06.2023;06:00;07:00;0
20.06.2023;07:00;08:00;0
20.06.2023;08:00;09:00;0
20.06.2023;09:00;10:00;0
20.06.2023;10:00;11:00;0
20.06.2023;11:00;12:00;0
20.06.2023;12:00;13:00;0
20.06.2023;13:00;14:00;0
20.06.2023;14:00;15:00;0
20.06.2023;15:00;16:00;0
20.06.2023;16:00;17:00;0
20.06.2023;17:00;18:00;0
20.06.2023;18:00;19:00;0
20.06.2023;19:00;20:00;0
20.06.2023;20:00;21:00;0
20.06.2023;21:00;22:00;0
20.06.2023;22:00;23:00;0
20.06.2023;23:00;00:00;0
21.06.2023;00:00;01:00;0
21.06.2023;01:00;02:00;0
21.06.2023;02:00;03:00;0
21.06.2023;03:00;04:00;0
21.06.2023;04:00;05:00;0
21.06.2023;05:00;06:00;0
21.06.2023;06:00;07:00;0
21.06.2023;07:00;08:00;0
21.06.2023;08:00;09:00;0
21.06.2023;09:00;10:00;0
21.06.2023;10:00;11:00;0
21.06.2023;11:00;12:00;0
21.06.2023;12:00;13:00;0
21.06.2023;13:00;14:00;0
21.06.2023;14:00;15:00;0
21.06.2023;15:00;16:00;0
21.06.2023;16:00;17:00;0
21.06.2023;17:00;18:00;0
21.06.2023;18:00;19:00;0
21.06.2023;19:00;20:00;0
21.06.2023;20:00;21:00;0
21.06.2023;21:00;22:00;0
21.06.2023;22:00;23:00;0
21.06.2023;23:00;00:00;0
22.06.2023;00:00;01:00;0
22.06.2023;01:00;02:00;0
22.06.2023;02:00;03:00;0
22.06.2023;03:00;04:00;0
22.06.2023;04:00;05:00;0
22.06.2023;05:00;06:00;0
22.06.2023;06:00;07:00;0
22.06.2023;07:00;08:00;0
22.06.2023;08:00;09:00;0
22.06.2023;09:00;10:00;0
22.06.2023;10:00;11:00;0
22.06.2023;11:00;12:00;0
22.06.2023;12:00;13:00;0
22.06.2023;13:00;14:00;0
22.06.2023;14:00;15:00;0
22.06.2023;15:00;16:00;0
22.06.2023;16:00;17:00;0
22.06.2023;17:00;18:00;0
22.06.2023;18:00;19:00;0
22.06.2023;19:00;20:00;0
22.06.2023;20:00;21:00;0
22.06.2023;21:00;22:00;0
22.06.2023;22:00;23:00;0
22.06.2023;23:00;00:00;0
23.06.2023;00:00;01:00;0
23.06.2023;01:00;02:00;0
23.06.2023;02:00;03:00;0
23.06.2023;03:00;04:00;0
23.06.2023;04:00;05:00;0
23.06.2023;05:00;06:00;0
23.06.2023;06:00;07:00;0
23.06.2023;07:00;08:00;0
23.06.2023;08:00;09:00;0
23.06.2023;09:00;10:00;0
23.06.2023;10:00;11:00;0
23.06.2023;11:00;12:00;0
23.06.2023;12:00;13:00;0
23.06.2023;13:00;14:00;0
23.06.2023;14:00;15:00;0
23.06.2023;15:00;16:00;0
23.06.2023;16:00;17:00;0
23.06.2023;17:00;18:00;0
23.06.2023;18:00;19:00;0
23.06.2023;19:00;20:00;0
23.06.2023;20:00;21:00;0
23.06.2023;21:00;22:00;0
23.06.2023;22:00;23:00;0
23.06.2023;23:00;00:00;0
24.06.2023;00:00;01:00;0
24.06.2023;01:00;02:00;0
24.06.2023;02:00;03:00;0
24.06.2023;03:00;04:00;0
24.06.2023;04:00;05:00;0
24.06.2023;05:00;06:00;0
24.06.2023;06:00;07:00;0
24.06.2023;07:00;08:00;0
24.06.2023;08:00;09:00;0
24.06.2023;09:00;10:00;0
24.06.2023;10:00;11:00;0
24.06.2023;11:00;12:00;0
24.06.2023;12:00;13:00;0
24.06.2023;13:00;14:00;0
24.06.2023;14:00;15:00;0
24.06.2023;15:00;16:00;0
24.06.2023;16:00;17:00;0
24.06.2023;17:00;18:00;0
24.06.2023;18:00;19:00;0
24.06.2023;19:00;20:00;0
24.06.2023;20:00;21:00;0
24.06.2023;21:00;22:00;0
24.06.2023;22:00;23:00;0
24.06.2023;23:00;00:00;0
25.06.2023;00:00;01:00;0
25.06.2023;01:00;02:00;0
25.06.2023;02:00;03:00;0
25.06.2023;03:00;04:00;0
25.06.2023;04:00;05:00;0
25.06.2023;05:00;06:00;0
25.06.2023;06:00;07:00;0
25.06.2023;07:00;08:00;0
25.06.2023;08:00;09:00;0
25.06.2023;09:00;10:00;0
25.06.2023;10:00;11:00;0
25.06.2023;11:00;12:00;0
25.06.2023;12:00;13:00;0
25.06.2023;13:00;14:00;0
25.06.2023;14:00;15:00;0
25.06.2023;15:00;16:00;0
25.06.2023;16:00;17:00;0
25.06.2023;17:00;18:00;0
25.06.2023;18:00;19:00;0
25.06.2023;19:00;20:00;0
25.06.2023;20:00;21:00;0
25.06.2023;21:00;22:00;0
25.06.2023;22:00;23:00;0
25.06.2023;23:00;00:00;0
26.06.2023;00:00;01:00;0
26.06.2023;01:00;02:00;0
26.06.2023;02:00;03:00;0
26.06.2023;03:00;04:00;0
26.06.2023;04:00;05:00;0
26.06.2023;05:00;06:00;0
26.06.2023;06:00;07:00;0
26.06.2023;07:00;08:00;0
26.06.2023;08:00;09:00;0
26.06.2023;09:00;10:00;0
26.06.2023;10:00;11:00;0
26.06.2023;11:00;12:00;0
26.06.2023;12:00;13:00;0
26.06.2023;13:00;14:00;0
26.06.2023;14:00;15:00;0
26.06.2023;15:00;16:00;0
26.06.2023;16:00;17:00;0
26.06.2023;17:00;18:00;0
26.06.2023;18:00;19:00;0
26.06.2023;19:00;20:00;0
26.06.2023;20:00;21:00;0
26.06.2023;21:00;22:00;0
26.06.2023;22:00;23:00;0
26.06.2023;23:00;00:00;0
27.06.2023;00:00;01:00;0
27.06.2023;01:00;02:00;0
27.06.2023;02:00;03:00;0
27.06.2023;03:00;04:00;0
27.06.2023;04:00;05:00;0
27.06.2023;05:00;06:00;0
27.06.2023;06:00;07:00;0
27.06.2023;07:00;08:00;0
27.06.2023;08:00;09:00;45
27.06.2023;09:00;10:00;78
27.06.2023;10:00;11:00;84
27.06.2023;11:00;12:00;140
27.06.2023;12:00;13:00;200
27.06.2023;13:00;14:00;200
27.06.2023;14:00;15:00;200
27.06.2023;15:00;16:00;200
27.06.2023;16:00;17:00;200
27.06.2023;17:00;18:00;200
27.06.2023;18:00;19:00;227
27.06.2023;19:00;20:00;369
27.06.2023;20:00;21:00;370
27.06.2023;21:00;22:00;229
27.06.2023;22:00;23:00;67
27.06.2023;23:00;00:00;0
28.06.2023;00:00;01:00;0
28.06.2023;01:00;02:00;0
28.06.2023;02:00;03:00;0
28.06.2023;03:00;04:00;0
28.06.2023;04:00;05:00;0
28.06.2023;05:00;06:00;0
28.06.2023;06:00;07:00;13
28.06.2023;07:00;08:00;117
28.06.2023;08:00;09:00;183
28.06.2023;09:00;10:00;250
28.06.2023;10:00;11:00;250
28.06.2023;11:00;12:00;250
28.06.2023;12:00;13:00;250
28.06.2023;13:00;14:00;250
28.06.2023;14:00;15:00;185
28.06.2023;15:00;16:00;180
28.06.2023;16:00;17:00;50
28.06.2023;17:00;18:00;0
28.06.2023;18:00;19:00;0
28.06.2023;19:00;20:00;0
28.06.2023;20:00;21:00;0
28.06.2023;21:00;22:00;0
28.06.2023;22:00;23:00;0
28.06.2023;23:00;00:00;0
29.06.2023;00:00;01:00;0
29.06.2023;01:00;02:00;0
29.06.2023;02:00;03:00;0
29.06.2023;03:00;04:00;0
29.06.2023;04:00;05:00;0
29.06.2023;05:00;06:00;0
29.06.2023;06:00;07:00;0
29.06.2023;07:00;08:00;0
29.06.2023;08:00;09:00;0
29.06.2023;09:00;10:00;0
29.06.2023;10:00;11:00;0
29.06.2023;11:00;12:00;0
29.06.2023;12:00;13:00;0
29.06.2023;13:00;14:00;0
29.06.2023;14:00;15:00;1
29.06.2023;15:00;16:00;0
29.06.2023;16:00;17:00;0
29.06.2023;17:00;18:00;0
29.06.2023;18:00;19:00;0
29.06.2023;19:00;20:00;0
29.06.2023;20:00;21:00;0
29.06.2023;21:00;22:00;0
29.06.2023;22:00;23:00;0
29.06.2023;23:00;00:00;0
30.06.2023;00:00;01:00;0
30.06.2023;01:00;02:00;0
30.06.2023;02:00;03:00;0
30.06.2023;03:00;04:00;0
30.06.2023;04:00;05:00;0
30.06.2023;05:00;06:00;0
30.06.2023;06:00;07:00;0
30.06.2023;07:00;08:00;0
30.06.2023;08:00;09:00;0
30.06.2023;09:00;10:00;0
30.06.2023;10:00;11:00;0
30.06.2023;11:00;12:00;0
30.06.2023;12:00;13:00;0
30.06.2023;13:00;14:00;0
30.06.2023;14:00;15:00;0
30.06.2023;15:00;16:00;0
30.06.2023;16:00;17:00;0
30.06.2023;17:00;18:00;0
30.06.2023;18:00;19:00;0
30.06.2023;19:00;20:00;0
30.06.2023;20:00;21:00;0
30.06.2023;21:00;22:00;0
30.06.2023;22:00;23:00;0
30.06.2023;23:00;00:00;0
