date,start,end,11WD2NOR20001055
01.01.2018,00:00,01:00,151
01.01.2018,01:00,02:00,143
01.01.2018,02:00,03:00,141
01.01.2018,03:00,04:00,140
01.01.2018,04:00,05:00,135
01.01.2018,05:00,06:00,138
01.01.2018,06:00,07:00,145
01.01.2018,07:00,08:00,138
01.01.2018,08:00,09:00,138
01.01.2018,09:00,10:00,143
01.01.2018,10:00,11:00,155
01.01.2018,11:00,12:00,167
01.01.2018,12:00,13:00,170
01.01.2018,13:00,14:00,175
01.01.2018,14:00,15:00,179
01.01.2018,15:00,16:00,175
01.01.2018,16:00,17:00,185
01.01.2018,17:00,18:00,208
01.01.2018,18:00,19:00,204
01.01.2018,19:00,20:00,204
01.01.2018,20:00,21:00,209
01.01.2018,21:00,22:00,201
01.01.2018,22:00,23:00,203
01.01.2018,23:00,00:00,185
02.01.2018,00:00,01:00,170
02.01.2018,01:00,02:00,167
02.01.2018,02:00,03:00,167
02.01.2018,03:00,04:00,168
02.01.2018,04:00,05:00,177
02.01.2018,05:00,06:00,191
02.01.2018,06:00,07:00,215
02.01.2018,07:00,08:00,207
02.01.2018,08:00,09:00,211
02.01.2018,09:00,10:00,212
02.01.2018,10:00,11:00,211
02.01.2018,11:00,12:00,211
02.01.2018,12:00,13:00,210
02.01.2018,13:00,14:00,211
02.01.2018,14:00,15:00,216
02.01.2018,15:00,16:00,211
02.01.2018,16:00,17:00,208
02.01.2018,17:00,18:00,207
02.01.2018,18:00,19:00,216
02.01.2018,19:00,20:00,209
02.01.2018,20:00,21:00,201
02.01.2018,21:00,22:00,206
02.01.2018,22:00,23:00,208
02.01.2018,23:00,00:00,206
03.01.2018,00:00,01:00,206
03.01.2018,01:00,02:00,207
03.01.2018,02:00,03:00,201
03.01.2018,03:00,04:00,201
03.01.2018,04:00,05:00,203
03.01.2018,05:00,06:00,209
03.01.2018,06:00,07:00,209
03.01.2018,07:00,08:00,206
03.01.2018,08:00,09:00,196
03.01.2018,09:00,10:00,190
03.01.2018,10:00,11:00,212
03.01.2018,11:00,12:00,204
03.01.2018,12:00,13:00,207
03.01.2018,13:00,14:00,208
03.01.2018,14:00,15:00,208
03.01.2018,15:00,16:00,209
03.01.2018,16:00,17:00,207
03.01.2018,17:00,18:00,209
03.01.2018,18:00,19:00,210
03.01.2018,19:00,20:00,209
03.01.2018,20:00,21:00,205
03.01.2018,21:00,22:00,200
03.01.2018,22:00,23:00,202
03.01.2018,23:00,00:00,198
04.01.2018,00:00,01:00,187
04.01.2018,01:00,02:00,196
04.01.2018,02:00,03:00,191
04.01.2018,03:00,04:00,196
04.01.2018,04:00,05:00,199
04.01.2018,05:00,06:00,203
04.01.2018,06:00,07:00,201
04.01.2018,07:00,08:00,207
04.01.2018,08:00,09:00,208
04.01.2018,09:00,10:00,208
04.01.2018,10:00,11:00,200
04.01.2018,11:00,12:00,204
04.01.2018,12:00,13:00,205
04.01.2018,13:00,14:00,207
04.01.2018,14:00,15:00,207
04.01.2018,15:00,16:00,204
04.01.2018,16:00,17:00,214
04.01.2018,17:00,18:00,229
04.01.2018,18:00,19:00,239
04.01.2018,19:00,20:00,239
04.01.2018,20:00,21:00,214
04.01.2018,21:00,22:00,202
04.01.2018,22:00,23:00,178
04.01.2018,23:00,00:00,135
05.01.2018,00:00,01:00,129
05.01.2018,01:00,02:00,134
05.01.2018,02:00,03:00,131
05.01.2018,03:00,04:00,139
05.01.2018,04:00,05:00,154
05.01.2018,05:00,06:00,165
05.01.2018,06:00,07:00,174
05.01.2018,07:00,08:00,175
05.01.2018,08:00,09:00,182
05.01.2018,09:00,10:00,176
05.01.2018,10:00,11:00,165
05.01.2018,11:00,12:00,212
05.01.2018,12:00,13:00,241
05.01.2018,13:00,14:00,246
05.01.2018,14:00,15:00,247
05.01.2018,15:00,16:00,233
05.01.2018,16:00,17:00,218
05.01.2018,17:00,18:00,231
05.01.2018,18:00,19:00,235
05.01.2018,19:00,20:00,226
05.01.2018,20:00,21:00,217
05.01.2018,21:00,22:00,205
05.01.2018,22:00,23:00,176
05.01.2018,23:00,00:00,155
06.01.2018,00:00,01:00,162
06.01.2018,01:00,02:00,165
06.01.2018,02:00,03:00,153
06.01.2018,03:00,04:00,151
06.01.2018,04:00,05:00,171
06.01.2018,05:00,06:00,182
06.01.2018,06:00,07:00,183
06.01.2018,07:00,08:00,175
06.01.2018,08:00,09:00,167
06.01.2018,09:00,10:00,160
06.01.2018,10:00,11:00,156
06.01.2018,11:00,12:00,171
06.01.2018,12:00,13:00,162
06.01.2018,13:00,14:00,156
06.01.2018,14:00,15:00,160
06.01.2018,15:00,16:00,173
06.01.2018,16:00,17:00,159
06.01.2018,17:00,18:00,160
06.01.2018,18:00,19:00,170
06.01.2018,19:00,20:00,170
06.01.2018,20:00,21:00,162
06.01.2018,21:00,22:00,165
06.01.2018,22:00,23:00,152
06.01.2018,23:00,00:00,151
07.01.2018,00:00,01:00,148
07.01.2018,01:00,02:00,147
07.01.2018,02:00,03:00,145
07.01.2018,03:00,04:00,144
07.01.2018,04:00,05:00,152
07.01.2018,05:00,06:00,175
07.01.2018,06:00,07:00,173
07.01.2018,07:00,08:00,170
07.01.2018,08:00,09:00,172
07.01.2018,09:00,10:00,174
07.01.2018,10:00,11:00,176
07.01.2018,11:00,12:00,181
07.01.2018,12:00,13:00,186
07.01.2018,13:00,14:00,185
07.01.2018,14:00,15:00,189
07.01.2018,15:00,16:00,199
07.01.2018,16:00,17:00,197
07.01.2018,17:00,18:00,196
07.01.2018,18:00,19:00,193
07.01.2018,19:00,20:00,191
07.01.2018,20:00,21:00,189
07.01.2018,21:00,22:00,176
07.01.2018,22:00,23:00,164
07.01.2018,23:00,00:00,171
08.01.2018,00:00,01:00,173
08.01.2018,01:00,02:00,170
08.01.2018,02:00,03:00,174
08.01.2018,03:00,04:00,174
08.01.2018,04:00,05:00,172
08.01.2018,05:00,06:00,193
08.01.2018,06:00,07:00,197
08.01.2018,07:00,08:00,201
08.01.2018,08:00,09:00,216
08.01.2018,09:00,10:00,217
08.01.2018,10:00,11:00,203
08.01.2018,11:00,12:00,185
08.01.2018,12:00,13:00,198
08.01.2018,13:00,14:00,201
08.01.2018,14:00,15:00,201
08.01.2018,15:00,16:00,221
08.01.2018,16:00,17:00,216
08.01.2018,17:00,18:00,211
08.01.2018,18:00,19:00,210
08.01.2018,19:00,20:00,209
08.01.2018,20:00,21:00,210
08.01.2018,21:00,22:00,208
08.01.2018,22:00,23:00,202
08.01.2018,23:00,00:00,187
09.01.2018,00:00,01:00,197
09.01.2018,01:00,02:00,211
09.01.2018,02:00,03:00,207
09.01.2018,03:00,04:00,190
09.01.2018,04:00,05:00,212
09.01.2018,05:00,06:00,209
09.01.2018,06:00,07:00,209
09.01.2018,07:00,08:00,215
09.01.2018,08:00,09:00,225
09.01.2018,09:00,10:00,233
09.01.2018,10:00,11:00,237
09.01.2018,11:00,12:00,259
09.01.2018,12:00,13:00,231
09.01.2018,13:00,14:00,228
09.01.2018,14:00,15:00,242
09.01.2018,15:00,16:00,253
09.01.2018,16:00,17:00,237
09.01.2018,17:00,18:00,257
09.01.2018,18:00,19:00,249
09.01.2018,19:00,20:00,239
09.01.2018,20:00,21:00,206
09.01.2018,21:00,22:00,155
09.01.2018,22:00,23:00,154
09.01.2018,23:00,00:00,145
10.01.2018,00:00,01:00,134
10.01.2018,01:00,02:00,129
10.01.2018,02:00,03:00,129
10.01.2018,03:00,04:00,140
10.01.2018,04:00,05:00,157
10.01.2018,05:00,06:00,183
10.01.2018,06:00,07:00,207
10.01.2018,07:00,08:00,206
10.01.2018,08:00,09:00,207
10.01.2018,09:00,10:00,209
10.01.2018,10:00,11:00,211
10.01.2018,11:00,12:00,237
10.01.2018,12:00,13:00,187
10.01.2018,13:00,14:00,178
10.01.2018,14:00,15:00,171
10.01.2018,15:00,16:00,171
10.01.2018,16:00,17:00,183
10.01.2018,17:00,18:00,222
10.01.2018,18:00,19:00,232
10.01.2018,19:00,20:00,219
10.01.2018,20:00,21:00,194
10.01.2018,21:00,22:00,205
10.01.2018,22:00,23:00,198
10.01.2018,23:00,00:00,178
11.01.2018,00:00,01:00,178
11.01.2018,01:00,02:00,174
11.01.2018,02:00,03:00,167
11.01.2018,03:00,04:00,178
11.01.2018,04:00,05:00,188
11.01.2018,05:00,06:00,207
11.01.2018,06:00,07:00,211
11.01.2018,07:00,08:00,210
11.01.2018,08:00,09:00,211
11.01.2018,09:00,10:00,210
11.01.2018,10:00,11:00,212
11.01.2018,11:00,12:00,212
11.01.2018,12:00,13:00,211
11.01.2018,13:00,14:00,210
11.01.2018,14:00,15:00,210
11.01.2018,15:00,16:00,200
11.01.2018,16:00,17:00,208
11.01.2018,17:00,18:00,210
11.01.2018,18:00,19:00,185
11.01.2018,19:00,20:00,201
11.01.2018,20:00,21:00,209
11.01.2018,21:00,22:00,206
11.01.2018,22:00,23:00,214
11.01.2018,23:00,00:00,225
12.01.2018,00:00,01:00,141
12.01.2018,01:00,02:00,133
12.01.2018,02:00,03:00,132
12.01.2018,03:00,04:00,141
12.01.2018,04:00,05:00,160
12.01.2018,05:00,06:00,200
12.01.2018,06:00,07:00,212
12.01.2018,07:00,08:00,219
12.01.2018,08:00,09:00,186
12.01.2018,09:00,10:00,213
12.01.2018,10:00,11:00,249
12.01.2018,11:00,12:00,250
12.01.2018,12:00,13:00,240
12.01.2018,13:00,14:00,208
12.01.2018,14:00,15:00,207
12.01.2018,15:00,16:00,207
12.01.2018,16:00,17:00,224
12.01.2018,17:00,18:00,243
12.01.2018,18:00,19:00,233
12.01.2018,19:00,20:00,218
12.01.2018,20:00,21:00,218
12.01.2018,21:00,22:00,185
12.01.2018,22:00,23:00,182
12.01.2018,23:00,00:00,167
13.01.2018,00:00,01:00,199
13.01.2018,01:00,02:00,175
13.01.2018,02:00,03:00,149
13.01.2018,03:00,04:00,154
13.01.2018,04:00,05:00,168
13.01.2018,05:00,06:00,199
13.01.2018,06:00,07:00,207
13.01.2018,07:00,08:00,212
13.01.2018,08:00,09:00,212
13.01.2018,09:00,10:00,211
13.01.2018,10:00,11:00,211
13.01.2018,11:00,12:00,210
13.01.2018,12:00,13:00,210
13.01.2018,13:00,14:00,211
13.01.2018,14:00,15:00,210
13.01.2018,15:00,16:00,211
13.01.2018,16:00,17:00,212
13.01.2018,17:00,18:00,211
13.01.2018,18:00,19:00,209
13.01.2018,19:00,20:00,209
13.01.2018,20:00,21:00,207
13.01.2018,21:00,22:00,206
13.01.2018,22:00,23:00,184
13.01.2018,23:00,00:00,196
14.01.2018,00:00,01:00,193
14.01.2018,01:00,02:00,199
14.01.2018,02:00,03:00,183
14.01.2018,03:00,04:00,155
14.01.2018,04:00,05:00,169
14.01.2018,05:00,06:00,186
14.01.2018,06:00,07:00,193
14.01.2018,07:00,08:00,193
14.01.2018,08:00,09:00,200
14.01.2018,09:00,10:00,203
14.01.2018,10:00,11:00,204
14.01.2018,11:00,12:00,204
14.01.2018,12:00,13:00,204
14.01.2018,13:00,14:00,204
14.01.2018,14:00,15:00,205
14.01.2018,15:00,16:00,203
14.01.2018,16:00,17:00,202
14.01.2018,17:00,18:00,204
14.01.2018,18:00,19:00,203
14.01.2018,19:00,20:00,204
14.01.2018,20:00,21:00,205
14.01.2018,21:00,22:00,203
14.01.2018,22:00,23:00,203
14.01.2018,23:00,00:00,191
15.01.2018,00:00,01:00,189
15.01.2018,01:00,02:00,192
15.01.2018,02:00,03:00,195
15.01.2018,03:00,04:00,199
15.01.2018,04:00,05:00,203
15.01.2018,05:00,06:00,203
15.01.2018,06:00,07:00,204
15.01.2018,07:00,08:00,202
15.01.2018,08:00,09:00,202
15.01.2018,09:00,10:00,196
15.01.2018,10:00,11:00,201
15.01.2018,11:00,12:00,202
15.01.2018,12:00,13:00,190
15.01.2018,13:00,14:00,193
15.01.2018,14:00,15:00,192
15.01.2018,15:00,16:00,195
15.01.2018,16:00,17:00,202
15.01.2018,17:00,18:00,205
15.01.2018,18:00,19:00,206
15.01.2018,19:00,20:00,205
15.01.2018,20:00,21:00,205
15.01.2018,21:00,22:00,204
15.01.2018,22:00,23:00,202
15.01.2018,23:00,00:00,173
16.01.2018,00:00,01:00,143
16.01.2018,01:00,02:00,136
16.01.2018,02:00,03:00,126
16.01.2018,03:00,04:00,135
16.01.2018,04:00,05:00,132
16.01.2018,05:00,06:00,175
16.01.2018,06:00,07:00,197
16.01.2018,07:00,08:00,217
16.01.2018,08:00,09:00,219
16.01.2018,09:00,10:00,224
16.01.2018,10:00,11:00,231
16.01.2018,11:00,12:00,237
16.01.2018,12:00,13:00,238
16.01.2018,13:00,14:00,230
16.01.2018,14:00,15:00,225
16.01.2018,15:00,16:00,210
16.01.2018,16:00,17:00,203
16.01.2018,17:00,18:00,202
16.01.2018,18:00,19:00,203
16.01.2018,19:00,20:00,204
16.01.2018,20:00,21:00,201
16.01.2018,21:00,22:00,202
16.01.2018,22:00,23:00,202
16.01.2018,23:00,00:00,197
17.01.2018,00:00,01:00,174
17.01.2018,01:00,02:00,156
17.01.2018,02:00,03:00,157
17.01.2018,03:00,04:00,165
17.01.2018,04:00,05:00,175
17.01.2018,05:00,06:00,198
17.01.2018,06:00,07:00,203
17.01.2018,07:00,08:00,201
17.01.2018,08:00,09:00,200
17.01.2018,09:00,10:00,207
17.01.2018,10:00,11:00,200
17.01.2018,11:00,12:00,210
17.01.2018,12:00,13:00,202
17.01.2018,13:00,14:00,209
17.01.2018,14:00,15:00,203
17.01.2018,15:00,16:00,210
17.01.2018,16:00,17:00,207
17.01.2018,17:00,18:00,207
17.01.2018,18:00,19:00,206
17.01.2018,19:00,20:00,208
17.01.2018,20:00,21:00,205
17.01.2018,21:00,22:00,205
17.01.2018,22:00,23:00,208
17.01.2018,23:00,00:00,206
18.01.2018,00:00,01:00,197
18.01.2018,01:00,02:00,198
18.01.2018,02:00,03:00,198
18.01.2018,03:00,04:00,193
18.01.2018,04:00,05:00,213
18.01.2018,05:00,06:00,209
18.01.2018,06:00,07:00,210
18.01.2018,07:00,08:00,207
18.01.2018,08:00,09:00,209
18.01.2018,09:00,10:00,208
18.01.2018,10:00,11:00,207
18.01.2018,11:00,12:00,203
18.01.2018,12:00,13:00,200
18.01.2018,13:00,14:00,230
18.01.2018,14:00,15:00,242
18.01.2018,15:00,16:00,233
18.01.2018,16:00,17:00,219
18.01.2018,17:00,18:00,240
18.01.2018,18:00,19:00,244
18.01.2018,19:00,20:00,207
18.01.2018,20:00,21:00,184
18.01.2018,21:00,22:00,195
18.01.2018,22:00,23:00,196
18.01.2018,23:00,00:00,177
19.01.2018,00:00,01:00,161
19.01.2018,01:00,02:00,153
19.01.2018,02:00,03:00,141
19.01.2018,03:00,04:00,140
19.01.2018,04:00,05:00,158
19.01.2018,05:00,06:00,173
19.01.2018,06:00,07:00,206
19.01.2018,07:00,08:00,215
19.01.2018,08:00,09:00,216
19.01.2018,09:00,10:00,216
19.01.2018,10:00,11:00,216
19.01.2018,11:00,12:00,217
19.01.2018,12:00,13:00,219
19.01.2018,13:00,14:00,217
19.01.2018,14:00,15:00,212
19.01.2018,15:00,16:00,218
19.01.2018,16:00,17:00,221
19.01.2018,17:00,18:00,220
19.01.2018,18:00,19:00,223
19.01.2018,19:00,20:00,223
19.01.2018,20:00,21:00,220
19.01.2018,21:00,22:00,227
19.01.2018,22:00,23:00,223
19.01.2018,23:00,00:00,191
20.01.2018,00:00,01:00,177
20.01.2018,01:00,02:00,175
20.01.2018,02:00,03:00,178
20.01.2018,03:00,04:00,178
20.01.2018,04:00,05:00,180
20.01.2018,05:00,06:00,188
20.01.2018,06:00,07:00,195
20.01.2018,07:00,08:00,193
20.01.2018,08:00,09:00,203
20.01.2018,09:00,10:00,208
20.01.2018,10:00,11:00,209
20.01.2018,11:00,12:00,207
20.01.2018,12:00,13:00,192
20.01.2018,13:00,14:00,173
20.01.2018,14:00,15:00,201
20.01.2018,15:00,16:00,204
20.01.2018,16:00,17:00,218
20.01.2018,17:00,18:00,218
20.01.2018,18:00,19:00,216
20.01.2018,19:00,20:00,206
20.01.2018,20:00,21:00,206
20.01.2018,21:00,22:00,211
20.01.2018,22:00,23:00,208
20.01.2018,23:00,00:00,190
21.01.2018,00:00,01:00,173
21.01.2018,01:00,02:00,159
21.01.2018,02:00,03:00,165
21.01.2018,03:00,04:00,164
21.01.2018,04:00,05:00,180
21.01.2018,05:00,06:00,195
21.01.2018,06:00,07:00,192
21.01.2018,07:00,08:00,203
21.01.2018,08:00,09:00,208
21.01.2018,09:00,10:00,209
21.01.2018,10:00,11:00,208
21.01.2018,11:00,12:00,207
21.01.2018,12:00,13:00,202
21.01.2018,13:00,14:00,208
21.01.2018,14:00,15:00,182
21.01.2018,15:00,16:00,170
21.01.2018,16:00,17:00,182
21.01.2018,17:00,18:00,210
21.01.2018,18:00,19:00,209
21.01.2018,19:00,20:00,211
21.01.2018,20:00,21:00,210
21.01.2018,21:00,22:00,209
21.01.2018,22:00,23:00,203
21.01.2018,23:00,00:00,195
22.01.2018,00:00,01:00,200
22.01.2018,01:00,02:00,200
22.01.2018,02:00,03:00,206
22.01.2018,03:00,04:00,207
22.01.2018,04:00,05:00,201
22.01.2018,05:00,06:00,205
22.01.2018,06:00,07:00,210
22.01.2018,07:00,08:00,210
22.01.2018,08:00,09:00,209
22.01.2018,09:00,10:00,210
22.01.2018,10:00,11:00,209
22.01.2018,11:00,12:00,211
22.01.2018,12:00,13:00,210
22.01.2018,13:00,14:00,210
22.01.2018,14:00,15:00,207
22.01.2018,15:00,16:00,211
22.01.2018,16:00,17:00,211
22.01.2018,17:00,18:00,210
22.01.2018,18:00,19:00,210
22.01.2018,19:00,20:00,209
22.01.2018,20:00,21:00,209
22.01.2018,21:00,22:00,203
22.01.2018,22:00,23:00,189
22.01.2018,23:00,00:00,175
23.01.2018,00:00,01:00,169
23.01.2018,01:00,02:00,141
23.01.2018,02:00,03:00,141
23.01.2018,03:00,04:00,145
23.01.2018,04:00,05:00,160
23.01.2018,05:00,06:00,178
23.01.2018,06:00,07:00,207
23.01.2018,07:00,08:00,207
23.01.2018,08:00,09:00,208
23.01.2018,09:00,10:00,208
23.01.2018,10:00,11:00,209
23.01.2018,11:00,12:00,209
23.01.2018,12:00,13:00,208
23.01.2018,13:00,14:00,208
23.01.2018,14:00,15:00,210
23.01.2018,15:00,16:00,209
23.01.2018,16:00,17:00,208
23.01.2018,17:00,18:00,208
23.01.2018,18:00,19:00,210
23.01.2018,19:00,20:00,212
23.01.2018,20:00,21:00,208
23.01.2018,21:00,22:00,207
23.01.2018,22:00,23:00,186
23.01.2018,23:00,00:00,158
24.01.2018,00:00,01:00,140
24.01.2018,01:00,02:00,144
24.01.2018,02:00,03:00,134
24.01.2018,03:00,04:00,130
24.01.2018,04:00,05:00,144
24.01.2018,05:00,06:00,183
24.01.2018,06:00,07:00,212
24.01.2018,07:00,08:00,205
24.01.2018,08:00,09:00,204
24.01.2018,09:00,10:00,197
24.01.2018,10:00,11:00,188
24.01.2018,11:00,12:00,172
24.01.2018,12:00,13:00,208
24.01.2018,13:00,14:00,197
24.01.2018,14:00,15:00,199
24.01.2018,15:00,16:00,223
24.01.2018,16:00,17:00,197
24.01.2018,17:00,18:00,219
24.01.2018,18:00,19:00,195
24.01.2018,19:00,20:00,187
24.01.2018,20:00,21:00,173
24.01.2018,21:00,22:00,171
24.01.2018,22:00,23:00,171
24.01.2018,23:00,00:00,135
25.01.2018,00:00,01:00,118
25.01.2018,01:00,02:00,106
25.01.2018,02:00,03:00,104
25.01.2018,03:00,04:00,100
25.01.2018,04:00,05:00,116
25.01.2018,05:00,06:00,165
25.01.2018,06:00,07:00,177
25.01.2018,07:00,08:00,197
25.01.2018,08:00,09:00,216
25.01.2018,09:00,10:00,208
25.01.2018,10:00,11:00,204
25.01.2018,11:00,12:00,205
25.01.2018,12:00,13:00,223
25.01.2018,13:00,14:00,219
25.01.2018,14:00,15:00,211
25.01.2018,15:00,16:00,210
25.01.2018,16:00,17:00,247
25.01.2018,17:00,18:00,260
25.01.2018,18:00,19:00,255
25.01.2018,19:00,20:00,209
25.01.2018,20:00,21:00,161
25.01.2018,21:00,22:00,148
25.01.2018,22:00,23:00,135
25.01.2018,23:00,00:00,134
26.01.2018,00:00,01:00,151
26.01.2018,01:00,02:00,151
26.01.2018,02:00,03:00,154
26.01.2018,03:00,04:00,182
26.01.2018,04:00,05:00,184
26.01.2018,05:00,06:00,218
26.01.2018,06:00,07:00,231
26.01.2018,07:00,08:00,230
26.01.2018,08:00,09:00,232
26.01.2018,09:00,10:00,238
26.01.2018,10:00,11:00,247
26.01.2018,11:00,12:00,250
26.01.2018,12:00,13:00,241
26.01.2018,13:00,14:00,236
26.01.2018,14:00,15:00,253
26.01.2018,15:00,16:00,256
26.01.2018,16:00,17:00,261
26.01.2018,17:00,18:00,258
26.01.2018,18:00,19:00,258
26.01.2018,19:00,20:00,200
26.01.2018,20:00,21:00,229
26.01.2018,21:00,22:00,190
26.01.2018,22:00,23:00,191
26.01.2018,23:00,00:00,169
27.01.2018,00:00,01:00,141
27.01.2018,01:00,02:00,140
27.01.2018,02:00,03:00,133
27.01.2018,03:00,04:00,145
27.01.2018,04:00,05:00,150
27.01.2018,05:00,06:00,161
27.01.2018,06:00,07:00,166
27.01.2018,07:00,08:00,186
27.01.2018,08:00,09:00,219
27.01.2018,09:00,10:00,215
27.01.2018,10:00,11:00,205
27.01.2018,11:00,12:00,218
27.01.2018,12:00,13:00,208
27.01.2018,13:00,14:00,184
27.01.2018,14:00,15:00,179
27.01.2018,15:00,16:00,153
27.01.2018,16:00,17:00,193
27.01.2018,17:00,18:00,220
27.01.2018,18:00,19:00,192
27.01.2018,19:00,20:00,199
27.01.2018,20:00,21:00,199
27.01.2018,21:00,22:00,169
27.01.2018,22:00,23:00,153
27.01.2018,23:00,00:00,131
28.01.2018,00:00,01:00,126
28.01.2018,01:00,02:00,109
28.01.2018,02:00,03:00,101
28.01.2018,03:00,04:00,90
28.01.2018,04:00,05:00,95
28.01.2018,05:00,06:00,98
28.01.2018,06:00,07:00,97
28.01.2018,07:00,08:00,121
28.01.2018,08:00,09:00,151
28.01.2018,09:00,10:00,160
28.01.2018,10:00,11:00,151
28.01.2018,11:00,12:00,163
28.01.2018,12:00,13:00,160
28.01.2018,13:00,14:00,152
28.01.2018,14:00,15:00,150
28.01.2018,15:00,16:00,148
28.01.2018,16:00,17:00,148
28.01.2018,17:00,18:00,180
28.01.2018,18:00,19:00,224
28.01.2018,19:00,20:00,212
28.01.2018,20:00,21:00,209
28.01.2018,21:00,22:00,189
28.01.2018,22:00,23:00,180
28.01.2018,23:00,00:00,139
29.01.2018,00:00,01:00,136
29.01.2018,01:00,02:00,130
29.01.2018,02:00,03:00,127
29.01.2018,03:00,04:00,140
29.01.2018,04:00,05:00,137
29.01.2018,05:00,06:00,149
29.01.2018,06:00,07:00,169
29.01.2018,07:00,08:00,199
29.01.2018,08:00,09:00,203
29.01.2018,09:00,10:00,196
29.01.2018,10:00,11:00,181
29.01.2018,11:00,12:00,168
29.01.2018,12:00,13:00,163
29.01.2018,13:00,14:00,164
29.01.2018,14:00,15:00,157
29.01.2018,15:00,16:00,154
29.01.2018,16:00,17:00,160
29.01.2018,17:00,18:00,191
29.01.2018,18:00,19:00,191
29.01.2018,19:00,20:00,175
29.01.2018,20:00,21:00,170
29.01.2018,21:00,22:00,163
29.01.2018,22:00,23:00,133
29.01.2018,23:00,00:00,119
30.01.2018,00:00,01:00,107
30.01.2018,01:00,02:00,106
30.01.2018,02:00,03:00,103
30.01.2018,03:00,04:00,107
30.01.2018,04:00,05:00,120
30.01.2018,05:00,06:00,147
30.01.2018,06:00,07:00,212
30.01.2018,07:00,08:00,234
30.01.2018,08:00,09:00,222
30.01.2018,09:00,10:00,245
30.01.2018,10:00,11:00,257
30.01.2018,11:00,12:00,259
30.01.2018,12:00,13:00,256
30.01.2018,13:00,14:00,241
30.01.2018,14:00,15:00,228
30.01.2018,15:00,16:00,226
30.01.2018,16:00,17:00,247
30.01.2018,17:00,18:00,253
30.01.2018,18:00,19:00,252
30.01.2018,19:00,20:00,226
30.01.2018,20:00,21:00,188
30.01.2018,21:00,22:00,140
30.01.2018,22:00,23:00,140
30.01.2018,23:00,00:00,127
31.01.2018,00:00,01:00,108
31.01.2018,01:00,02:00,98
31.01.2018,02:00,03:00,99
31.01.2018,03:00,04:00,98
31.01.2018,04:00,05:00,105
31.01.2018,05:00,06:00,140
31.01.2018,06:00,07:00,173
31.01.2018,07:00,08:00,193
31.01.2018,08:00,09:00,203
31.01.2018,09:00,10:00,200
31.01.2018,10:00,11:00,208
31.01.2018,11:00,12:00,213
31.01.2018,12:00,13:00,197
31.01.2018,13:00,14:00,208
31.01.2018,14:00,15:00,192
31.01.2018,15:00,16:00,193
31.01.2018,16:00,17:00,222
31.01.2018,17:00,18:00,260
31.01.2018,18:00,19:00,260
31.01.2018,19:00,20:00,259
31.01.2018,20:00,21:00,199
31.01.2018,21:00,22:00,173
31.01.2018,22:00,23:00,174
31.01.2018,23:00,00:00,151
01.02.2018,00:00,01:00,130
01.02.2018,01:00,02:00,131
01.02.2018,02:00,03:00,130
01.02.2018,03:00,04:00,128
01.02.2018,04:00,05:00,146
01.02.2018,05:00,06:00,165
01.02.2018,06:00,07:00,220
01.02.2018,07:00,08:00,235
01.02.2018,08:00,09:00,231
01.02.2018,09:00,10:00,237
01.02.2018,10:00,11:00,232
01.02.2018,11:00,12:00,220
01.02.2018,12:00,13:00,207
01.02.2018,13:00,14:00,205
01.02.2018,14:00,15:00,207
01.02.2018,15:00,16:00,206
01.02.2018,16:00,17:00,207
01.02.2018,17:00,18:00,208
01.02.2018,18:00,19:00,211
01.02.2018,19:00,20:00,210
01.02.2018,20:00,21:00,209
01.02.2018,21:00,22:00,204
01.02.2018,22:00,23:00,187
01.02.2018,23:00,00:00,139
02.02.2018,00:00,01:00,128
02.02.2018,01:00,02:00,128
02.02.2018,02:00,03:00,134
02.02.2018,03:00,04:00,149
02.02.2018,04:00,05:00,157
02.02.2018,05:00,06:00,172
02.02.2018,06:00,07:00,221
02.02.2018,07:00,08:00,219
02.02.2018,08:00,09:00,215
02.02.2018,09:00,10:00,206
02.02.2018,10:00,11:00,206
02.02.2018,11:00,12:00,212
02.02.2018,12:00,13:00,210
02.02.2018,13:00,14:00,209
02.02.2018,14:00,15:00,206
02.02.2018,15:00,16:00,201
02.02.2018,16:00,17:00,187
02.02.2018,17:00,18:00,188
02.02.2018,18:00,19:00,187
02.02.2018,19:00,20:00,192
02.02.2018,20:00,21:00,215
02.02.2018,21:00,22:00,210
02.02.2018,22:00,23:00,199
02.02.2018,23:00,00:00,158
03.02.2018,00:00,01:00,118
03.02.2018,01:00,02:00,106
03.02.2018,02:00,03:00,108
03.02.2018,03:00,04:00,114
03.02.2018,04:00,05:00,133
03.02.2018,05:00,06:00,158
03.02.2018,06:00,07:00,165
03.02.2018,07:00,08:00,166
03.02.2018,08:00,09:00,199
03.02.2018,09:00,10:00,191
03.02.2018,10:00,11:00,221
03.02.2018,11:00,12:00,229
03.02.2018,12:00,13:00,182
03.02.2018,13:00,14:00,165
03.02.2018,14:00,15:00,184
03.02.2018,15:00,16:00,186
03.02.2018,16:00,17:00,214
03.02.2018,17:00,18:00,218
03.02.2018,18:00,19:00,215
03.02.2018,19:00,20:00,213
03.02.2018,20:00,21:00,215
03.02.2018,21:00,22:00,210
03.02.2018,22:00,23:00,198
03.02.2018,23:00,00:00,192
04.02.2018,00:00,01:00,186
04.02.2018,01:00,02:00,162
04.02.2018,02:00,03:00,153
04.02.2018,03:00,04:00,158
04.02.2018,04:00,05:00,165
04.02.2018,05:00,06:00,186
04.02.2018,06:00,07:00,199
04.02.2018,07:00,08:00,202
04.02.2018,08:00,09:00,209
04.02.2018,09:00,10:00,209
04.02.2018,10:00,11:00,211
04.02.2018,11:00,12:00,208
04.02.2018,12:00,13:00,211
04.02.2018,13:00,14:00,212
04.02.2018,14:00,15:00,211
04.02.2018,15:00,16:00,210
04.02.2018,16:00,17:00,212
04.02.2018,17:00,18:00,213
04.02.2018,18:00,19:00,212
04.02.2018,19:00,20:00,213
04.02.2018,20:00,21:00,212
04.02.2018,21:00,22:00,212
04.02.2018,22:00,23:00,211
04.02.2018,23:00,00:00,211
05.02.2018,00:00,01:00,212
05.02.2018,01:00,02:00,210
05.02.2018,02:00,03:00,210
05.02.2018,03:00,04:00,210
05.02.2018,04:00,05:00,208
05.02.2018,05:00,06:00,210
05.02.2018,06:00,07:00,210
05.02.2018,07:00,08:00,209
05.02.2018,08:00,09:00,212
05.02.2018,09:00,10:00,211
05.02.2018,10:00,11:00,211
05.02.2018,11:00,12:00,190
05.02.2018,12:00,13:00,204
05.02.2018,13:00,14:00,213
05.02.2018,14:00,15:00,211
05.02.2018,15:00,16:00,209
05.02.2018,16:00,17:00,212
05.02.2018,17:00,18:00,211
05.02.2018,18:00,19:00,211
05.02.2018,19:00,20:00,210
05.02.2018,20:00,21:00,210
05.02.2018,21:00,22:00,211
05.02.2018,22:00,23:00,209
05.02.2018,23:00,00:00,207
06.02.2018,00:00,01:00,208
06.02.2018,01:00,02:00,207
06.02.2018,02:00,03:00,208
06.02.2018,03:00,04:00,207
06.02.2018,04:00,05:00,207
06.02.2018,05:00,06:00,209
06.02.2018,06:00,07:00,211
06.02.2018,07:00,08:00,211
06.02.2018,08:00,09:00,210
06.02.2018,09:00,10:00,211
06.02.2018,10:00,11:00,212
06.02.2018,11:00,12:00,210
06.02.2018,12:00,13:00,193
06.02.2018,13:00,14:00,198
06.02.2018,14:00,15:00,206
06.02.2018,15:00,16:00,212
06.02.2018,16:00,17:00,206
06.02.2018,17:00,18:00,211
06.02.2018,18:00,19:00,209
06.02.2018,19:00,20:00,212
06.02.2018,20:00,21:00,212
06.02.2018,21:00,22:00,215
06.02.2018,22:00,23:00,212
06.02.2018,23:00,00:00,210
07.02.2018,00:00,01:00,208
07.02.2018,01:00,02:00,210
07.02.2018,02:00,03:00,210
07.02.2018,03:00,04:00,209
07.02.2018,04:00,05:00,209
07.02.2018,05:00,06:00,211
07.02.2018,06:00,07:00,213
07.02.2018,07:00,08:00,213
07.02.2018,08:00,09:00,212
07.02.2018,09:00,10:00,213
07.02.2018,10:00,11:00,212
07.02.2018,11:00,12:00,213
07.02.2018,12:00,13:00,213
07.02.2018,13:00,14:00,212
07.02.2018,14:00,15:00,212
07.02.2018,15:00,16:00,213
07.02.2018,16:00,17:00,212
07.02.2018,17:00,18:00,212
07.02.2018,18:00,19:00,211
07.02.2018,19:00,20:00,207
07.02.2018,20:00,21:00,203
07.02.2018,21:00,22:00,199
07.02.2018,22:00,23:00,206
07.02.2018,23:00,00:00,205
08.02.2018,00:00,01:00,208
08.02.2018,01:00,02:00,210
08.02.2018,02:00,03:00,210
08.02.2018,03:00,04:00,202
08.02.2018,04:00,05:00,204
08.02.2018,05:00,06:00,210
08.02.2018,06:00,07:00,211
08.02.2018,07:00,08:00,210
08.02.2018,08:00,09:00,209
08.02.2018,09:00,10:00,216
08.02.2018,10:00,11:00,216
08.02.2018,11:00,12:00,224
08.02.2018,12:00,13:00,222
08.02.2018,13:00,14:00,199
08.02.2018,14:00,15:00,186
08.02.2018,15:00,16:00,213
08.02.2018,16:00,17:00,217
08.02.2018,17:00,18:00,220
08.02.2018,18:00,19:00,216
08.02.2018,19:00,20:00,215
08.02.2018,20:00,21:00,211
08.02.2018,21:00,22:00,204
08.02.2018,22:00,23:00,205
08.02.2018,23:00,00:00,209
09.02.2018,00:00,01:00,208
09.02.2018,01:00,02:00,209
09.02.2018,02:00,03:00,207
09.02.2018,03:00,04:00,208
09.02.2018,04:00,05:00,207
09.02.2018,05:00,06:00,207
09.02.2018,06:00,07:00,207
09.02.2018,07:00,08:00,209
09.02.2018,08:00,09:00,213
09.02.2018,09:00,10:00,209
09.02.2018,10:00,11:00,208
09.02.2018,11:00,12:00,211
09.02.2018,12:00,13:00,211
09.02.2018,13:00,14:00,211
09.02.2018,14:00,15:00,210
09.02.2018,15:00,16:00,211
09.02.2018,16:00,17:00,211
09.02.2018,17:00,18:00,211
09.02.2018,18:00,19:00,209
09.02.2018,19:00,20:00,211
09.02.2018,20:00,21:00,208
09.02.2018,21:00,22:00,209
09.02.2018,22:00,23:00,209
09.02.2018,23:00,00:00,205
10.02.2018,00:00,01:00,204
10.02.2018,01:00,02:00,209
10.02.2018,02:00,03:00,207
10.02.2018,03:00,04:00,207
10.02.2018,04:00,05:00,206
10.02.2018,05:00,06:00,206
10.02.2018,06:00,07:00,208
10.02.2018,07:00,08:00,204
10.02.2018,08:00,09:00,205
10.02.2018,09:00,10:00,208
10.02.2018,10:00,11:00,208
10.02.2018,11:00,12:00,207
10.02.2018,12:00,13:00,206
10.02.2018,13:00,14:00,206
10.02.2018,14:00,15:00,209
10.02.2018,15:00,16:00,206
10.02.2018,16:00,17:00,207
10.02.2018,17:00,18:00,207
10.02.2018,18:00,19:00,208
10.02.2018,19:00,20:00,211
10.02.2018,20:00,21:00,210
10.02.2018,21:00,22:00,211
10.02.2018,22:00,23:00,207
10.02.2018,23:00,00:00,166
11.02.2018,00:00,01:00,132
11.02.2018,01:00,02:00,140
11.02.2018,02:00,03:00,142
11.02.2018,03:00,04:00,145
11.02.2018,04:00,05:00,163
11.02.2018,05:00,06:00,199
11.02.2018,06:00,07:00,207
11.02.2018,07:00,08:00,208
11.02.2018,08:00,09:00,208
11.02.2018,09:00,10:00,208
11.02.2018,10:00,11:00,209
11.02.2018,11:00,12:00,208
11.02.2018,12:00,13:00,209
11.02.2018,13:00,14:00,210
11.02.2018,14:00,15:00,209
11.02.2018,15:00,16:00,208
11.02.2018,16:00,17:00,209
11.02.2018,17:00,18:00,210
11.02.2018,18:00,19:00,211
11.02.2018,19:00,20:00,211
11.02.2018,20:00,21:00,210
11.02.2018,21:00,22:00,208
11.02.2018,22:00,23:00,201
11.02.2018,23:00,00:00,187
12.02.2018,00:00,01:00,177
12.02.2018,01:00,02:00,164
12.02.2018,02:00,03:00,166
12.02.2018,03:00,04:00,167
12.02.2018,04:00,05:00,189
12.02.2018,05:00,06:00,203
12.02.2018,06:00,07:00,194
12.02.2018,07:00,08:00,208
12.02.2018,08:00,09:00,195
12.02.2018,09:00,10:00,188
12.02.2018,10:00,11:00,189
12.02.2018,11:00,12:00,242
12.02.2018,12:00,13:00,260
12.02.2018,13:00,14:00,231
12.02.2018,14:00,15:00,217
12.02.2018,15:00,16:00,212
12.02.2018,16:00,17:00,210
12.02.2018,17:00,18:00,209
12.02.2018,18:00,19:00,209
12.02.2018,19:00,20:00,209
12.02.2018,20:00,21:00,209
12.02.2018,21:00,22:00,208
12.02.2018,22:00,23:00,211
12.02.2018,23:00,00:00,210
13.02.2018,00:00,01:00,209
13.02.2018,01:00,02:00,210
13.02.2018,02:00,03:00,208
13.02.2018,03:00,04:00,208
13.02.2018,04:00,05:00,209
13.02.2018,05:00,06:00,209
13.02.2018,06:00,07:00,209
13.02.2018,07:00,08:00,208
13.02.2018,08:00,09:00,211
13.02.2018,09:00,10:00,209
13.02.2018,10:00,11:00,206
13.02.2018,11:00,12:00,208
13.02.2018,12:00,13:00,208
13.02.2018,13:00,14:00,211
13.02.2018,14:00,15:00,210
13.02.2018,15:00,16:00,210
13.02.2018,16:00,17:00,213
13.02.2018,17:00,18:00,214
13.02.2018,18:00,19:00,212
13.02.2018,19:00,20:00,213
13.02.2018,20:00,21:00,212
13.02.2018,21:00,22:00,212
13.02.2018,22:00,23:00,212
13.02.2018,23:00,00:00,211
14.02.2018,00:00,01:00,209
14.02.2018,01:00,02:00,209
14.02.2018,02:00,03:00,209
14.02.2018,03:00,04:00,208
14.02.2018,04:00,05:00,208
14.02.2018,05:00,06:00,209
14.02.2018,06:00,07:00,207
14.02.2018,07:00,08:00,209
14.02.2018,08:00,09:00,212
14.02.2018,09:00,10:00,210
14.02.2018,10:00,11:00,205
14.02.2018,11:00,12:00,213
14.02.2018,12:00,13:00,211
14.02.2018,13:00,14:00,213
14.02.2018,14:00,15:00,214
14.02.2018,15:00,16:00,213
14.02.2018,16:00,17:00,213
14.02.2018,17:00,18:00,213
14.02.2018,18:00,19:00,212
14.02.2018,19:00,20:00,211
14.02.2018,20:00,21:00,210
14.02.2018,21:00,22:00,209
14.02.2018,22:00,23:00,208
14.02.2018,23:00,00:00,209
15.02.2018,00:00,01:00,210
15.02.2018,01:00,02:00,210
15.02.2018,02:00,03:00,211
15.02.2018,03:00,04:00,210
15.02.2018,04:00,05:00,210
15.02.2018,05:00,06:00,211
15.02.2018,06:00,07:00,213
15.02.2018,07:00,08:00,215
15.02.2018,08:00,09:00,215
15.02.2018,09:00,10:00,215
15.02.2018,10:00,11:00,212
15.02.2018,11:00,12:00,220
15.02.2018,12:00,13:00,214
15.02.2018,13:00,14:00,213
15.02.2018,14:00,15:00,207
15.02.2018,15:00,16:00,214
15.02.2018,16:00,17:00,214
15.02.2018,17:00,18:00,213
15.02.2018,18:00,19:00,210
15.02.2018,19:00,20:00,211
15.02.2018,20:00,21:00,211
15.02.2018,21:00,22:00,210
15.02.2018,22:00,23:00,213
15.02.2018,23:00,00:00,222
16.02.2018,00:00,01:00,228
16.02.2018,01:00,02:00,227
16.02.2018,02:00,03:00,171
16.02.2018,03:00,04:00,184
16.02.2018,04:00,05:00,206
16.02.2018,05:00,06:00,215
16.02.2018,06:00,07:00,202
16.02.2018,07:00,08:00,214
16.02.2018,08:00,09:00,212
16.02.2018,09:00,10:00,212
16.02.2018,10:00,11:00,212
16.02.2018,11:00,12:00,211
16.02.2018,12:00,13:00,212
16.02.2018,13:00,14:00,212
16.02.2018,14:00,15:00,211
16.02.2018,15:00,16:00,210
16.02.2018,16:00,17:00,211
16.02.2018,17:00,18:00,212
16.02.2018,18:00,19:00,212
16.02.2018,19:00,20:00,210
16.02.2018,20:00,21:00,210
16.02.2018,21:00,22:00,208
16.02.2018,22:00,23:00,201
16.02.2018,23:00,00:00,175
17.02.2018,00:00,01:00,173
17.02.2018,01:00,02:00,173
17.02.2018,02:00,03:00,174
17.02.2018,03:00,04:00,185
17.02.2018,04:00,05:00,190
17.02.2018,05:00,06:00,206
17.02.2018,06:00,07:00,209
17.02.2018,07:00,08:00,211
17.02.2018,08:00,09:00,212
17.02.2018,09:00,10:00,211
17.02.2018,10:00,11:00,210
17.02.2018,11:00,12:00,211
17.02.2018,12:00,13:00,209
17.02.2018,13:00,14:00,210
17.02.2018,14:00,15:00,210
17.02.2018,15:00,16:00,209
17.02.2018,16:00,17:00,212
17.02.2018,17:00,18:00,213
17.02.2018,18:00,19:00,213
17.02.2018,19:00,20:00,213
17.02.2018,20:00,21:00,211
17.02.2018,21:00,22:00,207
17.02.2018,22:00,23:00,209
17.02.2018,23:00,00:00,211
18.02.2018,00:00,01:00,211
18.02.2018,01:00,02:00,209
18.02.2018,02:00,03:00,209
18.02.2018,03:00,04:00,209
18.02.2018,04:00,05:00,208
18.02.2018,05:00,06:00,208
18.02.2018,06:00,07:00,209
18.02.2018,07:00,08:00,211
18.02.2018,08:00,09:00,210
18.02.2018,09:00,10:00,210
18.02.2018,10:00,11:00,211
18.02.2018,11:00,12:00,210
18.02.2018,12:00,13:00,211
18.02.2018,13:00,14:00,209
18.02.2018,14:00,15:00,209
18.02.2018,15:00,16:00,210
18.02.2018,16:00,17:00,210
18.02.2018,17:00,18:00,211
18.02.2018,18:00,19:00,211
18.02.2018,19:00,20:00,212
18.02.2018,20:00,21:00,213
18.02.2018,21:00,22:00,212
18.02.2018,22:00,23:00,213
18.02.2018,23:00,00:00,210
19.02.2018,00:00,01:00,211
19.02.2018,01:00,02:00,206
19.02.2018,02:00,03:00,206
19.02.2018,03:00,04:00,210
19.02.2018,04:00,05:00,207
19.02.2018,05:00,06:00,211
19.02.2018,06:00,07:00,209
19.02.2018,07:00,08:00,210
19.02.2018,08:00,09:00,209
19.02.2018,09:00,10:00,211
19.02.2018,10:00,11:00,211
19.02.2018,11:00,12:00,210
19.02.2018,12:00,13:00,210
19.02.2018,13:00,14:00,210
19.02.2018,14:00,15:00,210
19.02.2018,15:00,16:00,210
19.02.2018,16:00,17:00,211
19.02.2018,17:00,18:00,212
19.02.2018,18:00,19:00,210
19.02.2018,19:00,20:00,207
19.02.2018,20:00,21:00,208
19.02.2018,21:00,22:00,209
19.02.2018,22:00,23:00,210
19.02.2018,23:00,00:00,209
20.02.2018,00:00,01:00,211
20.02.2018,01:00,02:00,210
20.02.2018,02:00,03:00,210
20.02.2018,03:00,04:00,213
20.02.2018,04:00,05:00,212
20.02.2018,05:00,06:00,212
20.02.2018,06:00,07:00,212
20.02.2018,07:00,08:00,213
20.02.2018,08:00,09:00,212
20.02.2018,09:00,10:00,210
20.02.2018,10:00,11:00,196
20.02.2018,11:00,12:00,211
20.02.2018,12:00,13:00,210
20.02.2018,13:00,14:00,210
20.02.2018,14:00,15:00,212
20.02.2018,15:00,16:00,212
20.02.2018,16:00,17:00,211
20.02.2018,17:00,18:00,210
20.02.2018,18:00,19:00,211
20.02.2018,19:00,20:00,209
20.02.2018,20:00,21:00,207
20.02.2018,21:00,22:00,209
20.02.2018,22:00,23:00,211
20.02.2018,23:00,00:00,206
21.02.2018,00:00,01:00,207
21.02.2018,01:00,02:00,208
21.02.2018,02:00,03:00,208
21.02.2018,03:00,04:00,210
21.02.2018,04:00,05:00,210
21.02.2018,05:00,06:00,212
21.02.2018,06:00,07:00,214
21.02.2018,07:00,08:00,214
21.02.2018,08:00,09:00,214
21.02.2018,09:00,10:00,214
21.02.2018,10:00,11:00,211
21.02.2018,11:00,12:00,209
21.02.2018,12:00,13:00,210
21.02.2018,13:00,14:00,209
21.02.2018,14:00,15:00,208
21.02.2018,15:00,16:00,210
21.02.2018,16:00,17:00,210
21.02.2018,17:00,18:00,211
21.02.2018,18:00,19:00,211
21.02.2018,19:00,20:00,209
21.02.2018,20:00,21:00,209
21.02.2018,21:00,22:00,208
21.02.2018,22:00,23:00,207
21.02.2018,23:00,00:00,207
22.02.2018,00:00,01:00,208
22.02.2018,01:00,02:00,207
22.02.2018,02:00,03:00,208
22.02.2018,03:00,04:00,206
22.02.2018,04:00,05:00,209
22.02.2018,05:00,06:00,209
22.02.2018,06:00,07:00,211
22.02.2018,07:00,08:00,211
22.02.2018,08:00,09:00,212
22.02.2018,09:00,10:00,212
22.02.2018,10:00,11:00,210
22.02.2018,11:00,12:00,208
22.02.2018,12:00,13:00,209
22.02.2018,13:00,14:00,211
22.02.2018,14:00,15:00,210
22.02.2018,15:00,16:00,211
22.02.2018,16:00,17:00,210
22.02.2018,17:00,18:00,211
22.02.2018,18:00,19:00,212
22.02.2018,19:00,20:00,211
22.02.2018,20:00,21:00,209
22.02.2018,21:00,22:00,210
22.02.2018,22:00,23:00,209
22.02.2018,23:00,00:00,210
23.02.2018,00:00,01:00,208
23.02.2018,01:00,02:00,208
23.02.2018,02:00,03:00,206
23.02.2018,03:00,04:00,208
23.02.2018,04:00,05:00,210
23.02.2018,05:00,06:00,211
23.02.2018,06:00,07:00,213
23.02.2018,07:00,08:00,211
23.02.2018,08:00,09:00,213
23.02.2018,09:00,10:00,214
23.02.2018,10:00,11:00,212
23.02.2018,11:00,12:00,210
23.02.2018,12:00,13:00,211
23.02.2018,13:00,14:00,212
23.02.2018,14:00,15:00,211
23.02.2018,15:00,16:00,210
23.02.2018,16:00,17:00,208
23.02.2018,17:00,18:00,213
23.02.2018,18:00,19:00,213
23.02.2018,19:00,20:00,211
23.02.2018,20:00,21:00,211
23.02.2018,21:00,22:00,210
23.02.2018,22:00,23:00,209
23.02.2018,23:00,00:00,208
24.02.2018,00:00,01:00,208
24.02.2018,01:00,02:00,207
24.02.2018,02:00,03:00,208
24.02.2018,03:00,04:00,211
24.02.2018,04:00,05:00,209
24.02.2018,05:00,06:00,211
24.02.2018,06:00,07:00,210
24.02.2018,07:00,08:00,209
24.02.2018,08:00,09:00,208
24.02.2018,09:00,10:00,209
24.02.2018,10:00,11:00,206
24.02.2018,11:00,12:00,178
24.02.2018,12:00,13:00,182
24.02.2018,13:00,14:00,161
24.02.2018,14:00,15:00,146
24.02.2018,15:00,16:00,159
24.02.2018,16:00,17:00,184
24.02.2018,17:00,18:00,210
24.02.2018,18:00,19:00,211
24.02.2018,19:00,20:00,212
24.02.2018,20:00,21:00,208
24.02.2018,21:00,22:00,208
24.02.2018,22:00,23:00,210
24.02.2018,23:00,00:00,207
25.02.2018,00:00,01:00,208
25.02.2018,01:00,02:00,209
25.02.2018,02:00,03:00,211
25.02.2018,03:00,04:00,210
25.02.2018,04:00,05:00,210
25.02.2018,05:00,06:00,213
25.02.2018,06:00,07:00,212
25.02.2018,07:00,08:00,212
25.02.2018,08:00,09:00,213
25.02.2018,09:00,10:00,213
25.02.2018,10:00,11:00,213
25.02.2018,11:00,12:00,214
25.02.2018,12:00,13:00,213
25.02.2018,13:00,14:00,213
25.02.2018,14:00,15:00,214
25.02.2018,15:00,16:00,213
25.02.2018,16:00,17:00,211
25.02.2018,17:00,18:00,212
25.02.2018,18:00,19:00,213
25.02.2018,19:00,20:00,212
25.02.2018,20:00,21:00,211
25.02.2018,21:00,22:00,212
25.02.2018,22:00,23:00,211
25.02.2018,23:00,00:00,208
26.02.2018,00:00,01:00,211
26.02.2018,01:00,02:00,210
26.02.2018,02:00,03:00,211
26.02.2018,03:00,04:00,209
26.02.2018,04:00,05:00,211
26.02.2018,05:00,06:00,212
26.02.2018,06:00,07:00,215
26.02.2018,07:00,08:00,215
26.02.2018,08:00,09:00,213
26.02.2018,09:00,10:00,213
26.02.2018,10:00,11:00,213
26.02.2018,11:00,12:00,214
26.02.2018,12:00,13:00,213
26.02.2018,13:00,14:00,213
26.02.2018,14:00,15:00,211
26.02.2018,15:00,16:00,213
26.02.2018,16:00,17:00,213
26.02.2018,17:00,18:00,213
26.02.2018,18:00,19:00,215
26.02.2018,19:00,20:00,213
26.02.2018,20:00,21:00,213
26.02.2018,21:00,22:00,213
26.02.2018,22:00,23:00,213
26.02.2018,23:00,00:00,212
27.02.2018,00:00,01:00,211
27.02.2018,01:00,02:00,212
27.02.2018,02:00,03:00,212
27.02.2018,03:00,04:00,211
27.02.2018,04:00,05:00,211
27.02.2018,05:00,06:00,213
27.02.2018,06:00,07:00,213
27.02.2018,07:00,08:00,210
27.02.2018,08:00,09:00,212
27.02.2018,09:00,10:00,214
27.02.2018,10:00,11:00,213
27.02.2018,11:00,12:00,212
27.02.2018,12:00,13:00,211
27.02.2018,13:00,14:00,212
27.02.2018,14:00,15:00,212
27.02.2018,15:00,16:00,214
27.02.2018,16:00,17:00,212
27.02.2018,17:00,18:00,213
27.02.2018,18:00,19:00,215
27.02.2018,19:00,20:00,214
27.02.2018,20:00,21:00,214
27.02.2018,21:00,22:00,212
27.02.2018,22:00,23:00,214
27.02.2018,23:00,00:00,212
28.02.2018,00:00,01:00,211
28.02.2018,01:00,02:00,211
28.02.2018,02:00,03:00,211
28.02.2018,03:00,04:00,211
28.02.2018,04:00,05:00,213
28.02.2018,05:00,06:00,211
28.02.2018,06:00,07:00,212
28.02.2018,07:00,08:00,213
28.02.2018,08:00,09:00,213
28.02.2018,09:00,10:00,213
28.02.2018,10:00,11:00,213
28.02.2018,11:00,12:00,211
28.02.2018,12:00,13:00,213
28.02.2018,13:00,14:00,214
28.02.2018,14:00,15:00,212
28.02.2018,15:00,16:00,211
28.02.2018,16:00,17:00,214
28.02.2018,17:00,18:00,214
28.02.2018,18:00,19:00,213
28.02.2018,19:00,20:00,212
28.02.2018,20:00,21:00,211
28.02.2018,21:00,22:00,211
28.02.2018,22:00,23:00,212
28.02.2018,23:00,00:00,210
01.03.2018,00:00,01:00,212
01.03.2018,01:00,02:00,213
01.03.2018,02:00,03:00,213
01.03.2018,03:00,04:00,212
01.03.2018,04:00,05:00,212
01.03.2018,05:00,06:00,212
01.03.2018,06:00,07:00,215
01.03.2018,07:00,08:00,213
01.03.2018,08:00,09:00,212
01.03.2018,09:00,10:00,211
01.03.2018,10:00,11:00,209
01.03.2018,11:00,12:00,212
01.03.2018,12:00,13:00,213
01.03.2018,13:00,14:00,214
01.03.2018,14:00,15:00,213
01.03.2018,15:00,16:00,213
01.03.2018,16:00,17:00,213
01.03.2018,17:00,18:00,211
01.03.2018,18:00,19:00,209
01.03.2018,19:00,20:00,212
01.03.2018,20:00,21:00,212
01.03.2018,21:00,22:00,212
01.03.2018,22:00,23:00,212
01.03.2018,23:00,00:00,212
02.03.2018,00:00,01:00,211
02.03.2018,01:00,02:00,212
02.03.2018,02:00,03:00,213
02.03.2018,03:00,04:00,212
02.03.2018,04:00,05:00,213
02.03.2018,05:00,06:00,213
02.03.2018,06:00,07:00,214
02.03.2018,07:00,08:00,212
02.03.2018,08:00,09:00,213
02.03.2018,09:00,10:00,213
02.03.2018,10:00,11:00,209
02.03.2018,11:00,12:00,207
02.03.2018,12:00,13:00,206
02.03.2018,13:00,14:00,207
02.03.2018,14:00,15:00,207
02.03.2018,15:00,16:00,207
02.03.2018,16:00,17:00,206
02.03.2018,17:00,18:00,208
02.03.2018,18:00,19:00,209
02.03.2018,19:00,20:00,210
02.03.2018,20:00,21:00,209
02.03.2018,21:00,22:00,209
02.03.2018,22:00,23:00,207
02.03.2018,23:00,00:00,211
03.03.2018,00:00,01:00,212
03.03.2018,01:00,02:00,211
03.03.2018,02:00,03:00,210
03.03.2018,03:00,04:00,210
03.03.2018,04:00,05:00,209
03.03.2018,05:00,06:00,211
03.03.2018,06:00,07:00,212
03.03.2018,07:00,08:00,210
03.03.2018,08:00,09:00,210
03.03.2018,09:00,10:00,212
03.03.2018,10:00,11:00,210
03.03.2018,11:00,12:00,212
03.03.2018,12:00,13:00,209
03.03.2018,13:00,14:00,206
03.03.2018,14:00,15:00,212
03.03.2018,15:00,16:00,211
03.03.2018,16:00,17:00,211
03.03.2018,17:00,18:00,211
03.03.2018,18:00,19:00,213
03.03.2018,19:00,20:00,213
03.03.2018,20:00,21:00,211
03.03.2018,21:00,22:00,211
03.03.2018,22:00,23:00,213
03.03.2018,23:00,00:00,210
04.03.2018,00:00,01:00,210
04.03.2018,01:00,02:00,212
04.03.2018,02:00,03:00,211
04.03.2018,03:00,04:00,211
04.03.2018,04:00,05:00,212
04.03.2018,05:00,06:00,213
04.03.2018,06:00,07:00,213
04.03.2018,07:00,08:00,213
04.03.2018,08:00,09:00,198
04.03.2018,09:00,10:00,197
04.03.2018,10:00,11:00,192
04.03.2018,11:00,12:00,181
04.03.2018,12:00,13:00,171
04.03.2018,13:00,14:00,166
04.03.2018,14:00,15:00,164
04.03.2018,15:00,16:00,154
04.03.2018,16:00,17:00,174
04.03.2018,17:00,18:00,186
04.03.2018,18:00,19:00,197
04.03.2018,19:00,20:00,195
04.03.2018,20:00,21:00,201
04.03.2018,21:00,22:00,198
04.03.2018,22:00,23:00,207
04.03.2018,23:00,00:00,204
05.03.2018,00:00,01:00,206
05.03.2018,01:00,02:00,203
05.03.2018,02:00,03:00,172
05.03.2018,03:00,04:00,143
05.03.2018,04:00,05:00,153
05.03.2018,05:00,06:00,166
05.03.2018,06:00,07:00,170
05.03.2018,07:00,08:00,207
05.03.2018,08:00,09:00,211
05.03.2018,09:00,10:00,203
05.03.2018,10:00,11:00,211
05.03.2018,11:00,12:00,230
05.03.2018,12:00,13:00,240
05.03.2018,13:00,14:00,244
05.03.2018,14:00,15:00,229
05.03.2018,15:00,16:00,231
05.03.2018,16:00,17:00,229
05.03.2018,17:00,18:00,225
05.03.2018,18:00,19:00,223
05.03.2018,19:00,20:00,222
05.03.2018,20:00,21:00,209
05.03.2018,21:00,22:00,204
05.03.2018,22:00,23:00,195
05.03.2018,23:00,00:00,183
06.03.2018,00:00,01:00,182
06.03.2018,01:00,02:00,189
06.03.2018,02:00,03:00,202
06.03.2018,03:00,04:00,196
06.03.2018,04:00,05:00,198
06.03.2018,05:00,06:00,203
06.03.2018,06:00,07:00,214
06.03.2018,07:00,08:00,214
06.03.2018,08:00,09:00,213
06.03.2018,09:00,10:00,211
06.03.2018,10:00,11:00,209
06.03.2018,11:00,12:00,222
06.03.2018,12:00,13:00,219
06.03.2018,13:00,14:00,220
06.03.2018,14:00,15:00,222
06.03.2018,15:00,16:00,227
06.03.2018,16:00,17:00,223
06.03.2018,17:00,18:00,219
06.03.2018,18:00,19:00,214
06.03.2018,19:00,20:00,212
06.03.2018,20:00,21:00,210
06.03.2018,21:00,22:00,214
06.03.2018,22:00,23:00,209
06.03.2018,23:00,00:00,206
07.03.2018,00:00,01:00,194
07.03.2018,01:00,02:00,208
07.03.2018,02:00,03:00,209
07.03.2018,03:00,04:00,210
07.03.2018,04:00,05:00,210
07.03.2018,05:00,06:00,211
07.03.2018,06:00,07:00,213
07.03.2018,07:00,08:00,214
07.03.2018,08:00,09:00,212
07.03.2018,09:00,10:00,230
07.03.2018,10:00,11:00,240
07.03.2018,11:00,12:00,242
07.03.2018,12:00,13:00,239
07.03.2018,13:00,14:00,259
07.03.2018,14:00,15:00,237
07.03.2018,15:00,16:00,222
07.03.2018,16:00,17:00,219
07.03.2018,17:00,18:00,229
07.03.2018,18:00,19:00,227
07.03.2018,19:00,20:00,223
07.03.2018,20:00,21:00,221
07.03.2018,21:00,22:00,214
07.03.2018,22:00,23:00,215
07.03.2018,23:00,00:00,213
08.03.2018,00:00,01:00,163
08.03.2018,01:00,02:00,165
08.03.2018,02:00,03:00,159
08.03.2018,03:00,04:00,167
08.03.2018,04:00,05:00,180
08.03.2018,05:00,06:00,210
08.03.2018,06:00,07:00,215
08.03.2018,07:00,08:00,215
08.03.2018,08:00,09:00,214
08.03.2018,09:00,10:00,225
08.03.2018,10:00,11:00,239
08.03.2018,11:00,12:00,243
08.03.2018,12:00,13:00,243
08.03.2018,13:00,14:00,241
08.03.2018,14:00,15:00,233
08.03.2018,15:00,16:00,232
08.03.2018,16:00,17:00,232
08.03.2018,17:00,18:00,233
08.03.2018,18:00,19:00,260
08.03.2018,19:00,20:00,218
08.03.2018,20:00,21:00,217
08.03.2018,21:00,22:00,223
08.03.2018,22:00,23:00,203
08.03.2018,23:00,00:00,198
09.03.2018,00:00,01:00,151
09.03.2018,01:00,02:00,142
09.03.2018,02:00,03:00,144
09.03.2018,03:00,04:00,137
09.03.2018,04:00,05:00,161
09.03.2018,05:00,06:00,191
09.03.2018,06:00,07:00,213
09.03.2018,07:00,08:00,220
09.03.2018,08:00,09:00,235
09.03.2018,09:00,10:00,226
09.03.2018,10:00,11:00,227
09.03.2018,11:00,12:00,239
09.03.2018,12:00,13:00,246
09.03.2018,13:00,14:00,238
09.03.2018,14:00,15:00,209
09.03.2018,15:00,16:00,193
09.03.2018,16:00,17:00,202
09.03.2018,17:00,18:00,244
09.03.2018,18:00,19:00,250
09.03.2018,19:00,20:00,252
09.03.2018,20:00,21:00,252
09.03.2018,21:00,22:00,235
09.03.2018,22:00,23:00,193
09.03.2018,23:00,00:00,149
10.03.2018,00:00,01:00,135
10.03.2018,01:00,02:00,133
10.03.2018,02:00,03:00,119
10.03.2018,03:00,04:00,134
10.03.2018,04:00,05:00,164
10.03.2018,05:00,06:00,194
10.03.2018,06:00,07:00,199
10.03.2018,07:00,08:00,181
10.03.2018,08:00,09:00,175
10.03.2018,09:00,10:00,169
10.03.2018,10:00,11:00,149
10.03.2018,11:00,12:00,140
10.03.2018,12:00,13:00,141
10.03.2018,13:00,14:00,141
10.03.2018,14:00,15:00,141
10.03.2018,15:00,16:00,153
10.03.2018,16:00,17:00,175
10.03.2018,17:00,18:00,191
10.03.2018,18:00,19:00,189
10.03.2018,19:00,20:00,199
10.03.2018,20:00,21:00,166
10.03.2018,21:00,22:00,157
10.03.2018,22:00,23:00,134
10.03.2018,23:00,00:00,129
11.03.2018,00:00,01:00,121
11.03.2018,01:00,02:00,122
11.03.2018,02:00,03:00,125
11.03.2018,03:00,04:00,135
11.03.2018,04:00,05:00,139
11.03.2018,05:00,06:00,149
11.03.2018,06:00,07:00,155
11.03.2018,07:00,08:00,151
11.03.2018,08:00,09:00,136
11.03.2018,09:00,10:00,133
11.03.2018,10:00,11:00,123
11.03.2018,11:00,12:00,106
11.03.2018,12:00,13:00,96
11.03.2018,13:00,14:00,73
11.03.2018,14:00,15:00,79
11.03.2018,15:00,16:00,90
11.03.2018,16:00,17:00,97
11.03.2018,17:00,18:00,154
11.03.2018,18:00,19:00,170
11.03.2018,19:00,20:00,150
11.03.2018,20:00,21:00,137
11.03.2018,21:00,22:00,140
11.03.2018,22:00,23:00,137
11.03.2018,23:00,00:00,131
12.03.2018,00:00,01:00,129
12.03.2018,01:00,02:00,132
12.03.2018,02:00,03:00,143
12.03.2018,03:00,04:00,155
12.03.2018,04:00,05:00,180
12.03.2018,05:00,06:00,207
12.03.2018,06:00,07:00,211
12.03.2018,07:00,08:00,237
12.03.2018,08:00,09:00,240
12.03.2018,09:00,10:00,254
12.03.2018,10:00,11:00,261
12.03.2018,11:00,12:00,275
12.03.2018,12:00,13:00,278
12.03.2018,13:00,14:00,283
12.03.2018,14:00,15:00,286
12.03.2018,15:00,16:00,282
12.03.2018,16:00,17:00,281
12.03.2018,17:00,18:00,276
12.03.2018,18:00,19:00,271
12.03.2018,19:00,20:00,262
12.03.2018,20:00,21:00,248
12.03.2018,21:00,22:00,230
12.03.2018,22:00,23:00,206
12.03.2018,23:00,00:00,147
13.03.2018,00:00,01:00,138
13.03.2018,01:00,02:00,137
13.03.2018,02:00,03:00,137
13.03.2018,03:00,04:00,136
13.03.2018,04:00,05:00,136
13.03.2018,05:00,06:00,157
13.03.2018,06:00,07:00,195
13.03.2018,07:00,08:00,202
13.03.2018,08:00,09:00,203
13.03.2018,09:00,10:00,172
13.03.2018,10:00,11:00,173
13.03.2018,11:00,12:00,174
13.03.2018,12:00,13:00,173
13.03.2018,13:00,14:00,197
13.03.2018,14:00,15:00,240
13.03.2018,15:00,16:00,209
13.03.2018,16:00,17:00,182
13.03.2018,17:00,18:00,212
13.03.2018,18:00,19:00,231
13.03.2018,19:00,20:00,228
13.03.2018,20:00,21:00,214
13.03.2018,21:00,22:00,220
13.03.2018,22:00,23:00,190
13.03.2018,23:00,00:00,155
14.03.2018,00:00,01:00,147
14.03.2018,01:00,02:00,158
14.03.2018,02:00,03:00,161
14.03.2018,03:00,04:00,161
14.03.2018,04:00,05:00,170
14.03.2018,05:00,06:00,188
14.03.2018,06:00,07:00,207
14.03.2018,07:00,08:00,216
14.03.2018,08:00,09:00,216
14.03.2018,09:00,10:00,218
14.03.2018,10:00,11:00,228
14.03.2018,11:00,12:00,240
14.03.2018,12:00,13:00,251
14.03.2018,13:00,14:00,265
14.03.2018,14:00,15:00,251
14.03.2018,15:00,16:00,215
14.03.2018,16:00,17:00,203
14.03.2018,17:00,18:00,181
14.03.2018,18:00,19:00,199
14.03.2018,19:00,20:00,223
14.03.2018,20:00,21:00,191
14.03.2018,21:00,22:00,180
14.03.2018,22:00,23:00,174
14.03.2018,23:00,00:00,163
15.03.2018,00:00,01:00,157
15.03.2018,01:00,02:00,157
15.03.2018,02:00,03:00,158
15.03.2018,03:00,04:00,162
15.03.2018,04:00,05:00,172
15.03.2018,05:00,06:00,190
15.03.2018,06:00,07:00,205
15.03.2018,07:00,08:00,211
15.03.2018,08:00,09:00,208
15.03.2018,09:00,10:00,195
15.03.2018,10:00,11:00,171
15.03.2018,11:00,12:00,197
15.03.2018,12:00,13:00,224
15.03.2018,13:00,14:00,226
15.03.2018,14:00,15:00,230
15.03.2018,15:00,16:00,221
15.03.2018,16:00,17:00,223
15.03.2018,17:00,18:00,229
15.03.2018,18:00,19:00,257
15.03.2018,19:00,20:00,229
15.03.2018,20:00,21:00,228
15.03.2018,21:00,22:00,227
15.03.2018,22:00,23:00,247
15.03.2018,23:00,00:00,208
16.03.2018,00:00,01:00,172
16.03.2018,01:00,02:00,136
16.03.2018,02:00,03:00,134
16.03.2018,03:00,04:00,139
16.03.2018,04:00,05:00,155
16.03.2018,05:00,06:00,206
16.03.2018,06:00,07:00,221
16.03.2018,07:00,08:00,230
16.03.2018,08:00,09:00,250
16.03.2018,09:00,10:00,262
16.03.2018,10:00,11:00,254
16.03.2018,11:00,12:00,240
16.03.2018,12:00,13:00,257
16.03.2018,13:00,14:00,242
16.03.2018,14:00,15:00,240
16.03.2018,15:00,16:00,202
16.03.2018,16:00,17:00,247
16.03.2018,17:00,18:00,251
16.03.2018,18:00,19:00,232
16.03.2018,19:00,20:00,227
16.03.2018,20:00,21:00,230
16.03.2018,21:00,22:00,233
16.03.2018,22:00,23:00,239
16.03.2018,23:00,00:00,239
17.03.2018,00:00,01:00,204
17.03.2018,01:00,02:00,182
17.03.2018,02:00,03:00,174
17.03.2018,03:00,04:00,171
17.03.2018,04:00,05:00,176
17.03.2018,05:00,06:00,181
17.03.2018,06:00,07:00,186
17.03.2018,07:00,08:00,196
17.03.2018,08:00,09:00,199
17.03.2018,09:00,10:00,206
17.03.2018,10:00,11:00,209
17.03.2018,11:00,12:00,208
17.03.2018,12:00,13:00,211
17.03.2018,13:00,14:00,209
17.03.2018,14:00,15:00,211
17.03.2018,15:00,16:00,203
17.03.2018,16:00,17:00,205
17.03.2018,17:00,18:00,203
17.03.2018,18:00,19:00,209
17.03.2018,19:00,20:00,209
17.03.2018,20:00,21:00,202
17.03.2018,21:00,22:00,205
17.03.2018,22:00,23:00,199
17.03.2018,23:00,00:00,192
18.03.2018,00:00,01:00,182
18.03.2018,01:00,02:00,179
18.03.2018,02:00,03:00,194
18.03.2018,03:00,04:00,195
18.03.2018,04:00,05:00,196
18.03.2018,05:00,06:00,205
18.03.2018,06:00,07:00,207
18.03.2018,07:00,08:00,207
18.03.2018,08:00,09:00,209
18.03.2018,09:00,10:00,208
18.03.2018,10:00,11:00,209
18.03.2018,11:00,12:00,209
18.03.2018,12:00,13:00,208
18.03.2018,13:00,14:00,209
18.03.2018,14:00,15:00,210
18.03.2018,15:00,16:00,210
18.03.2018,16:00,17:00,209
18.03.2018,17:00,18:00,210
18.03.2018,18:00,19:00,211
18.03.2018,19:00,20:00,211
18.03.2018,20:00,21:00,211
18.03.2018,21:00,22:00,209
18.03.2018,22:00,23:00,208
18.03.2018,23:00,00:00,207
19.03.2018,00:00,01:00,210
19.03.2018,01:00,02:00,211
19.03.2018,02:00,03:00,210
19.03.2018,03:00,04:00,210
19.03.2018,04:00,05:00,211
19.03.2018,05:00,06:00,212
19.03.2018,06:00,07:00,213
19.03.2018,07:00,08:00,215
19.03.2018,08:00,09:00,214
19.03.2018,09:00,10:00,213
19.03.2018,10:00,11:00,212
19.03.2018,11:00,12:00,211
19.03.2018,12:00,13:00,213
19.03.2018,13:00,14:00,214
19.03.2018,14:00,15:00,212
19.03.2018,15:00,16:00,211
19.03.2018,16:00,17:00,210
19.03.2018,17:00,18:00,210
19.03.2018,18:00,19:00,211
19.03.2018,19:00,20:00,212
19.03.2018,20:00,21:00,211
19.03.2018,21:00,22:00,210
19.03.2018,22:00,23:00,208
19.03.2018,23:00,00:00,209
20.03.2018,00:00,01:00,209
20.03.2018,01:00,02:00,212
20.03.2018,02:00,03:00,211
20.03.2018,03:00,04:00,210
20.03.2018,04:00,05:00,210
20.03.2018,05:00,06:00,211
20.03.2018,06:00,07:00,207
20.03.2018,07:00,08:00,208
20.03.2018,08:00,09:00,210
20.03.2018,09:00,10:00,208
20.03.2018,10:00,11:00,197
20.03.2018,11:00,12:00,174
20.03.2018,12:00,13:00,176
20.03.2018,13:00,14:00,182
20.03.2018,14:00,15:00,228
20.03.2018,15:00,16:00,231
20.03.2018,16:00,17:00,172
20.03.2018,17:00,18:00,165
20.03.2018,18:00,19:00,216
20.03.2018,19:00,20:00,211
20.03.2018,20:00,21:00,213
20.03.2018,21:00,22:00,204
20.03.2018,22:00,23:00,202
20.03.2018,23:00,00:00,202
21.03.2018,00:00,01:00,207
21.03.2018,01:00,02:00,208
21.03.2018,02:00,03:00,208
21.03.2018,03:00,04:00,200
21.03.2018,04:00,05:00,207
21.03.2018,05:00,06:00,211
21.03.2018,06:00,07:00,211
21.03.2018,07:00,08:00,211
21.03.2018,08:00,09:00,210
21.03.2018,09:00,10:00,209
21.03.2018,10:00,11:00,208
21.03.2018,11:00,12:00,209
21.03.2018,12:00,13:00,207
21.03.2018,13:00,14:00,206
21.03.2018,14:00,15:00,205
21.03.2018,15:00,16:00,209
21.03.2018,16:00,17:00,218
21.03.2018,17:00,18:00,218
21.03.2018,18:00,19:00,204
21.03.2018,19:00,20:00,203
21.03.2018,20:00,21:00,205
21.03.2018,21:00,22:00,202
21.03.2018,22:00,23:00,196
21.03.2018,23:00,00:00,195
22.03.2018,00:00,01:00,196
22.03.2018,01:00,02:00,201
22.03.2018,02:00,03:00,209
22.03.2018,03:00,04:00,207
22.03.2018,04:00,05:00,206
22.03.2018,05:00,06:00,206
22.03.2018,06:00,07:00,210
22.03.2018,07:00,08:00,210
22.03.2018,08:00,09:00,210
22.03.2018,09:00,10:00,201
22.03.2018,10:00,11:00,198
22.03.2018,11:00,12:00,200
22.03.2018,12:00,13:00,200
22.03.2018,13:00,14:00,202
22.03.2018,14:00,15:00,217
22.03.2018,15:00,16:00,228
22.03.2018,16:00,17:00,223
22.03.2018,17:00,18:00,218
22.03.2018,18:00,19:00,217
22.03.2018,19:00,20:00,211
22.03.2018,20:00,21:00,211
22.03.2018,21:00,22:00,214
22.03.2018,22:00,23:00,214
22.03.2018,23:00,00:00,202
23.03.2018,00:00,01:00,187
23.03.2018,01:00,02:00,189
23.03.2018,02:00,03:00,187
23.03.2018,03:00,04:00,187
23.03.2018,04:00,05:00,220
23.03.2018,05:00,06:00,226
23.03.2018,06:00,07:00,223
23.03.2018,07:00,08:00,216
23.03.2018,08:00,09:00,214
23.03.2018,09:00,10:00,216
23.03.2018,10:00,11:00,219
23.03.2018,11:00,12:00,219
23.03.2018,12:00,13:00,213
23.03.2018,13:00,14:00,210
23.03.2018,14:00,15:00,217
23.03.2018,15:00,16:00,232
23.03.2018,16:00,17:00,223
23.03.2018,17:00,18:00,219
23.03.2018,18:00,19:00,221
23.03.2018,19:00,20:00,223
23.03.2018,20:00,21:00,222
23.03.2018,21:00,22:00,221
23.03.2018,22:00,23:00,225
23.03.2018,23:00,00:00,237
24.03.2018,00:00,01:00,233
24.03.2018,01:00,02:00,233
24.03.2018,02:00,03:00,229
24.03.2018,03:00,04:00,215
24.03.2018,04:00,05:00,210
24.03.2018,05:00,06:00,211
24.03.2018,06:00,07:00,207
24.03.2018,07:00,08:00,190
24.03.2018,08:00,09:00,186
24.03.2018,09:00,10:00,199
24.03.2018,10:00,11:00,193
24.03.2018,11:00,12:00,186
24.03.2018,12:00,13:00,178
24.03.2018,13:00,14:00,149
24.03.2018,14:00,15:00,156
24.03.2018,15:00,16:00,149
24.03.2018,16:00,17:00,148
24.03.2018,17:00,18:00,186
24.03.2018,18:00,19:00,246
24.03.2018,19:00,20:00,239
24.03.2018,20:00,21:00,205
24.03.2018,21:00,22:00,201
24.03.2018,22:00,23:00,204
24.03.2018,23:00,00:00,201
25.03.2018,00:00,01:00,203
25.03.2018,01:00,02:00,200
25.03.2018,03:00,04:00,206
25.03.2018,04:00,05:00,205
25.03.2018,05:00,06:00,202
25.03.2018,06:00,07:00,201
25.03.2018,07:00,08:00,200
25.03.2018,08:00,09:00,201
25.03.2018,09:00,10:00,202
25.03.2018,10:00,11:00,201
25.03.2018,11:00,12:00,185
25.03.2018,12:00,13:00,168
25.03.2018,13:00,14:00,162
25.03.2018,14:00,15:00,161
25.03.2018,15:00,16:00,132
25.03.2018,16:00,17:00,126
25.03.2018,17:00,18:00,141
25.03.2018,18:00,19:00,181
25.03.2018,19:00,20:00,241
25.03.2018,20:00,21:00,243
25.03.2018,21:00,22:00,226
25.03.2018,22:00,23:00,239
25.03.2018,23:00,00:00,202
26.03.2018,00:00,01:00,201
26.03.2018,01:00,02:00,192
26.03.2018,02:00,03:00,191
26.03.2018,03:00,04:00,191
26.03.2018,04:00,05:00,197
26.03.2018,05:00,06:00,227
26.03.2018,06:00,07:00,214
26.03.2018,07:00,08:00,218
26.03.2018,08:00,09:00,216
26.03.2018,09:00,10:00,227
26.03.2018,10:00,11:00,230
26.03.2018,11:00,12:00,249
26.03.2018,12:00,13:00,247
26.03.2018,13:00,14:00,242
26.03.2018,14:00,15:00,243
26.03.2018,15:00,16:00,243
26.03.2018,16:00,17:00,224
26.03.2018,17:00,18:00,227
26.03.2018,18:00,19:00,245
26.03.2018,19:00,20:00,233
26.03.2018,20:00,21:00,228
26.03.2018,21:00,22:00,233
26.03.2018,22:00,23:00,231
26.03.2018,23:00,00:00,233
27.03.2018,00:00,01:00,211
27.03.2018,01:00,02:00,198
27.03.2018,02:00,03:00,169
27.03.2018,03:00,04:00,167
27.03.2018,04:00,05:00,169
27.03.2018,05:00,06:00,203
27.03.2018,06:00,07:00,229
27.03.2018,07:00,08:00,232
27.03.2018,08:00,09:00,234
27.03.2018,09:00,10:00,230
27.03.2018,10:00,11:00,246
27.03.2018,11:00,12:00,256
27.03.2018,12:00,13:00,260
27.03.2018,13:00,14:00,264
27.03.2018,14:00,15:00,239
27.03.2018,15:00,16:00,203
27.03.2018,16:00,17:00,208
27.03.2018,17:00,18:00,208
27.03.2018,18:00,19:00,222
27.03.2018,19:00,20:00,261
27.03.2018,20:00,21:00,256
27.03.2018,21:00,22:00,255
27.03.2018,22:00,23:00,235
27.03.2018,23:00,00:00,259
28.03.2018,00:00,01:00,198
28.03.2018,01:00,02:00,149
28.03.2018,02:00,03:00,126
28.03.2018,03:00,04:00,143
28.03.2018,04:00,05:00,179
28.03.2018,05:00,06:00,180
28.03.2018,06:00,07:00,215
28.03.2018,07:00,08:00,233
28.03.2018,08:00,09:00,242
28.03.2018,09:00,10:00,216
28.03.2018,10:00,11:00,252
28.03.2018,11:00,12:00,259
28.03.2018,12:00,13:00,242
28.03.2018,13:00,14:00,235
28.03.2018,14:00,15:00,214
28.03.2018,15:00,16:00,194
28.03.2018,16:00,17:00,249
28.03.2018,17:00,18:00,270
28.03.2018,18:00,19:00,263
28.03.2018,19:00,20:00,264
28.03.2018,20:00,21:00,238
28.03.2018,21:00,22:00,207
28.03.2018,22:00,23:00,201
28.03.2018,23:00,00:00,190
29.03.2018,00:00,01:00,193
29.03.2018,01:00,02:00,218
29.03.2018,02:00,03:00,144
29.03.2018,03:00,04:00,144
29.03.2018,04:00,05:00,173
29.03.2018,05:00,06:00,175
29.03.2018,06:00,07:00,194
29.03.2018,07:00,08:00,233
29.03.2018,08:00,09:00,234
29.03.2018,09:00,10:00,235
29.03.2018,10:00,11:00,243
29.03.2018,11:00,12:00,259
29.03.2018,12:00,13:00,258
29.03.2018,13:00,14:00,226
29.03.2018,14:00,15:00,188
29.03.2018,15:00,16:00,172
29.03.2018,16:00,17:00,170
29.03.2018,17:00,18:00,173
29.03.2018,18:00,19:00,211
29.03.2018,19:00,20:00,216
29.03.2018,20:00,21:00,189
29.03.2018,21:00,22:00,193
29.03.2018,22:00,23:00,186
29.03.2018,23:00,00:00,166
30.03.2018,00:00,01:00,169
30.03.2018,01:00,02:00,167
30.03.2018,02:00,03:00,185
30.03.2018,03:00,04:00,196
30.03.2018,04:00,05:00,208
30.03.2018,05:00,06:00,199
30.03.2018,06:00,07:00,198
30.03.2018,07:00,08:00,198
30.03.2018,08:00,09:00,206
30.03.2018,09:00,10:00,209
30.03.2018,10:00,11:00,208
30.03.2018,11:00,12:00,184
30.03.2018,12:00,13:00,154
30.03.2018,13:00,14:00,146
30.03.2018,14:00,15:00,142
30.03.2018,15:00,16:00,142
30.03.2018,16:00,17:00,142
30.03.2018,17:00,18:00,145
30.03.2018,18:00,19:00,168
30.03.2018,19:00,20:00,171
30.03.2018,20:00,21:00,171
30.03.2018,21:00,22:00,171
30.03.2018,22:00,23:00,163
30.03.2018,23:00,00:00,153
31.03.2018,00:00,01:00,151
31.03.2018,01:00,02:00,151
31.03.2018,02:00,03:00,151
31.03.2018,03:00,04:00,186
31.03.2018,04:00,05:00,193
31.03.2018,05:00,06:00,202
31.03.2018,06:00,07:00,209
31.03.2018,07:00,08:00,201
31.03.2018,08:00,09:00,199
31.03.2018,09:00,10:00,199
31.03.2018,10:00,11:00,168
31.03.2018,11:00,12:00,182
31.03.2018,12:00,13:00,192
31.03.2018,13:00,14:00,183
31.03.2018,14:00,15:00,176
31.03.2018,15:00,16:00,175
31.03.2018,16:00,17:00,173
31.03.2018,17:00,18:00,174
31.03.2018,18:00,19:00,179
31.03.2018,19:00,20:00,183
31.03.2018,20:00,21:00,184
31.03.2018,21:00,22:00,168
31.03.2018,22:00,23:00,197
31.03.2018,23:00,00:00,202
01.04.2018,00:00,01:00,204
01.04.2018,01:00,02:00,205
01.04.2018,02:00,03:00,198
01.04.2018,03:00,04:00,186
01.04.2018,04:00,05:00,185
01.04.2018,05:00,06:00,193
01.04.2018,06:00,07:00,207
01.04.2018,07:00,08:00,213
01.04.2018,08:00,09:00,222
01.04.2018,09:00,10:00,221
01.04.2018,10:00,11:00,197
01.04.2018,11:00,12:00,191
01.04.2018,12:00,13:00,178
01.04.2018,13:00,14:00,161
01.04.2018,14:00,15:00,152
01.04.2018,15:00,16:00,160
01.04.2018,16:00,17:00,156
01.04.2018,17:00,18:00,154
01.04.2018,18:00,19:00,157
01.04.2018,19:00,20:00,162
01.04.2018,20:00,21:00,166
01.04.2018,21:00,22:00,170
01.04.2018,22:00,23:00,199
01.04.2018,23:00,00:00,200
02.04.2018,00:00,01:00,191
02.04.2018,01:00,02:00,196
02.04.2018,02:00,03:00,196
02.04.2018,03:00,04:00,197
02.04.2018,04:00,05:00,209
02.04.2018,05:00,06:00,207
02.04.2018,06:00,07:00,208
02.04.2018,07:00,08:00,209
02.04.2018,08:00,09:00,209
02.04.2018,09:00,10:00,192
02.04.2018,10:00,11:00,170
02.04.2018,11:00,12:00,154
02.04.2018,12:00,13:00,151
02.04.2018,13:00,14:00,138
02.04.2018,14:00,15:00,134
02.04.2018,15:00,16:00,126
02.04.2018,16:00,17:00,119
02.04.2018,17:00,18:00,121
02.04.2018,18:00,19:00,127
02.04.2018,19:00,20:00,152
02.04.2018,20:00,21:00,157
02.04.2018,21:00,22:00,154
02.04.2018,22:00,23:00,157
02.04.2018,23:00,00:00,147
03.04.2018,00:00,01:00,144
03.04.2018,01:00,02:00,146
03.04.2018,02:00,03:00,147
03.04.2018,03:00,04:00,143
03.04.2018,04:00,05:00,142
03.04.2018,05:00,06:00,166
03.04.2018,06:00,07:00,234
03.04.2018,07:00,08:00,242
03.04.2018,08:00,09:00,190
03.04.2018,09:00,10:00,217
03.04.2018,10:00,11:00,192
03.04.2018,11:00,12:00,179
03.04.2018,12:00,13:00,181
03.04.2018,13:00,14:00,174
03.04.2018,14:00,15:00,164
03.04.2018,15:00,16:00,159
03.04.2018,16:00,17:00,171
03.04.2018,17:00,18:00,188
03.04.2018,18:00,19:00,245
03.04.2018,19:00,20:00,265
03.04.2018,20:00,21:00,283
03.04.2018,21:00,22:00,277
03.04.2018,22:00,23:00,220
03.04.2018,23:00,00:00,166
04.04.2018,00:00,01:00,146
04.04.2018,01:00,02:00,165
04.04.2018,02:00,03:00,164
04.04.2018,03:00,04:00,135
04.04.2018,04:00,05:00,124
04.04.2018,05:00,06:00,152
04.04.2018,06:00,07:00,217
04.04.2018,07:00,08:00,239
04.04.2018,08:00,09:00,232
04.04.2018,09:00,10:00,233
04.04.2018,10:00,11:00,232
04.04.2018,11:00,12:00,240
04.04.2018,12:00,13:00,272
04.04.2018,13:00,14:00,264
04.04.2018,14:00,15:00,219
04.04.2018,15:00,16:00,251
04.04.2018,16:00,17:00,273
04.04.2018,17:00,18:00,285
04.04.2018,18:00,19:00,297
04.04.2018,19:00,20:00,243
04.04.2018,20:00,21:00,201
04.04.2018,21:00,22:00,195
04.04.2018,22:00,23:00,203
04.04.2018,23:00,00:00,193
05.04.2018,00:00,01:00,196
05.04.2018,01:00,02:00,140
05.04.2018,02:00,03:00,128
05.04.2018,03:00,04:00,128
05.04.2018,04:00,05:00,121
05.04.2018,05:00,06:00,149
05.04.2018,06:00,07:00,160
05.04.2018,07:00,08:00,162
05.04.2018,08:00,09:00,171
05.04.2018,09:00,10:00,188
05.04.2018,10:00,11:00,196
05.04.2018,11:00,12:00,211
05.04.2018,12:00,13:00,219
05.04.2018,13:00,14:00,238
05.04.2018,14:00,15:00,221
05.04.2018,15:00,16:00,225
05.04.2018,16:00,17:00,221
05.04.2018,17:00,18:00,251
05.04.2018,18:00,19:00,226
05.04.2018,19:00,20:00,210
05.04.2018,20:00,21:00,213
05.04.2018,21:00,22:00,237
05.04.2018,22:00,23:00,234
05.04.2018,23:00,00:00,184
06.04.2018,00:00,01:00,162
06.04.2018,01:00,02:00,162
06.04.2018,02:00,03:00,162
06.04.2018,03:00,04:00,173
06.04.2018,04:00,05:00,182
06.04.2018,05:00,06:00,203
06.04.2018,06:00,07:00,218
06.04.2018,07:00,08:00,222
06.04.2018,08:00,09:00,234
06.04.2018,09:00,10:00,231
06.04.2018,10:00,11:00,214
06.04.2018,11:00,12:00,199
06.04.2018,12:00,13:00,192
06.04.2018,13:00,14:00,181
06.04.2018,14:00,15:00,177
06.04.2018,15:00,16:00,160
06.04.2018,16:00,17:00,153
06.04.2018,17:00,18:00,152
06.04.2018,18:00,19:00,152
06.04.2018,19:00,20:00,195
06.04.2018,20:00,21:00,213
06.04.2018,21:00,22:00,156
06.04.2018,22:00,23:00,152
06.04.2018,23:00,00:00,157
07.04.2018,00:00,01:00,155
07.04.2018,01:00,02:00,169
07.04.2018,02:00,03:00,162
07.04.2018,03:00,04:00,161
07.04.2018,04:00,05:00,171
07.04.2018,05:00,06:00,179
07.04.2018,06:00,07:00,210
07.04.2018,07:00,08:00,219
07.04.2018,08:00,09:00,227
07.04.2018,09:00,10:00,186
07.04.2018,10:00,11:00,170
07.04.2018,11:00,12:00,230
07.04.2018,12:00,13:00,242
07.04.2018,13:00,14:00,244
07.04.2018,14:00,15:00,200
07.04.2018,15:00,16:00,158
07.04.2018,16:00,17:00,151
07.04.2018,17:00,18:00,151
07.04.2018,18:00,19:00,165
07.04.2018,19:00,20:00,201
07.04.2018,20:00,21:00,189
07.04.2018,21:00,22:00,163
07.04.2018,22:00,23:00,156
07.04.2018,23:00,00:00,156
08.04.2018,00:00,01:00,154
08.04.2018,01:00,02:00,150
08.04.2018,02:00,03:00,154
08.04.2018,03:00,04:00,154
08.04.2018,04:00,05:00,160
08.04.2018,05:00,06:00,198
08.04.2018,06:00,07:00,203
08.04.2018,07:00,08:00,204
08.04.2018,08:00,09:00,207
08.04.2018,09:00,10:00,177
08.04.2018,10:00,11:00,141
08.04.2018,11:00,12:00,133
08.04.2018,12:00,13:00,133
08.04.2018,13:00,14:00,132
08.04.2018,14:00,15:00,132
08.04.2018,15:00,16:00,132
08.04.2018,16:00,17:00,131
08.04.2018,17:00,18:00,123
08.04.2018,18:00,19:00,139
08.04.2018,19:00,20:00,136
08.04.2018,20:00,21:00,169
08.04.2018,21:00,22:00,185
08.04.2018,22:00,23:00,195
08.04.2018,23:00,00:00,156
09.04.2018,00:00,01:00,168
09.04.2018,01:00,02:00,165
09.04.2018,02:00,03:00,165
09.04.2018,03:00,04:00,170
09.04.2018,04:00,05:00,187
09.04.2018,05:00,06:00,229
09.04.2018,06:00,07:00,232
09.04.2018,07:00,08:00,276
09.04.2018,08:00,09:00,292
09.04.2018,09:00,10:00,298
09.04.2018,10:00,11:00,300
09.04.2018,11:00,12:00,294
09.04.2018,12:00,13:00,241
09.04.2018,13:00,14:00,192
09.04.2018,14:00,15:00,163
09.04.2018,15:00,16:00,183
09.04.2018,16:00,17:00,231
09.04.2018,17:00,18:00,305
09.04.2018,18:00,19:00,315
09.04.2018,19:00,20:00,314
09.04.2018,20:00,21:00,315
09.04.2018,21:00,22:00,298
09.04.2018,22:00,23:00,256
09.04.2018,23:00,00:00,181
10.04.2018,00:00,01:00,129
10.04.2018,01:00,02:00,114
10.04.2018,02:00,03:00,110
10.04.2018,03:00,04:00,111
10.04.2018,04:00,05:00,120
10.04.2018,05:00,06:00,163
10.04.2018,06:00,07:00,199
10.04.2018,07:00,08:00,233
10.04.2018,08:00,09:00,246
10.04.2018,09:00,10:00,242
10.04.2018,10:00,11:00,242
10.04.2018,11:00,12:00,242
10.04.2018,12:00,13:00,244
10.04.2018,13:00,14:00,242
10.04.2018,14:00,15:00,242
10.04.2018,15:00,16:00,215
10.04.2018,16:00,17:00,193
10.04.2018,17:00,18:00,200
10.04.2018,18:00,19:00,209
10.04.2018,19:00,20:00,211
10.04.2018,20:00,21:00,222
10.04.2018,21:00,22:00,211
10.04.2018,22:00,23:00,176
10.04.2018,23:00,00:00,167
11.04.2018,00:00,01:00,183
11.04.2018,01:00,02:00,163
11.04.2018,02:00,03:00,143
11.04.2018,03:00,04:00,129
11.04.2018,04:00,05:00,119
11.04.2018,05:00,06:00,176
11.04.2018,06:00,07:00,210
11.04.2018,07:00,08:00,254
11.04.2018,08:00,09:00,285
11.04.2018,09:00,10:00,263
11.04.2018,10:00,11:00,169
11.04.2018,11:00,12:00,154
11.04.2018,12:00,13:00,152
11.04.2018,13:00,14:00,184
11.04.2018,14:00,15:00,209
11.04.2018,15:00,16:00,223
11.04.2018,16:00,17:00,199
11.04.2018,17:00,18:00,213
11.04.2018,18:00,19:00,231
11.04.2018,19:00,20:00,235
11.04.2018,20:00,21:00,246
11.04.2018,21:00,22:00,202
11.04.2018,22:00,23:00,158
11.04.2018,23:00,00:00,131
12.04.2018,00:00,01:00,133
12.04.2018,01:00,02:00,132
12.04.2018,02:00,03:00,132
12.04.2018,03:00,04:00,132
12.04.2018,04:00,05:00,131
12.04.2018,05:00,06:00,131
12.04.2018,06:00,07:00,150
12.04.2018,07:00,08:00,204
12.04.2018,08:00,09:00,266
12.04.2018,09:00,10:00,260
12.04.2018,10:00,11:00,264
12.04.2018,11:00,12:00,272
12.04.2018,12:00,13:00,271
12.04.2018,13:00,14:00,258
12.04.2018,14:00,15:00,246
12.04.2018,15:00,16:00,232
12.04.2018,16:00,17:00,228
12.04.2018,17:00,18:00,228
12.04.2018,18:00,19:00,276
12.04.2018,19:00,20:00,285
12.04.2018,20:00,21:00,283
12.04.2018,21:00,22:00,274
12.04.2018,22:00,23:00,243
12.04.2018,23:00,00:00,185
13.04.2018,00:00,01:00,134
13.04.2018,01:00,02:00,128
13.04.2018,02:00,03:00,129
13.04.2018,03:00,04:00,129
13.04.2018,04:00,05:00,129
13.04.2018,05:00,06:00,159
13.04.2018,06:00,07:00,234
13.04.2018,07:00,08:00,234
13.04.2018,08:00,09:00,247
13.04.2018,09:00,10:00,261
13.04.2018,10:00,11:00,272
13.04.2018,11:00,12:00,276
13.04.2018,12:00,13:00,280
13.04.2018,13:00,14:00,251
13.04.2018,14:00,15:00,216
13.04.2018,15:00,16:00,193
13.04.2018,16:00,17:00,177
13.04.2018,17:00,18:00,190
13.04.2018,18:00,19:00,157
13.04.2018,19:00,20:00,169
13.04.2018,20:00,21:00,171
13.04.2018,21:00,22:00,134
13.04.2018,22:00,23:00,129
13.04.2018,23:00,00:00,98
14.04.2018,00:00,01:00,62
14.04.2018,01:00,02:00,56
14.04.2018,02:00,03:00,58
14.04.2018,03:00,04:00,98
14.04.2018,04:00,05:00,81
14.04.2018,05:00,06:00,93
14.04.2018,06:00,07:00,109
14.04.2018,07:00,08:00,112
14.04.2018,08:00,09:00,121
14.04.2018,09:00,10:00,145
14.04.2018,10:00,11:00,125
14.04.2018,11:00,12:00,134
14.04.2018,12:00,13:00,165
14.04.2018,13:00,14:00,159
14.04.2018,14:00,15:00,162
14.04.2018,15:00,16:00,147
14.04.2018,16:00,17:00,134
14.04.2018,17:00,18:00,136
14.04.2018,18:00,19:00,189
14.04.2018,19:00,20:00,200
14.04.2018,20:00,21:00,229
14.04.2018,21:00,22:00,238
14.04.2018,22:00,23:00,173
14.04.2018,23:00,00:00,116
15.04.2018,00:00,01:00,115
15.04.2018,01:00,02:00,115
15.04.2018,02:00,03:00,87
15.04.2018,03:00,04:00,80
15.04.2018,04:00,05:00,93
15.04.2018,05:00,06:00,134
15.04.2018,06:00,07:00,145
15.04.2018,07:00,08:00,152
15.04.2018,08:00,09:00,138
15.04.2018,09:00,10:00,125
15.04.2018,10:00,11:00,121
15.04.2018,11:00,12:00,112
15.04.2018,12:00,13:00,117
15.04.2018,13:00,14:00,132
15.04.2018,14:00,15:00,133
15.04.2018,15:00,16:00,131
15.04.2018,16:00,17:00,135
15.04.2018,17:00,18:00,155
15.04.2018,18:00,19:00,164
15.04.2018,19:00,20:00,163
15.04.2018,20:00,21:00,161
15.04.2018,21:00,22:00,161
15.04.2018,22:00,23:00,126
15.04.2018,23:00,00:00,103
16.04.2018,00:00,01:00,81
16.04.2018,01:00,02:00,79
16.04.2018,02:00,03:00,83
16.04.2018,03:00,04:00,85
16.04.2018,04:00,05:00,86
16.04.2018,05:00,06:00,152
16.04.2018,06:00,07:00,260
16.04.2018,07:00,08:00,284
16.04.2018,08:00,09:00,299
16.04.2018,09:00,10:00,299
16.04.2018,10:00,11:00,304
16.04.2018,11:00,12:00,296
16.04.2018,12:00,13:00,298
16.04.2018,13:00,14:00,295
16.04.2018,14:00,15:00,288
16.04.2018,15:00,16:00,245
16.04.2018,16:00,17:00,236
16.04.2018,17:00,18:00,227
16.04.2018,18:00,19:00,256
16.04.2018,19:00,20:00,259
16.04.2018,20:00,21:00,238
16.04.2018,21:00,22:00,276
16.04.2018,22:00,23:00,234
16.04.2018,23:00,00:00,180
17.04.2018,00:00,01:00,141
17.04.2018,01:00,02:00,148
17.04.2018,02:00,03:00,150
17.04.2018,03:00,04:00,152
17.04.2018,04:00,05:00,156
17.04.2018,05:00,06:00,199
17.04.2018,06:00,07:00,216
17.04.2018,07:00,08:00,302
17.04.2018,08:00,09:00,304
17.04.2018,09:00,10:00,310
17.04.2018,10:00,11:00,311
17.04.2018,11:00,12:00,313
17.04.2018,12:00,13:00,312
17.04.2018,13:00,14:00,312
17.04.2018,14:00,15:00,314
17.04.2018,15:00,16:00,312
17.04.2018,16:00,17:00,281
17.04.2018,17:00,18:00,279
17.04.2018,18:00,19:00,301
17.04.2018,19:00,20:00,306
17.04.2018,20:00,21:00,311
17.04.2018,21:00,22:00,311
17.04.2018,22:00,23:00,261
17.04.2018,23:00,00:00,167
18.04.2018,00:00,01:00,122
18.04.2018,01:00,02:00,138
18.04.2018,02:00,03:00,161
18.04.2018,03:00,04:00,161
18.04.2018,04:00,05:00,160
18.04.2018,05:00,06:00,147
18.04.2018,06:00,07:00,194
18.04.2018,07:00,08:00,271
18.04.2018,08:00,09:00,312
18.04.2018,09:00,10:00,314
18.04.2018,10:00,11:00,314
18.04.2018,11:00,12:00,313
18.04.2018,12:00,13:00,311
18.04.2018,13:00,14:00,310
18.04.2018,14:00,15:00,245
18.04.2018,15:00,16:00,233
18.04.2018,16:00,17:00,279
18.04.2018,17:00,18:00,266
18.04.2018,18:00,19:00,296
18.04.2018,19:00,20:00,293
18.04.2018,20:00,21:00,295
18.04.2018,21:00,22:00,236
18.04.2018,22:00,23:00,191
18.04.2018,23:00,00:00,141
19.04.2018,00:00,01:00,123
19.04.2018,01:00,02:00,121
19.04.2018,02:00,03:00,121
19.04.2018,03:00,04:00,121
19.04.2018,04:00,05:00,120
19.04.2018,05:00,06:00,127
19.04.2018,06:00,07:00,161
19.04.2018,07:00,08:00,227
19.04.2018,08:00,09:00,254
19.04.2018,09:00,10:00,240
19.04.2018,10:00,11:00,252
19.04.2018,11:00,12:00,256
19.04.2018,12:00,13:00,272
19.04.2018,13:00,14:00,279
19.04.2018,14:00,15:00,265
19.04.2018,15:00,16:00,260
19.04.2018,16:00,17:00,254
19.04.2018,17:00,18:00,229
19.04.2018,18:00,19:00,227
19.04.2018,19:00,20:00,226
19.04.2018,20:00,21:00,221
19.04.2018,21:00,22:00,178
19.04.2018,22:00,23:00,151
19.04.2018,23:00,00:00,127
20.04.2018,00:00,01:00,127
20.04.2018,01:00,02:00,126
20.04.2018,02:00,03:00,126
20.04.2018,03:00,04:00,127
20.04.2018,04:00,05:00,127
20.04.2018,05:00,06:00,146
20.04.2018,06:00,07:00,149
20.04.2018,07:00,08:00,182
20.04.2018,08:00,09:00,200
20.04.2018,09:00,10:00,214
20.04.2018,10:00,11:00,209
20.04.2018,11:00,12:00,234
20.04.2018,12:00,13:00,234
20.04.2018,13:00,14:00,234
20.04.2018,14:00,15:00,215
20.04.2018,15:00,16:00,196
20.04.2018,16:00,17:00,181
20.04.2018,17:00,18:00,191
20.04.2018,18:00,19:00,201
20.04.2018,19:00,20:00,206
20.04.2018,20:00,21:00,216
20.04.2018,21:00,22:00,168
20.04.2018,22:00,23:00,142
20.04.2018,23:00,00:00,150
21.04.2018,00:00,01:00,128
21.04.2018,01:00,02:00,109
21.04.2018,02:00,03:00,106
21.04.2018,03:00,04:00,106
21.04.2018,04:00,05:00,106
21.04.2018,05:00,06:00,105
21.04.2018,06:00,07:00,105
21.04.2018,07:00,08:00,106
21.04.2018,08:00,09:00,112
21.04.2018,09:00,10:00,153
21.04.2018,10:00,11:00,186
21.04.2018,11:00,12:00,190
21.04.2018,12:00,13:00,176
21.04.2018,13:00,14:00,157
21.04.2018,14:00,15:00,142
21.04.2018,15:00,16:00,136
21.04.2018,16:00,17:00,135
21.04.2018,17:00,18:00,151
21.04.2018,18:00,19:00,168
21.04.2018,19:00,20:00,180
21.04.2018,20:00,21:00,176
21.04.2018,21:00,22:00,141
21.04.2018,22:00,23:00,112
21.04.2018,23:00,00:00,99
22.04.2018,00:00,01:00,66
22.04.2018,01:00,02:00,66
22.04.2018,02:00,03:00,65
22.04.2018,03:00,04:00,62
22.04.2018,04:00,05:00,62
22.04.2018,05:00,06:00,85
22.04.2018,06:00,07:00,128
22.04.2018,07:00,08:00,134
22.04.2018,08:00,09:00,122
22.04.2018,09:00,10:00,122
22.04.2018,10:00,11:00,118
22.04.2018,11:00,12:00,127
22.04.2018,12:00,13:00,120
22.04.2018,13:00,14:00,134
22.04.2018,14:00,15:00,139
22.04.2018,15:00,16:00,114
22.04.2018,16:00,17:00,92
22.04.2018,17:00,18:00,92
22.04.2018,18:00,19:00,113
22.04.2018,19:00,20:00,132
22.04.2018,20:00,21:00,142
22.04.2018,21:00,22:00,142
22.04.2018,22:00,23:00,141
22.04.2018,23:00,00:00,128
23.04.2018,00:00,01:00,125
23.04.2018,01:00,02:00,150
23.04.2018,02:00,03:00,178
23.04.2018,03:00,04:00,180
23.04.2018,04:00,05:00,147
23.04.2018,05:00,06:00,141
23.04.2018,06:00,07:00,174
23.04.2018,07:00,08:00,222
23.04.2018,08:00,09:00,266
23.04.2018,09:00,10:00,262
23.04.2018,10:00,11:00,237
23.04.2018,11:00,12:00,252
23.04.2018,12:00,13:00,241
23.04.2018,13:00,14:00,254
23.04.2018,14:00,15:00,236
23.04.2018,15:00,16:00,236
23.04.2018,16:00,17:00,225
23.04.2018,17:00,18:00,240
23.04.2018,18:00,19:00,222
23.04.2018,19:00,20:00,222
23.04.2018,20:00,21:00,207
23.04.2018,21:00,22:00,220
23.04.2018,22:00,23:00,221
23.04.2018,23:00,00:00,197
24.04.2018,00:00,01:00,127
24.04.2018,01:00,02:00,88
24.04.2018,02:00,03:00,73
24.04.2018,03:00,04:00,62
24.04.2018,04:00,05:00,62
24.04.2018,05:00,06:00,107
24.04.2018,06:00,07:00,162
24.04.2018,07:00,08:00,212
24.04.2018,08:00,09:00,230
24.04.2018,09:00,10:00,230
24.04.2018,10:00,11:00,253
24.04.2018,11:00,12:00,275
24.04.2018,12:00,13:00,272
24.04.2018,13:00,14:00,266
24.04.2018,14:00,15:00,266
24.04.2018,15:00,16:00,259
24.04.2018,16:00,17:00,216
24.04.2018,17:00,18:00,209
24.04.2018,18:00,19:00,207
24.04.2018,19:00,20:00,210
24.04.2018,20:00,21:00,249
24.04.2018,21:00,22:00,219
24.04.2018,22:00,23:00,141
24.04.2018,23:00,00:00,125
25.04.2018,00:00,01:00,83
25.04.2018,01:00,02:00,60
25.04.2018,02:00,03:00,60
25.04.2018,03:00,04:00,60
25.04.2018,04:00,05:00,61
25.04.2018,05:00,06:00,91
25.04.2018,06:00,07:00,125
25.04.2018,07:00,08:00,148
25.04.2018,08:00,09:00,183
25.04.2018,09:00,10:00,205
25.04.2018,10:00,11:00,203
25.04.2018,11:00,12:00,213
25.04.2018,12:00,13:00,220
25.04.2018,13:00,14:00,221
25.04.2018,14:00,15:00,221
25.04.2018,15:00,16:00,225
25.04.2018,16:00,17:00,227
25.04.2018,17:00,18:00,221
25.04.2018,18:00,19:00,227
25.04.2018,19:00,20:00,226
25.04.2018,20:00,21:00,201
25.04.2018,21:00,22:00,174
25.04.2018,22:00,23:00,178
25.04.2018,23:00,00:00,142
26.04.2018,00:00,01:00,128
26.04.2018,01:00,02:00,151
26.04.2018,02:00,03:00,133
26.04.2018,03:00,04:00,141
26.04.2018,04:00,05:00,157
26.04.2018,05:00,06:00,146
26.04.2018,06:00,07:00,152
26.04.2018,07:00,08:00,207
26.04.2018,08:00,09:00,221
26.04.2018,09:00,10:00,236
26.04.2018,10:00,11:00,246
26.04.2018,11:00,12:00,254
26.04.2018,12:00,13:00,248
26.04.2018,13:00,14:00,247
26.04.2018,14:00,15:00,214
26.04.2018,15:00,16:00,202
26.04.2018,16:00,17:00,203
26.04.2018,17:00,18:00,202
26.04.2018,18:00,19:00,202
26.04.2018,19:00,20:00,204
26.04.2018,20:00,21:00,217
26.04.2018,21:00,22:00,161
26.04.2018,22:00,23:00,163
26.04.2018,23:00,00:00,131
27.04.2018,00:00,01:00,121
27.04.2018,01:00,02:00,124
27.04.2018,02:00,03:00,125
27.04.2018,03:00,04:00,125
27.04.2018,04:00,05:00,125
27.04.2018,05:00,06:00,140
27.04.2018,06:00,07:00,183
27.04.2018,07:00,08:00,242
27.04.2018,08:00,09:00,263
27.04.2018,09:00,10:00,232
27.04.2018,10:00,11:00,196
27.04.2018,11:00,12:00,190
27.04.2018,12:00,13:00,189
27.04.2018,13:00,14:00,190
27.04.2018,14:00,15:00,187
27.04.2018,15:00,16:00,166
27.04.2018,16:00,17:00,160
27.04.2018,17:00,18:00,160
27.04.2018,18:00,19:00,157
27.04.2018,19:00,20:00,172
27.04.2018,20:00,21:00,208
27.04.2018,21:00,22:00,200
27.04.2018,22:00,23:00,189
27.04.2018,23:00,00:00,144
28.04.2018,00:00,01:00,119
28.04.2018,01:00,02:00,119
28.04.2018,02:00,03:00,119
28.04.2018,03:00,04:00,119
28.04.2018,04:00,05:00,118
28.04.2018,05:00,06:00,114
28.04.2018,06:00,07:00,111
28.04.2018,07:00,08:00,118
28.04.2018,08:00,09:00,121
28.04.2018,09:00,10:00,121
28.04.2018,10:00,11:00,121
28.04.2018,11:00,12:00,125
28.04.2018,12:00,13:00,126
28.04.2018,13:00,14:00,126
28.04.2018,14:00,15:00,128
28.04.2018,15:00,16:00,129
28.04.2018,16:00,17:00,132
28.04.2018,17:00,18:00,138
28.04.2018,18:00,19:00,136
28.04.2018,19:00,20:00,152
28.04.2018,20:00,21:00,155
28.04.2018,21:00,22:00,163
28.04.2018,22:00,23:00,157
28.04.2018,23:00,00:00,145
29.04.2018,00:00,01:00,122
29.04.2018,01:00,02:00,118
29.04.2018,02:00,03:00,114
29.04.2018,03:00,04:00,114
29.04.2018,04:00,05:00,114
29.04.2018,05:00,06:00,116
29.04.2018,06:00,07:00,125
29.04.2018,07:00,08:00,125
29.04.2018,08:00,09:00,126
29.04.2018,09:00,10:00,127
29.04.2018,10:00,11:00,127
29.04.2018,11:00,12:00,128
29.04.2018,12:00,13:00,127
29.04.2018,13:00,14:00,127
29.04.2018,14:00,15:00,127
29.04.2018,15:00,16:00,142
29.04.2018,16:00,17:00,157
29.04.2018,17:00,18:00,126
29.04.2018,18:00,19:00,126
29.04.2018,19:00,20:00,124
29.04.2018,20:00,21:00,135
29.04.2018,21:00,22:00,137
29.04.2018,22:00,23:00,135
29.04.2018,23:00,00:00,124
30.04.2018,00:00,01:00,120
30.04.2018,01:00,02:00,120
30.04.2018,02:00,03:00,120
30.04.2018,03:00,04:00,120
30.04.2018,04:00,05:00,120
30.04.2018,05:00,06:00,120
30.04.2018,06:00,07:00,131
30.04.2018,07:00,08:00,161
30.04.2018,08:00,09:00,168
30.04.2018,09:00,10:00,171
30.04.2018,10:00,11:00,177
30.04.2018,11:00,12:00,181
30.04.2018,12:00,13:00,220
30.04.2018,13:00,14:00,223
30.04.2018,14:00,15:00,182
30.04.2018,15:00,16:00,147
30.04.2018,16:00,17:00,131
30.04.2018,17:00,18:00,122
30.04.2018,18:00,19:00,123
30.04.2018,19:00,20:00,123
30.04.2018,20:00,21:00,137
30.04.2018,21:00,22:00,114
30.04.2018,22:00,23:00,84
30.04.2018,23:00,00:00,82
01.05.2018,00:00,01:00,82
01.05.2018,01:00,02:00,79
01.05.2018,02:00,03:00,81
01.05.2018,03:00,04:00,80
01.05.2018,04:00,05:00,80
01.05.2018,05:00,06:00,100
01.05.2018,06:00,07:00,143
01.05.2018,07:00,08:00,143
01.05.2018,08:00,09:00,137
01.05.2018,09:00,10:00,137
01.05.2018,10:00,11:00,130
01.05.2018,11:00,12:00,133
01.05.2018,12:00,13:00,145
01.05.2018,13:00,14:00,119
01.05.2018,14:00,15:00,98
01.05.2018,15:00,16:00,92
01.05.2018,16:00,17:00,91
01.05.2018,17:00,18:00,91
01.05.2018,18:00,19:00,113
01.05.2018,19:00,20:00,121
01.05.2018,20:00,21:00,148
01.05.2018,21:00,22:00,166
01.05.2018,22:00,23:00,139
01.05.2018,23:00,00:00,106
02.05.2018,00:00,01:00,100
02.05.2018,01:00,02:00,100
02.05.2018,02:00,03:00,101
02.05.2018,03:00,04:00,105
02.05.2018,04:00,05:00,105
02.05.2018,05:00,06:00,132
02.05.2018,06:00,07:00,170
02.05.2018,07:00,08:00,217
02.05.2018,08:00,09:00,259
02.05.2018,09:00,10:00,281
02.05.2018,10:00,11:00,280
02.05.2018,11:00,12:00,255
02.05.2018,12:00,13:00,260
02.05.2018,13:00,14:00,257
02.05.2018,14:00,15:00,227
02.05.2018,15:00,16:00,217
02.05.2018,16:00,17:00,240
02.05.2018,17:00,18:00,247
02.05.2018,18:00,19:00,247
02.05.2018,19:00,20:00,244
02.05.2018,20:00,21:00,238
02.05.2018,21:00,22:00,195
02.05.2018,22:00,23:00,178
02.05.2018,23:00,00:00,158
03.05.2018,00:00,01:00,156
03.05.2018,01:00,02:00,145
03.05.2018,02:00,03:00,113
03.05.2018,03:00,04:00,112
03.05.2018,04:00,05:00,112
03.05.2018,05:00,06:00,127
03.05.2018,06:00,07:00,187
03.05.2018,07:00,08:00,257
03.05.2018,08:00,09:00,283
03.05.2018,09:00,10:00,242
03.05.2018,10:00,11:00,235
03.05.2018,11:00,12:00,253
03.05.2018,12:00,13:00,242
03.05.2018,13:00,14:00,228
03.05.2018,14:00,15:00,232
03.05.2018,15:00,16:00,249
03.05.2018,16:00,17:00,233
03.05.2018,17:00,18:00,223
03.05.2018,18:00,19:00,253
03.05.2018,19:00,20:00,260
03.05.2018,20:00,21:00,259
03.05.2018,21:00,22:00,209
03.05.2018,22:00,23:00,155
03.05.2018,23:00,00:00,125
04.05.2018,00:00,01:00,112
04.05.2018,01:00,02:00,106
04.05.2018,02:00,03:00,107
04.05.2018,03:00,04:00,107
04.05.2018,04:00,05:00,106
04.05.2018,05:00,06:00,113
04.05.2018,06:00,07:00,153
04.05.2018,07:00,08:00,180
04.05.2018,08:00,09:00,196
04.05.2018,09:00,10:00,218
04.05.2018,10:00,11:00,253
04.05.2018,11:00,12:00,240
04.05.2018,12:00,13:00,241
04.05.2018,13:00,14:00,235
04.05.2018,14:00,15:00,231
04.05.2018,15:00,16:00,220
04.05.2018,16:00,17:00,206
04.05.2018,17:00,18:00,203
04.05.2018,18:00,19:00,203
04.05.2018,19:00,20:00,222
04.05.2018,20:00,21:00,245
04.05.2018,21:00,22:00,235
04.05.2018,22:00,23:00,186
04.05.2018,23:00,00:00,155
05.05.2018,00:00,01:00,125
05.05.2018,01:00,02:00,121
05.05.2018,02:00,03:00,121
05.05.2018,03:00,04:00,121
05.05.2018,04:00,05:00,121
05.05.2018,05:00,06:00,120
05.05.2018,06:00,07:00,120
05.05.2018,07:00,08:00,122
05.05.2018,08:00,09:00,153
05.05.2018,09:00,10:00,147
05.05.2018,10:00,11:00,147
05.05.2018,11:00,12:00,151
05.05.2018,12:00,13:00,151
05.05.2018,13:00,14:00,151
05.05.2018,14:00,15:00,151
05.05.2018,15:00,16:00,149
05.05.2018,16:00,17:00,142
05.05.2018,17:00,18:00,143
05.05.2018,18:00,19:00,167
05.05.2018,19:00,20:00,176
05.05.2018,20:00,21:00,171
05.05.2018,21:00,22:00,156
05.05.2018,22:00,23:00,135
05.05.2018,23:00,00:00,116
06.05.2018,00:00,01:00,86
06.05.2018,01:00,02:00,75
06.05.2018,02:00,03:00,89
06.05.2018,03:00,04:00,100
06.05.2018,04:00,05:00,82
06.05.2018,05:00,06:00,79
06.05.2018,06:00,07:00,76
06.05.2018,07:00,08:00,83
06.05.2018,08:00,09:00,85
06.05.2018,09:00,10:00,84
06.05.2018,10:00,11:00,84
06.05.2018,11:00,12:00,82
06.05.2018,12:00,13:00,86
06.05.2018,13:00,14:00,95
06.05.2018,14:00,15:00,96
06.05.2018,15:00,16:00,94
06.05.2018,16:00,17:00,71
06.05.2018,17:00,18:00,111
06.05.2018,18:00,19:00,131
06.05.2018,19:00,20:00,131
06.05.2018,20:00,21:00,135
06.05.2018,21:00,22:00,145
06.05.2018,22:00,23:00,139
06.05.2018,23:00,00:00,125
07.05.2018,00:00,01:00,120
07.05.2018,01:00,02:00,120
07.05.2018,02:00,03:00,116
07.05.2018,03:00,04:00,116
07.05.2018,04:00,05:00,118
07.05.2018,05:00,06:00,142
07.05.2018,06:00,07:00,171
07.05.2018,07:00,08:00,212
07.05.2018,08:00,09:00,222
07.05.2018,09:00,10:00,222
07.05.2018,10:00,11:00,222
07.05.2018,11:00,12:00,223
07.05.2018,12:00,13:00,227
07.05.2018,13:00,14:00,223
07.05.2018,14:00,15:00,223
07.05.2018,15:00,16:00,218
07.05.2018,16:00,17:00,205
07.05.2018,17:00,18:00,190
07.05.2018,18:00,19:00,198
07.05.2018,19:00,20:00,251
07.05.2018,20:00,21:00,279
07.05.2018,21:00,22:00,228
07.05.2018,22:00,23:00,199
07.05.2018,23:00,00:00,145
08.05.2018,00:00,01:00,117
08.05.2018,01:00,02:00,117
08.05.2018,02:00,03:00,117
08.05.2018,03:00,04:00,117
08.05.2018,04:00,05:00,125
08.05.2018,05:00,06:00,126
08.05.2018,06:00,07:00,138
08.05.2018,07:00,08:00,184
08.05.2018,08:00,09:00,199
08.05.2018,09:00,10:00,202
08.05.2018,10:00,11:00,201
08.05.2018,11:00,12:00,201
08.05.2018,12:00,13:00,201
08.05.2018,13:00,14:00,201
08.05.2018,14:00,15:00,201
08.05.2018,15:00,16:00,201
08.05.2018,16:00,17:00,201
08.05.2018,17:00,18:00,201
08.05.2018,18:00,19:00,201
08.05.2018,19:00,20:00,201
08.05.2018,20:00,21:00,201
08.05.2018,21:00,22:00,179
08.05.2018,22:00,23:00,170
08.05.2018,23:00,00:00,165
09.05.2018,00:00,01:00,139
09.05.2018,01:00,02:00,119
09.05.2018,02:00,03:00,115
09.05.2018,03:00,04:00,115
09.05.2018,04:00,05:00,115
09.05.2018,05:00,06:00,115
09.05.2018,06:00,07:00,133
09.05.2018,07:00,08:00,207
09.05.2018,08:00,09:00,263
09.05.2018,09:00,10:00,245
09.05.2018,10:00,11:00,254
09.05.2018,11:00,12:00,274
09.05.2018,12:00,13:00,272
09.05.2018,13:00,14:00,252
09.05.2018,14:00,15:00,225
09.05.2018,15:00,16:00,222
09.05.2018,16:00,17:00,221
09.05.2018,17:00,18:00,211
09.05.2018,18:00,19:00,240
09.05.2018,19:00,20:00,269
09.05.2018,20:00,21:00,241
09.05.2018,21:00,22:00,162
09.05.2018,22:00,23:00,151
09.05.2018,23:00,00:00,111
10.05.2018,00:00,01:00,105
10.05.2018,01:00,02:00,105
10.05.2018,02:00,03:00,105
10.05.2018,03:00,04:00,105
10.05.2018,04:00,05:00,104
10.05.2018,05:00,06:00,105
10.05.2018,06:00,07:00,99
10.05.2018,07:00,08:00,91
10.05.2018,08:00,09:00,89
10.05.2018,09:00,10:00,87
10.05.2018,10:00,11:00,88
10.05.2018,11:00,12:00,90
10.05.2018,12:00,13:00,157
10.05.2018,13:00,14:00,168
10.05.2018,14:00,15:00,152
10.05.2018,15:00,16:00,148
10.05.2018,16:00,17:00,102
10.05.2018,17:00,18:00,95
10.05.2018,18:00,19:00,105
10.05.2018,19:00,20:00,136
10.05.2018,20:00,21:00,130
10.05.2018,21:00,22:00,159
10.05.2018,22:00,23:00,196
10.05.2018,23:00,00:00,129
11.05.2018,00:00,01:00,122
11.05.2018,01:00,02:00,122
11.05.2018,02:00,03:00,122
11.05.2018,03:00,04:00,122
11.05.2018,04:00,05:00,122
11.05.2018,05:00,06:00,122
11.05.2018,06:00,07:00,123
11.05.2018,07:00,08:00,153
11.05.2018,08:00,09:00,162
11.05.2018,09:00,10:00,150
11.05.2018,10:00,11:00,166
11.05.2018,11:00,12:00,166
11.05.2018,12:00,13:00,166
11.05.2018,13:00,14:00,156
11.05.2018,14:00,15:00,150
11.05.2018,15:00,16:00,132
11.05.2018,16:00,17:00,131
11.05.2018,17:00,18:00,132
11.05.2018,18:00,19:00,172
11.05.2018,19:00,20:00,196
11.05.2018,20:00,21:00,186
11.05.2018,21:00,22:00,193
11.05.2018,22:00,23:00,163
11.05.2018,23:00,00:00,124
12.05.2018,00:00,01:00,120
12.05.2018,01:00,02:00,121
12.05.2018,02:00,03:00,119
12.05.2018,03:00,04:00,121
12.05.2018,04:00,05:00,120
12.05.2018,05:00,06:00,119
12.05.2018,06:00,07:00,120
12.05.2018,07:00,08:00,121
12.05.2018,08:00,09:00,121
12.05.2018,09:00,10:00,128
12.05.2018,10:00,11:00,150
12.05.2018,11:00,12:00,150
12.05.2018,12:00,13:00,150
12.05.2018,13:00,14:00,150
12.05.2018,14:00,15:00,138
12.05.2018,15:00,16:00,136
12.05.2018,16:00,17:00,136
12.05.2018,17:00,18:00,156
12.05.2018,18:00,19:00,168
12.05.2018,19:00,20:00,158
12.05.2018,20:00,21:00,129
12.05.2018,21:00,22:00,124
12.05.2018,22:00,23:00,114
12.05.2018,23:00,00:00,76
13.05.2018,00:00,01:00,69
13.05.2018,01:00,02:00,70
13.05.2018,02:00,03:00,64
13.05.2018,03:00,04:00,63
13.05.2018,04:00,05:00,64
13.05.2018,05:00,06:00,61
13.05.2018,06:00,07:00,60
13.05.2018,07:00,08:00,61
13.05.2018,08:00,09:00,62
13.05.2018,09:00,10:00,62
13.05.2018,10:00,11:00,61
13.05.2018,11:00,12:00,63
13.05.2018,12:00,13:00,61
13.05.2018,13:00,14:00,61
13.05.2018,14:00,15:00,86
13.05.2018,15:00,16:00,88
13.05.2018,16:00,17:00,91
13.05.2018,17:00,18:00,127
13.05.2018,18:00,19:00,153
13.05.2018,19:00,20:00,145
13.05.2018,20:00,21:00,153
13.05.2018,21:00,22:00,172
13.05.2018,22:00,23:00,155
13.05.2018,23:00,00:00,169
14.05.2018,00:00,01:00,142
14.05.2018,01:00,02:00,141
14.05.2018,02:00,03:00,146
14.05.2018,03:00,04:00,132
14.05.2018,04:00,05:00,134
14.05.2018,05:00,06:00,157
14.05.2018,06:00,07:00,204
14.05.2018,07:00,08:00,268
14.05.2018,08:00,09:00,300
14.05.2018,09:00,10:00,299
14.05.2018,10:00,11:00,276
14.05.2018,11:00,12:00,223
14.05.2018,12:00,13:00,211
14.05.2018,13:00,14:00,176
14.05.2018,14:00,15:00,153
14.05.2018,15:00,16:00,149
14.05.2018,16:00,17:00,139
14.05.2018,17:00,18:00,136
14.05.2018,18:00,19:00,145
14.05.2018,19:00,20:00,139
14.05.2018,20:00,21:00,171
14.05.2018,21:00,22:00,156
14.05.2018,22:00,23:00,122
14.05.2018,23:00,00:00,120
15.05.2018,00:00,01:00,120
15.05.2018,01:00,02:00,120
15.05.2018,02:00,03:00,120
15.05.2018,03:00,04:00,120
15.05.2018,04:00,05:00,122
15.05.2018,05:00,06:00,148
15.05.2018,06:00,07:00,169
15.05.2018,07:00,08:00,171
15.05.2018,08:00,09:00,162
15.05.2018,09:00,10:00,162
15.05.2018,10:00,11:00,162
15.05.2018,11:00,12:00,155
15.05.2018,12:00,13:00,144
15.05.2018,13:00,14:00,157
15.05.2018,14:00,15:00,162
15.05.2018,15:00,16:00,161
15.05.2018,16:00,17:00,162
15.05.2018,17:00,18:00,162
15.05.2018,18:00,19:00,162
15.05.2018,19:00,20:00,162
15.05.2018,20:00,21:00,162
15.05.2018,21:00,22:00,141
15.05.2018,22:00,23:00,128
15.05.2018,23:00,00:00,131
16.05.2018,00:00,01:00,125
16.05.2018,01:00,02:00,120
16.05.2018,02:00,03:00,121
16.05.2018,03:00,04:00,120
16.05.2018,04:00,05:00,148
16.05.2018,05:00,06:00,174
16.05.2018,06:00,07:00,225
16.05.2018,07:00,08:00,241
16.05.2018,08:00,09:00,239
16.05.2018,09:00,10:00,183
16.05.2018,10:00,11:00,18
16.05.2018,11:00,12:00,0
16.05.2018,12:00,13:00,0
16.05.2018,13:00,14:00,0
16.05.2018,14:00,15:00,0
16.05.2018,15:00,16:00,0
16.05.2018,16:00,17:00,0
16.05.2018,17:00,18:00,0
16.05.2018,18:00,19:00,0
16.05.2018,19:00,20:00,0
16.05.2018,20:00,21:00,0
16.05.2018,21:00,22:00,0
16.05.2018,22:00,23:00,0
16.05.2018,23:00,00:00,0
17.05.2018,00:00,01:00,0
17.05.2018,01:00,02:00,0
17.05.2018,02:00,03:00,0
17.05.2018,03:00,04:00,0
17.05.2018,04:00,05:00,0
17.05.2018,05:00,06:00,0
17.05.2018,06:00,07:00,0
17.05.2018,07:00,08:00,0
17.05.2018,08:00,09:00,0
17.05.2018,09:00,10:00,0
17.05.2018,10:00,11:00,0
17.05.2018,11:00,12:00,0
17.05.2018,12:00,13:00,0
17.05.2018,13:00,14:00,0
17.05.2018,14:00,15:00,0
17.05.2018,15:00,16:00,0
17.05.2018,16:00,17:00,0
17.05.2018,17:00,18:00,0
17.05.2018,18:00,19:00,0
17.05.2018,19:00,20:00,0
17.05.2018,20:00,21:00,0
17.05.2018,21:00,22:00,0
17.05.2018,22:00,23:00,0
17.05.2018,23:00,00:00,0
18.05.2018,00:00,01:00,0
18.05.2018,01:00,02:00,0
18.05.2018,02:00,03:00,0
18.05.2018,03:00,04:00,0
18.05.2018,04:00,05:00,0
18.05.2018,05:00,06:00,0
18.05.2018,06:00,07:00,0
18.05.2018,07:00,08:00,0
18.05.2018,08:00,09:00,0
18.05.2018,09:00,10:00,0
18.05.2018,10:00,11:00,0
18.05.2018,11:00,12:00,0
18.05.2018,12:00,13:00,0
18.05.2018,13:00,14:00,0
18.05.2018,14:00,15:00,0
18.05.2018,15:00,16:00,0
18.05.2018,16:00,17:00,0
18.05.2018,17:00,18:00,0
18.05.2018,18:00,19:00,0
18.05.2018,19:00,20:00,0
18.05.2018,20:00,21:00,0
18.05.2018,21:00,22:00,0
18.05.2018,22:00,23:00,0
18.05.2018,23:00,00:00,0
19.05.2018,00:00,01:00,0
19.05.2018,01:00,02:00,0
19.05.2018,02:00,03:00,0
19.05.2018,03:00,04:00,0
19.05.2018,04:00,05:00,0
19.05.2018,05:00,06:00,0
19.05.2018,06:00,07:00,0
19.05.2018,07:00,08:00,0
19.05.2018,08:00,09:00,0
19.05.2018,09:00,10:00,0
19.05.2018,10:00,11:00,0
19.05.2018,11:00,12:00,0
19.05.2018,12:00,13:00,0
19.05.2018,13:00,14:00,0
19.05.2018,14:00,15:00,0
19.05.2018,15:00,16:00,0
19.05.2018,16:00,17:00,0
19.05.2018,17:00,18:00,0
19.05.2018,18:00,19:00,0
19.05.2018,19:00,20:00,0
19.05.2018,20:00,21:00,0
19.05.2018,21:00,22:00,0
19.05.2018,22:00,23:00,0
19.05.2018,23:00,00:00,0
20.05.2018,00:00,01:00,0
20.05.2018,01:00,02:00,0
20.05.2018,02:00,03:00,0
20.05.2018,03:00,04:00,0
20.05.2018,04:00,05:00,0
20.05.2018,05:00,06:00,0
20.05.2018,06:00,07:00,0
20.05.2018,07:00,08:00,0
20.05.2018,08:00,09:00,0
20.05.2018,09:00,10:00,0
20.05.2018,10:00,11:00,0
20.05.2018,11:00,12:00,0
20.05.2018,12:00,13:00,0
20.05.2018,13:00,14:00,0
20.05.2018,14:00,15:00,0
20.05.2018,15:00,16:00,0
20.05.2018,16:00,17:00,0
20.05.2018,17:00,18:00,0
20.05.2018,18:00,19:00,0
20.05.2018,19:00,20:00,0
20.05.2018,20:00,21:00,0
20.05.2018,21:00,22:00,0
20.05.2018,22:00,23:00,0
20.05.2018,23:00,00:00,0
21.05.2018,00:00,01:00,0
21.05.2018,01:00,02:00,0
21.05.2018,02:00,03:00,0
21.05.2018,03:00,04:00,0
21.05.2018,04:00,05:00,0
21.05.2018,05:00,06:00,0
21.05.2018,06:00,07:00,0
21.05.2018,07:00,08:00,0
21.05.2018,08:00,09:00,0
21.05.2018,09:00,10:00,0
21.05.2018,10:00,11:00,0
21.05.2018,11:00,12:00,0
21.05.2018,12:00,13:00,0
21.05.2018,13:00,14:00,0
21.05.2018,14:00,15:00,0
21.05.2018,15:00,16:00,0
21.05.2018,16:00,17:00,0
21.05.2018,17:00,18:00,0
21.05.2018,18:00,19:00,0
21.05.2018,19:00,20:00,0
21.05.2018,20:00,21:00,0
21.05.2018,21:00,22:00,0
21.05.2018,22:00,23:00,0
21.05.2018,23:00,00:00,0
22.05.2018,00:00,01:00,0
22.05.2018,01:00,02:00,0
22.05.2018,02:00,03:00,0
22.05.2018,03:00,04:00,0
22.05.2018,04:00,05:00,0
22.05.2018,05:00,06:00,0
22.05.2018,06:00,07:00,0
22.05.2018,07:00,08:00,0
22.05.2018,08:00,09:00,0
22.05.2018,09:00,10:00,0
22.05.2018,10:00,11:00,0
22.05.2018,11:00,12:00,0
22.05.2018,12:00,13:00,0
22.05.2018,13:00,14:00,0
22.05.2018,14:00,15:00,0
22.05.2018,15:00,16:00,0
22.05.2018,16:00,17:00,0
22.05.2018,17:00,18:00,0
22.05.2018,18:00,19:00,0
22.05.2018,19:00,20:00,0
22.05.2018,20:00,21:00,0
22.05.2018,21:00,22:00,0
22.05.2018,22:00,23:00,0
22.05.2018,23:00,00:00,0
23.05.2018,00:00,01:00,0
23.05.2018,01:00,02:00,0
23.05.2018,02:00,03:00,0
23.05.2018,03:00,04:00,0
23.05.2018,04:00,05:00,0
23.05.2018,05:00,06:00,0
23.05.2018,06:00,07:00,0
23.05.2018,07:00,08:00,0
23.05.2018,08:00,09:00,0
23.05.2018,09:00,10:00,0
23.05.2018,10:00,11:00,0
23.05.2018,11:00,12:00,0
23.05.2018,12:00,13:00,0
23.05.2018,13:00,14:00,0
23.05.2018,14:00,15:00,0
23.05.2018,15:00,16:00,0
23.05.2018,16:00,17:00,0
23.05.2018,17:00,18:00,0
23.05.2018,18:00,19:00,0
23.05.2018,19:00,20:00,0
23.05.2018,20:00,21:00,0
23.05.2018,21:00,22:00,0
23.05.2018,22:00,23:00,0
23.05.2018,23:00,00:00,0
24.05.2018,00:00,01:00,0
24.05.2018,01:00,02:00,0
24.05.2018,02:00,03:00,0
24.05.2018,03:00,04:00,0
24.05.2018,04:00,05:00,0
24.05.2018,05:00,06:00,0
24.05.2018,06:00,07:00,0
24.05.2018,07:00,08:00,0
24.05.2018,08:00,09:00,0
24.05.2018,09:00,10:00,0
24.05.2018,10:00,11:00,0
24.05.2018,11:00,12:00,0
24.05.2018,12:00,13:00,0
24.05.2018,13:00,14:00,0
24.05.2018,14:00,15:00,0
24.05.2018,15:00,16:00,0
24.05.2018,16:00,17:00,0
24.05.2018,17:00,18:00,0
24.05.2018,18:00,19:00,0
24.05.2018,19:00,20:00,0
24.05.2018,20:00,21:00,0
24.05.2018,21:00,22:00,0
24.05.2018,22:00,23:00,0
24.05.2018,23:00,00:00,0
25.05.2018,00:00,01:00,0
25.05.2018,01:00,02:00,0
25.05.2018,02:00,03:00,0
25.05.2018,03:00,04:00,0
25.05.2018,04:00,05:00,0
25.05.2018,05:00,06:00,0
25.05.2018,06:00,07:00,0
25.05.2018,07:00,08:00,0
25.05.2018,08:00,09:00,0
25.05.2018,09:00,10:00,0
25.05.2018,10:00,11:00,0
25.05.2018,11:00,12:00,0
25.05.2018,12:00,13:00,0
25.05.2018,13:00,14:00,0
25.05.2018,14:00,15:00,0
25.05.2018,15:00,16:00,0
25.05.2018,16:00,17:00,0
25.05.2018,17:00,18:00,0
25.05.2018,18:00,19:00,0
25.05.2018,19:00,20:00,0
25.05.2018,20:00,21:00,0
25.05.2018,21:00,22:00,0
25.05.2018,22:00,23:00,0
25.05.2018,23:00,00:00,0
26.05.2018,00:00,01:00,0
26.05.2018,01:00,02:00,0
26.05.2018,02:00,03:00,0
26.05.2018,03:00,04:00,0
26.05.2018,04:00,05:00,0
26.05.2018,05:00,06:00,0
26.05.2018,06:00,07:00,0
26.05.2018,07:00,08:00,0
26.05.2018,08:00,09:00,0
26.05.2018,09:00,10:00,0
26.05.2018,10:00,11:00,0
26.05.2018,11:00,12:00,0
26.05.2018,12:00,13:00,0
26.05.2018,13:00,14:00,0
26.05.2018,14:00,15:00,0
26.05.2018,15:00,16:00,0
26.05.2018,16:00,17:00,0
26.05.2018,17:00,18:00,0
26.05.2018,18:00,19:00,0
26.05.2018,19:00,20:00,0
26.05.2018,20:00,21:00,0
26.05.2018,21:00,22:00,0
26.05.2018,22:00,23:00,0
26.05.2018,23:00,00:00,0
27.05.2018,00:00,01:00,0
27.05.2018,01:00,02:00,0
27.05.2018,02:00,03:00,0
27.05.2018,03:00,04:00,0
27.05.2018,04:00,05:00,0
27.05.2018,05:00,06:00,0
27.05.2018,06:00,07:00,0
27.05.2018,07:00,08:00,0
27.05.2018,08:00,09:00,0
27.05.2018,09:00,10:00,0
27.05.2018,10:00,11:00,0
27.05.2018,11:00,12:00,0
27.05.2018,12:00,13:00,0
27.05.2018,13:00,14:00,0
27.05.2018,14:00,15:00,0
27.05.2018,15:00,16:00,0
27.05.2018,16:00,17:00,0
27.05.2018,17:00,18:00,0
27.05.2018,18:00,19:00,0
27.05.2018,19:00,20:00,0
27.05.2018,20:00,21:00,0
27.05.2018,21:00,22:00,0
27.05.2018,22:00,23:00,0
27.05.2018,23:00,00:00,0
28.05.2018,00:00,01:00,0
28.05.2018,01:00,02:00,0
28.05.2018,02:00,03:00,0
28.05.2018,03:00,04:00,0
28.05.2018,04:00,05:00,0
28.05.2018,05:00,06:00,0
28.05.2018,06:00,07:00,0
28.05.2018,07:00,08:00,0
28.05.2018,08:00,09:00,0
28.05.2018,09:00,10:00,0
28.05.2018,10:00,11:00,0
28.05.2018,11:00,12:00,0
28.05.2018,12:00,13:00,0
28.05.2018,13:00,14:00,0
28.05.2018,14:00,15:00,0
28.05.2018,15:00,16:00,0
28.05.2018,16:00,17:00,0
28.05.2018,17:00,18:00,0
28.05.2018,18:00,19:00,0
28.05.2018,19:00,20:00,0
28.05.2018,20:00,21:00,0
28.05.2018,21:00,22:00,0
28.05.2018,22:00,23:00,0
28.05.2018,23:00,00:00,0
29.05.2018,00:00,01:00,0
29.05.2018,01:00,02:00,0
29.05.2018,02:00,03:00,0
29.05.2018,03:00,04:00,0
29.05.2018,04:00,05:00,0
29.05.2018,05:00,06:00,0
29.05.2018,06:00,07:00,0
29.05.2018,07:00,08:00,0
29.05.2018,08:00,09:00,0
29.05.2018,09:00,10:00,0
29.05.2018,10:00,11:00,0
29.05.2018,11:00,12:00,0
29.05.2018,12:00,13:00,0
29.05.2018,13:00,14:00,0
29.05.2018,14:00,15:00,0
29.05.2018,15:00,16:00,0
29.05.2018,16:00,17:00,0
29.05.2018,17:00,18:00,0
29.05.2018,18:00,19:00,0
29.05.2018,19:00,20:00,0
29.05.2018,20:00,21:00,0
29.05.2018,21:00,22:00,0
29.05.2018,22:00,23:00,0
29.05.2018,23:00,00:00,0
30.05.2018,00:00,01:00,0
30.05.2018,01:00,02:00,0
30.05.2018,02:00,03:00,0
30.05.2018,03:00,04:00,0
30.05.2018,04:00,05:00,0
30.05.2018,05:00,06:00,0
30.05.2018,06:00,07:00,0
30.05.2018,07:00,08:00,0
30.05.2018,08:00,09:00,0
30.05.2018,09:00,10:00,0
30.05.2018,10:00,11:00,0
30.05.2018,11:00,12:00,0
30.05.2018,12:00,13:00,0
30.05.2018,13:00,14:00,0
30.05.2018,14:00,15:00,0
30.05.2018,15:00,16:00,0
30.05.2018,16:00,17:00,0
30.05.2018,17:00,18:00,0
30.05.2018,18:00,19:00,0
30.05.2018,19:00,20:00,0
30.05.2018,20:00,21:00,0
30.05.2018,21:00,22:00,0
30.05.2018,22:00,23:00,0
30.05.2018,23:00,00:00,0
31.05.2018,00:00,01:00,0
31.05.2018,01:00,02:00,0
31.05.2018,02:00,03:00,0
31.05.2018,03:00,04:00,0
31.05.2018,04:00,05:00,0
31.05.2018,05:00,06:00,0
31.05.2018,06:00,07:00,0
31.05.2018,07:00,08:00,0
31.05.2018,08:00,09:00,0
31.05.2018,09:00,10:00,0
31.05.2018,10:00,11:00,0
31.05.2018,11:00,12:00,0
31.05.2018,12:00,13:00,0
31.05.2018,13:00,14:00,0
31.05.2018,14:00,15:00,0
31.05.2018,15:00,16:00,0
31.05.2018,16:00,17:00,0
31.05.2018,17:00,18:00,0
31.05.2018,18:00,19:00,0
31.05.2018,19:00,20:00,0
31.05.2018,20:00,21:00,0
31.05.2018,21:00,22:00,0
31.05.2018,22:00,23:00,0
31.05.2018,23:00,00:00,0
01.06.2018,00:00,01:00,0
01.06.2018,01:00,02:00,0
01.06.2018,02:00,03:00,0
01.06.2018,03:00,04:00,0
01.06.2018,04:00,05:00,0
01.06.2018,05:00,06:00,0
01.06.2018,06:00,07:00,0
01.06.2018,07:00,08:00,0
01.06.2018,08:00,09:00,0
01.06.2018,09:00,10:00,0
01.06.2018,10:00,11:00,0
01.06.2018,11:00,12:00,0
01.06.2018,12:00,13:00,0
01.06.2018,13:00,14:00,0
01.06.2018,14:00,15:00,0
01.06.2018,15:00,16:00,0
01.06.2018,16:00,17:00,0
01.06.2018,17:00,18:00,0
01.06.2018,18:00,19:00,0
01.06.2018,19:00,20:00,0
01.06.2018,20:00,21:00,0
01.06.2018,21:00,22:00,0
01.06.2018,22:00,23:00,0
01.06.2018,23:00,00:00,0
02.06.2018,00:00,01:00,0
02.06.2018,01:00,02:00,0
02.06.2018,02:00,03:00,0
02.06.2018,03:00,04:00,0
02.06.2018,04:00,05:00,0
02.06.2018,05:00,06:00,0
02.06.2018,06:00,07:00,0
02.06.2018,07:00,08:00,0
02.06.2018,08:00,09:00,0
02.06.2018,09:00,10:00,0
02.06.2018,10:00,11:00,0
02.06.2018,11:00,12:00,0
02.06.2018,12:00,13:00,0
02.06.2018,13:00,14:00,0
02.06.2018,14:00,15:00,0
02.06.2018,15:00,16:00,0
02.06.2018,16:00,17:00,0
02.06.2018,17:00,18:00,0
02.06.2018,18:00,19:00,0
02.06.2018,19:00,20:00,0
02.06.2018,20:00,21:00,0
02.06.2018,21:00,22:00,0
02.06.2018,22:00,23:00,0
02.06.2018,23:00,00:00,0
03.06.2018,00:00,01:00,0
03.06.2018,01:00,02:00,0
03.06.2018,02:00,03:00,0
03.06.2018,03:00,04:00,0
03.06.2018,04:00,05:00,0
03.06.2018,05:00,06:00,0
03.06.2018,06:00,07:00,0
03.06.2018,07:00,08:00,0
03.06.2018,08:00,09:00,0
03.06.2018,09:00,10:00,0
03.06.2018,10:00,11:00,0
03.06.2018,11:00,12:00,0
03.06.2018,12:00,13:00,0
03.06.2018,13:00,14:00,0
03.06.2018,14:00,15:00,0
03.06.2018,15:00,16:00,0
03.06.2018,16:00,17:00,0
03.06.2018,17:00,18:00,0
03.06.2018,18:00,19:00,0
03.06.2018,19:00,20:00,0
03.06.2018,20:00,21:00,0
03.06.2018,21:00,22:00,0
03.06.2018,22:00,23:00,0
03.06.2018,23:00,00:00,0
04.06.2018,00:00,01:00,0
04.06.2018,01:00,02:00,0
04.06.2018,02:00,03:00,0
04.06.2018,03:00,04:00,0
04.06.2018,04:00,05:00,0
04.06.2018,05:00,06:00,0
04.06.2018,06:00,07:00,0
04.06.2018,07:00,08:00,0
04.06.2018,08:00,09:00,0
04.06.2018,09:00,10:00,0
04.06.2018,10:00,11:00,0
04.06.2018,11:00,12:00,0
04.06.2018,12:00,13:00,0
04.06.2018,13:00,14:00,0
04.06.2018,14:00,15:00,0
04.06.2018,15:00,16:00,0
04.06.2018,16:00,17:00,0
04.06.2018,17:00,18:00,0
04.06.2018,18:00,19:00,0
04.06.2018,19:00,20:00,0
04.06.2018,20:00,21:00,0
04.06.2018,21:00,22:00,0
04.06.2018,22:00,23:00,0
04.06.2018,23:00,00:00,0
05.06.2018,00:00,01:00,0
05.06.2018,01:00,02:00,0
05.06.2018,02:00,03:00,0
05.06.2018,03:00,04:00,0
05.06.2018,04:00,05:00,0
05.06.2018,05:00,06:00,0
05.06.2018,06:00,07:00,0
05.06.2018,07:00,08:00,0
05.06.2018,08:00,09:00,0
05.06.2018,09:00,10:00,0
05.06.2018,10:00,11:00,0
05.06.2018,11:00,12:00,0
05.06.2018,12:00,13:00,0
05.06.2018,13:00,14:00,0
05.06.2018,14:00,15:00,0
05.06.2018,15:00,16:00,0
05.06.2018,16:00,17:00,0
05.06.2018,17:00,18:00,0
05.06.2018,18:00,19:00,0
05.06.2018,19:00,20:00,0
05.06.2018,20:00,21:00,0
05.06.2018,21:00,22:00,0
05.06.2018,22:00,23:00,0
05.06.2018,23:00,00:00,0
06.06.2018,00:00,01:00,0
06.06.2018,01:00,02:00,0
06.06.2018,02:00,03:00,0
06.06.2018,03:00,04:00,0
06.06.2018,04:00,05:00,0
06.06.2018,05:00,06:00,0
06.06.2018,06:00,07:00,0
06.06.2018,07:00,08:00,0
06.06.2018,08:00,09:00,0
06.06.2018,09:00,10:00,0
06.06.2018,10:00,11:00,0
06.06.2018,11:00,12:00,0
06.06.2018,12:00,13:00,0
06.06.2018,13:00,14:00,0
06.06.2018,14:00,15:00,0
06.06.2018,15:00,16:00,0
06.06.2018,16:00,17:00,0
06.06.2018,17:00,18:00,0
06.06.2018,18:00,19:00,0
06.06.2018,19:00,20:00,0
06.06.2018,20:00,21:00,0
06.06.2018,21:00,22:00,0
06.06.2018,22:00,23:00,0
06.06.2018,23:00,00:00,0
07.06.2018,00:00,01:00,0
07.06.2018,01:00,02:00,0
07.06.2018,02:00,03:00,0
07.06.2018,03:00,04:00,0
07.06.2018,04:00,05:00,0
07.06.2018,05:00,06:00,0
07.06.2018,06:00,07:00,0
07.06.2018,07:00,08:00,0
07.06.2018,08:00,09:00,0
07.06.2018,09:00,10:00,0
07.06.2018,10:00,11:00,0
07.06.2018,11:00,12:00,0
07.06.2018,12:00,13:00,0
07.06.2018,13:00,14:00,0
07.06.2018,14:00,15:00,0
07.06.2018,15:00,16:00,0
07.06.2018,16:00,17:00,0
07.06.2018,17:00,18:00,0
07.06.2018,18:00,19:00,0
07.06.2018,19:00,20:00,0
07.06.2018,20:00,21:00,0
07.06.2018,21:00,22:00,0
07.06.2018,22:00,23:00,0
07.06.2018,23:00,00:00,0
08.06.2018,00:00,01:00,0
08.06.2018,01:00,02:00,0
08.06.2018,02:00,03:00,0
08.06.2018,03:00,04:00,0
08.06.2018,04:00,05:00,0
08.06.2018,05:00,06:00,0
08.06.2018,06:00,07:00,0
08.06.2018,07:00,08:00,0
08.06.2018,08:00,09:00,0
08.06.2018,09:00,10:00,0
08.06.2018,10:00,11:00,0
08.06.2018,11:00,12:00,0
08.06.2018,12:00,13:00,0
08.06.2018,13:00,14:00,0
08.06.2018,14:00,15:00,0
08.06.2018,15:00,16:00,0
08.06.2018,16:00,17:00,0
08.06.2018,17:00,18:00,0
08.06.2018,18:00,19:00,0
08.06.2018,19:00,20:00,0
08.06.2018,20:00,21:00,0
08.06.2018,21:00,22:00,0
08.06.2018,22:00,23:00,0
08.06.2018,23:00,00:00,0
09.06.2018,00:00,01:00,0
09.06.2018,01:00,02:00,0
09.06.2018,02:00,03:00,0
09.06.2018,03:00,04:00,0
09.06.2018,04:00,05:00,0
09.06.2018,05:00,06:00,0
09.06.2018,06:00,07:00,0
09.06.2018,07:00,08:00,0
09.06.2018,08:00,09:00,0
09.06.2018,09:00,10:00,0
09.06.2018,10:00,11:00,0
09.06.2018,11:00,12:00,0
09.06.2018,12:00,13:00,0
09.06.2018,13:00,14:00,0
09.06.2018,14:00,15:00,0
09.06.2018,15:00,16:00,0
09.06.2018,16:00,17:00,0
09.06.2018,17:00,18:00,0
09.06.2018,18:00,19:00,0
09.06.2018,19:00,20:00,0
09.06.2018,20:00,21:00,0
09.06.2018,21:00,22:00,0
09.06.2018,22:00,23:00,0
09.06.2018,23:00,00:00,0
10.06.2018,00:00,01:00,0
10.06.2018,01:00,02:00,0
10.06.2018,02:00,03:00,0
10.06.2018,03:00,04:00,0
10.06.2018,04:00,05:00,0
10.06.2018,05:00,06:00,0
10.06.2018,06:00,07:00,0
10.06.2018,07:00,08:00,0
10.06.2018,08:00,09:00,0
10.06.2018,09:00,10:00,0
10.06.2018,10:00,11:00,0
10.06.2018,11:00,12:00,0
10.06.2018,12:00,13:00,0
10.06.2018,13:00,14:00,0
10.06.2018,14:00,15:00,0
10.06.2018,15:00,16:00,0
10.06.2018,16:00,17:00,0
10.06.2018,17:00,18:00,0
10.06.2018,18:00,19:00,0
10.06.2018,19:00,20:00,0
10.06.2018,20:00,21:00,0
10.06.2018,21:00,22:00,0
10.06.2018,22:00,23:00,0
10.06.2018,23:00,00:00,0
11.06.2018,00:00,01:00,0
11.06.2018,01:00,02:00,0
11.06.2018,02:00,03:00,0
11.06.2018,03:00,04:00,0
11.06.2018,04:00,05:00,0
11.06.2018,05:00,06:00,0
11.06.2018,06:00,07:00,0
11.06.2018,07:00,08:00,0
11.06.2018,08:00,09:00,0
11.06.2018,09:00,10:00,0
11.06.2018,10:00,11:00,0
11.06.2018,11:00,12:00,0
11.06.2018,12:00,13:00,0
11.06.2018,13:00,14:00,0
11.06.2018,14:00,15:00,0
11.06.2018,15:00,16:00,0
11.06.2018,16:00,17:00,0
11.06.2018,17:00,18:00,0
11.06.2018,18:00,19:00,0
11.06.2018,19:00,20:00,0
11.06.2018,20:00,21:00,0
11.06.2018,21:00,22:00,0
11.06.2018,22:00,23:00,0
11.06.2018,23:00,00:00,0
12.06.2018,00:00,01:00,0
12.06.2018,01:00,02:00,0
12.06.2018,02:00,03:00,0
12.06.2018,03:00,04:00,0
12.06.2018,04:00,05:00,0
12.06.2018,05:00,06:00,0
12.06.2018,06:00,07:00,0
12.06.2018,07:00,08:00,0
12.06.2018,08:00,09:00,0
12.06.2018,09:00,10:00,0
12.06.2018,10:00,11:00,0
12.06.2018,11:00,12:00,0
12.06.2018,12:00,13:00,0
12.06.2018,13:00,14:00,0
12.06.2018,14:00,15:00,0
12.06.2018,15:00,16:00,0
12.06.2018,16:00,17:00,0
12.06.2018,17:00,18:00,0
12.06.2018,18:00,19:00,0
12.06.2018,19:00,20:00,0
12.06.2018,20:00,21:00,0
12.06.2018,21:00,22:00,0
12.06.2018,22:00,23:00,0
12.06.2018,23:00,00:00,0
13.06.2018,00:00,01:00,0
13.06.2018,01:00,02:00,0
13.06.2018,02:00,03:00,0
13.06.2018,03:00,04:00,0
13.06.2018,04:00,05:00,0
13.06.2018,05:00,06:00,0
13.06.2018,06:00,07:00,0
13.06.2018,07:00,08:00,0
13.06.2018,08:00,09:00,0
13.06.2018,09:00,10:00,0
13.06.2018,10:00,11:00,0
13.06.2018,11:00,12:00,0
13.06.2018,12:00,13:00,0
13.06.2018,13:00,14:00,0
13.06.2018,14:00,15:00,0
13.06.2018,15:00,16:00,0
13.06.2018,16:00,17:00,0
13.06.2018,17:00,18:00,0
13.06.2018,18:00,19:00,0
13.06.2018,19:00,20:00,0
13.06.2018,20:00,21:00,0
13.06.2018,21:00,22:00,0
13.06.2018,22:00,23:00,0
13.06.2018,23:00,00:00,0
14.06.2018,00:00,01:00,0
14.06.2018,01:00,02:00,0
14.06.2018,02:00,03:00,0
14.06.2018,03:00,04:00,0
14.06.2018,04:00,05:00,0
14.06.2018,05:00,06:00,0
14.06.2018,06:00,07:00,0
14.06.2018,07:00,08:00,0
14.06.2018,08:00,09:00,0
14.06.2018,09:00,10:00,0
14.06.2018,10:00,11:00,0
14.06.2018,11:00,12:00,0
14.06.2018,12:00,13:00,0
14.06.2018,13:00,14:00,0
14.06.2018,14:00,15:00,0
14.06.2018,15:00,16:00,0
14.06.2018,16:00,17:00,0
14.06.2018,17:00,18:00,0
14.06.2018,18:00,19:00,0
14.06.2018,19:00,20:00,0
14.06.2018,20:00,21:00,0
14.06.2018,21:00,22:00,0
14.06.2018,22:00,23:00,0
14.06.2018,23:00,00:00,0
15.06.2018,00:00,01:00,0
15.06.2018,01:00,02:00,0
15.06.2018,02:00,03:00,0
15.06.2018,03:00,04:00,0
15.06.2018,04:00,05:00,0
15.06.2018,05:00,06:00,0
15.06.2018,06:00,07:00,0
15.06.2018,07:00,08:00,0
15.06.2018,08:00,09:00,0
15.06.2018,09:00,10:00,0
15.06.2018,10:00,11:00,0
15.06.2018,11:00,12:00,0
15.06.2018,12:00,13:00,0
15.06.2018,13:00,14:00,0
15.06.2018,14:00,15:00,0
15.06.2018,15:00,16:00,0
15.06.2018,16:00,17:00,0
15.06.2018,17:00,18:00,0
15.06.2018,18:00,19:00,0
15.06.2018,19:00,20:00,0
15.06.2018,20:00,21:00,0
15.06.2018,21:00,22:00,0
15.06.2018,22:00,23:00,0
15.06.2018,23:00,00:00,0
16.06.2018,00:00,01:00,0
16.06.2018,01:00,02:00,0
16.06.2018,02:00,03:00,0
16.06.2018,03:00,04:00,0
16.06.2018,04:00,05:00,0
16.06.2018,05:00,06:00,0
16.06.2018,06:00,07:00,0
16.06.2018,07:00,08:00,0
16.06.2018,08:00,09:00,0
16.06.2018,09:00,10:00,0
16.06.2018,10:00,11:00,0
16.06.2018,11:00,12:00,0
16.06.2018,12:00,13:00,0
16.06.2018,13:00,14:00,0
16.06.2018,14:00,15:00,0
16.06.2018,15:00,16:00,0
16.06.2018,16:00,17:00,0
16.06.2018,17:00,18:00,0
16.06.2018,18:00,19:00,0
16.06.2018,19:00,20:00,0
16.06.2018,20:00,21:00,0
16.06.2018,21:00,22:00,0
16.06.2018,22:00,23:00,0
16.06.2018,23:00,00:00,0
17.06.2018,00:00,01:00,0
17.06.2018,01:00,02:00,0
17.06.2018,02:00,03:00,0
17.06.2018,03:00,04:00,0
17.06.2018,04:00,05:00,0
17.06.2018,05:00,06:00,0
17.06.2018,06:00,07:00,0
17.06.2018,07:00,08:00,0
17.06.2018,08:00,09:00,0
17.06.2018,09:00,10:00,0
17.06.2018,10:00,11:00,0
17.06.2018,11:00,12:00,0
17.06.2018,12:00,13:00,0
17.06.2018,13:00,14:00,0
17.06.2018,14:00,15:00,0
17.06.2018,15:00,16:00,0
17.06.2018,16:00,17:00,0
17.06.2018,17:00,18:00,0
17.06.2018,18:00,19:00,0
17.06.2018,19:00,20:00,0
17.06.2018,20:00,21:00,0
17.06.2018,21:00,22:00,0
17.06.2018,22:00,23:00,0
17.06.2018,23:00,00:00,0
18.06.2018,00:00,01:00,0
18.06.2018,01:00,02:00,0
18.06.2018,02:00,03:00,0
18.06.2018,03:00,04:00,0
18.06.2018,04:00,05:00,0
18.06.2018,05:00,06:00,0
18.06.2018,06:00,07:00,0
18.06.2018,07:00,08:00,0
18.06.2018,08:00,09:00,0
18.06.2018,09:00,10:00,0
18.06.2018,10:00,11:00,0
18.06.2018,11:00,12:00,0
18.06.2018,12:00,13:00,0
18.06.2018,13:00,14:00,0
18.06.2018,14:00,15:00,0
18.06.2018,15:00,16:00,0
18.06.2018,16:00,17:00,0
18.06.2018,17:00,18:00,0
18.06.2018,18:00,19:00,0
18.06.2018,19:00,20:00,0
18.06.2018,20:00,21:00,0
18.06.2018,21:00,22:00,0
18.06.2018,22:00,23:00,0
18.06.2018,23:00,00:00,0
19.06.2018,00:00,01:00,0
19.06.2018,01:00,02:00,0
19.06.2018,02:00,03:00,0
19.06.2018,03:00,04:00,0
19.06.2018,04:00,05:00,0
19.06.2018,05:00,06:00,0
19.06.2018,06:00,07:00,0
19.06.2018,07:00,08:00,0
19.06.2018,08:00,09:00,0
19.06.2018,09:00,10:00,0
19.06.2018,10:00,11:00,0
19.06.2018,11:00,12:00,0
19.06.2018,12:00,13:00,0
19.06.2018,13:00,14:00,0
19.06.2018,14:00,15:00,0
19.06.2018,15:00,16:00,0
19.06.2018,16:00,17:00,0
19.06.2018,17:00,18:00,0
19.06.2018,18:00,19:00,0
19.06.2018,19:00,20:00,0
19.06.2018,20:00,21:00,0
19.06.2018,21:00,22:00,0
19.06.2018,22:00,23:00,0
19.06.2018,23:00,00:00,0
20.06.2018,00:00,01:00,0
20.06.2018,01:00,02:00,0
20.06.2018,02:00,03:00,0
20.06.2018,03:00,04:00,0
20.06.2018,04:00,05:00,0
20.06.2018,05:00,06:00,0
20.06.2018,06:00,07:00,0
20.06.2018,07:00,08:00,0
20.06.2018,08:00,09:00,0
20.06.2018,09:00,10:00,0
20.06.2018,10:00,11:00,0
20.06.2018,11:00,12:00,0
20.06.2018,12:00,13:00,0
20.06.2018,13:00,14:00,0
20.06.2018,14:00,15:00,0
20.06.2018,15:00,16:00,0
20.06.2018,16:00,17:00,0
20.06.2018,17:00,18:00,0
20.06.2018,18:00,19:00,0
20.06.2018,19:00,20:00,0
20.06.2018,20:00,21:00,0
20.06.2018,21:00,22:00,0
20.06.2018,22:00,23:00,0
20.06.2018,23:00,00:00,0
21.06.2018,00:00,01:00,0
21.06.2018,01:00,02:00,0
21.06.2018,02:00,03:00,0
21.06.2018,03:00,04:00,0
21.06.2018,04:00,05:00,0
21.06.2018,05:00,06:00,0
21.06.2018,06:00,07:00,0
21.06.2018,07:00,08:00,0
21.06.2018,08:00,09:00,0
21.06.2018,09:00,10:00,0
21.06.2018,10:00,11:00,0
21.06.2018,11:00,12:00,0
21.06.2018,12:00,13:00,0
21.06.2018,13:00,14:00,0
21.06.2018,14:00,15:00,0
21.06.2018,15:00,16:00,0
21.06.2018,16:00,17:00,0
21.06.2018,17:00,18:00,0
21.06.2018,18:00,19:00,0
21.06.2018,19:00,20:00,0
21.06.2018,20:00,21:00,0
21.06.2018,21:00,22:00,0
21.06.2018,22:00,23:00,0
21.06.2018,23:00,00:00,0
22.06.2018,00:00,01:00,0
22.06.2018,01:00,02:00,0
22.06.2018,02:00,03:00,0
22.06.2018,03:00,04:00,0
22.06.2018,04:00,05:00,0
22.06.2018,05:00,06:00,0
22.06.2018,06:00,07:00,0
22.06.2018,07:00,08:00,0
22.06.2018,08:00,09:00,0
22.06.2018,09:00,10:00,0
22.06.2018,10:00,11:00,0
22.06.2018,11:00,12:00,0
22.06.2018,12:00,13:00,0
22.06.2018,13:00,14:00,0
22.06.2018,14:00,15:00,0
22.06.2018,15:00,16:00,0
22.06.2018,16:00,17:00,0
22.06.2018,17:00,18:00,0
22.06.2018,18:00,19:00,0
22.06.2018,19:00,20:00,0
22.06.2018,20:00,21:00,0
22.06.2018,21:00,22:00,0
22.06.2018,22:00,23:00,0
22.06.2018,23:00,00:00,0
23.06.2018,00:00,01:00,0
23.06.2018,01:00,02:00,0
23.06.2018,02:00,03:00,0
23.06.2018,03:00,04:00,0
23.06.2018,04:00,05:00,0
23.06.2018,05:00,06:00,0
23.06.2018,06:00,07:00,0
23.06.2018,07:00,08:00,0
23.06.2018,08:00,09:00,0
23.06.2018,09:00,10:00,0
23.06.2018,10:00,11:00,0
23.06.2018,11:00,12:00,0
23.06.2018,12:00,13:00,0
23.06.2018,13:00,14:00,0
23.06.2018,14:00,15:00,0
23.06.2018,15:00,16:00,0
23.06.2018,16:00,17:00,0
23.06.2018,17:00,18:00,0
23.06.2018,18:00,19:00,0
23.06.2018,19:00,20:00,0
23.06.2018,20:00,21:00,0
23.06.2018,21:00,22:00,0
23.06.2018,22:00,23:00,0
23.06.2018,23:00,00:00,0
24.06.2018,00:00,01:00,0
24.06.2018,01:00,02:00,0
24.06.2018,02:00,03:00,0
24.06.2018,03:00,04:00,0
24.06.2018,04:00,05:00,0
24.06.2018,05:00,06:00,0
24.06.2018,06:00,07:00,0
24.06.2018,07:00,08:00,0
24.06.2018,08:00,09:00,0
24.06.2018,09:00,10:00,0
24.06.2018,10:00,11:00,0
24.06.2018,11:00,12:00,0
24.06.2018,12:00,13:00,0
24.06.2018,13:00,14:00,0
24.06.2018,14:00,15:00,0
24.06.2018,15:00,16:00,0
24.06.2018,16:00,17:00,0
24.06.2018,17:00,18:00,0
24.06.2018,18:00,19:00,0
24.06.2018,19:00,20:00,0
24.06.2018,20:00,21:00,0
24.06.2018,21:00,22:00,0
24.06.2018,22:00,23:00,0
24.06.2018,23:00,00:00,0
25.06.2018,00:00,01:00,0
25.06.2018,01:00,02:00,0
25.06.2018,02:00,03:00,0
25.06.2018,03:00,04:00,0
25.06.2018,04:00,05:00,0
25.06.2018,05:00,06:00,0
25.06.2018,06:00,07:00,0
25.06.2018,07:00,08:00,0
25.06.2018,08:00,09:00,0
25.06.2018,09:00,10:00,0
25.06.2018,10:00,11:00,0
25.06.2018,11:00,12:00,0
25.06.2018,12:00,13:00,0
25.06.2018,13:00,14:00,0
25.06.2018,14:00,15:00,0
25.06.2018,15:00,16:00,0
25.06.2018,16:00,17:00,0
25.06.2018,17:00,18:00,0
25.06.2018,18:00,19:00,0
25.06.2018,19:00,20:00,0
25.06.2018,20:00,21:00,0
25.06.2018,21:00,22:00,0
25.06.2018,22:00,23:00,0
25.06.2018,23:00,00:00,0
26.06.2018,00:00,01:00,0
26.06.2018,01:00,02:00,0
26.06.2018,02:00,03:00,0
26.06.2018,03:00,04:00,0
26.06.2018,04:00,05:00,0
26.06.2018,05:00,06:00,0
26.06.2018,06:00,07:00,0
26.06.2018,07:00,08:00,0
26.06.2018,08:00,09:00,0
26.06.2018,09:00,10:00,0
26.06.2018,10:00,11:00,0
26.06.2018,11:00,12:00,0
26.06.2018,12:00,13:00,0
26.06.2018,13:00,14:00,0
26.06.2018,14:00,15:00,0
26.06.2018,15:00,16:00,0
26.06.2018,16:00,17:00,0
26.06.2018,17:00,18:00,0
26.06.2018,18:00,19:00,0
26.06.2018,19:00,20:00,0
26.06.2018,20:00,21:00,0
26.06.2018,21:00,22:00,0
26.06.2018,22:00,23:00,0
26.06.2018,23:00,00:00,0
27.06.2018,00:00,01:00,0
27.06.2018,01:00,02:00,0
27.06.2018,02:00,03:00,0
27.06.2018,03:00,04:00,0
27.06.2018,04:00,05:00,0
27.06.2018,05:00,06:00,0
27.06.2018,06:00,07:00,0
27.06.2018,07:00,08:00,0
27.06.2018,08:00,09:00,0
27.06.2018,09:00,10:00,0
27.06.2018,10:00,11:00,0
27.06.2018,11:00,12:00,0
27.06.2018,12:00,13:00,0
27.06.2018,13:00,14:00,0
27.06.2018,14:00,15:00,0
27.06.2018,15:00,16:00,0
27.06.2018,16:00,17:00,0
27.06.2018,17:00,18:00,0
27.06.2018,18:00,19:00,0
27.06.2018,19:00,20:00,0
27.06.2018,20:00,21:00,0
27.06.2018,21:00,22:00,0
27.06.2018,22:00,23:00,0
27.06.2018,23:00,00:00,0
28.06.2018,00:00,01:00,0
28.06.2018,01:00,02:00,0
28.06.2018,02:00,03:00,0
28.06.2018,03:00,04:00,0
28.06.2018,04:00,05:00,0
28.06.2018,05:00,06:00,0
28.06.2018,06:00,07:00,0
28.06.2018,07:00,08:00,0
28.06.2018,08:00,09:00,0
28.06.2018,09:00,10:00,0
28.06.2018,10:00,11:00,0
28.06.2018,11:00,12:00,0
28.06.2018,12:00,13:00,0
28.06.2018,13:00,14:00,0
28.06.2018,14:00,15:00,0
28.06.2018,15:00,16:00,0
28.06.2018,16:00,17:00,0
28.06.2018,17:00,18:00,0
28.06.2018,18:00,19:00,0
28.06.2018,19:00,20:00,0
28.06.2018,20:00,21:00,0
28.06.2018,21:00,22:00,0
28.06.2018,22:00,23:00,0
28.06.2018,23:00,00:00,0
29.06.2018,00:00,01:00,0
29.06.2018,01:00,02:00,0
29.06.2018,02:00,03:00,0
29.06.2018,03:00,04:00,0
29.06.2018,04:00,05:00,0
29.06.2018,05:00,06:00,0
29.06.2018,06:00,07:00,0
29.06.2018,07:00,08:00,0
29.06.2018,08:00,09:00,0
29.06.2018,09:00,10:00,0
29.06.2018,10:00,11:00,0
29.06.2018,11:00,12:00,0
29.06.2018,12:00,13:00,0
29.06.2018,13:00,14:00,0
29.06.2018,14:00,15:00,0
29.06.2018,15:00,16:00,0
29.06.2018,16:00,17:00,0
29.06.2018,17:00,18:00,0
29.06.2018,18:00,19:00,0
29.06.2018,19:00,20:00,0
29.06.2018,20:00,21:00,0
29.06.2018,21:00,22:00,0
29.06.2018,22:00,23:00,0
29.06.2018,23:00,00:00,0
30.06.2018,00:00,01:00,0
30.06.2018,01:00,02:00,0
30.06.2018,02:00,03:00,0
30.06.2018,03:00,04:00,0
30.06.2018,04:00,05:00,0
30.06.2018,05:00,06:00,0
30.06.2018,06:00,07:00,0
30.06.2018,07:00,08:00,0
30.06.2018,08:00,09:00,0
30.06.2018,09:00,10:00,0
30.06.2018,10:00,11:00,0
30.06.2018,11:00,12:00,0
30.06.2018,12:00,13:00,0
30.06.2018,13:00,14:00,0
30.06.2018,14:00,15:00,0
30.06.2018,15:00,16:00,0
30.06.2018,16:00,17:00,0
30.06.2018,17:00,18:00,0
30.06.2018,18:00,19:00,0
30.06.2018,19:00,20:00,0
30.06.2018,20:00,21:00,0
30.06.2018,21:00,22:00,0
30.06.2018,22:00,23:00,0
30.06.2018,23:00,00:00,0
01.07.2018,00:00,01:00,0
01.07.2018,01:00,02:00,0
01.07.2018,02:00,03:00,0
01.07.2018,03:00,04:00,0
01.07.2018,04:00,05:00,0
01.07.2018,05:00,06:00,0
01.07.2018,06:00,07:00,0
01.07.2018,07:00,08:00,0
01.07.2018,08:00,09:00,0
01.07.2018,09:00,10:00,0
01.07.2018,10:00,11:00,0
01.07.2018,11:00,12:00,0
01.07.2018,12:00,13:00,0
01.07.2018,13:00,14:00,0
01.07.2018,14:00,15:00,0
01.07.2018,15:00,16:00,0
01.07.2018,16:00,17:00,0
01.07.2018,17:00,18:00,0
01.07.2018,18:00,19:00,0
01.07.2018,19:00,20:00,0
01.07.2018,20:00,21:00,0
01.07.2018,21:00,22:00,0
01.07.2018,22:00,23:00,0
01.07.2018,23:00,00:00,0
02.07.2018,00:00,01:00,0
02.07.2018,01:00,02:00,0
02.07.2018,02:00,03:00,0
02.07.2018,03:00,04:00,0
02.07.2018,04:00,05:00,0
02.07.2018,05:00,06:00,0
02.07.2018,06:00,07:00,0
02.07.2018,07:00,08:00,0
02.07.2018,08:00,09:00,0
02.07.2018,09:00,10:00,0
02.07.2018,10:00,11:00,0
02.07.2018,11:00,12:00,0
02.07.2018,12:00,13:00,0
02.07.2018,13:00,14:00,0
02.07.2018,14:00,15:00,0
02.07.2018,15:00,16:00,0
02.07.2018,16:00,17:00,0
02.07.2018,17:00,18:00,0
02.07.2018,18:00,19:00,0
02.07.2018,19:00,20:00,0
02.07.2018,20:00,21:00,0
02.07.2018,21:00,22:00,0
02.07.2018,22:00,23:00,0
02.07.2018,23:00,00:00,0
03.07.2018,00:00,01:00,0
03.07.2018,01:00,02:00,0
03.07.2018,02:00,03:00,0
03.07.2018,03:00,04:00,0
03.07.2018,04:00,05:00,0
03.07.2018,05:00,06:00,0
03.07.2018,06:00,07:00,0
03.07.2018,07:00,08:00,0
03.07.2018,08:00,09:00,0
03.07.2018,09:00,10:00,0
03.07.2018,10:00,11:00,0
03.07.2018,11:00,12:00,0
03.07.2018,12:00,13:00,0
03.07.2018,13:00,14:00,0
03.07.2018,14:00,15:00,0
03.07.2018,15:00,16:00,0
03.07.2018,16:00,17:00,0
03.07.2018,17:00,18:00,0
03.07.2018,18:00,19:00,0
03.07.2018,19:00,20:00,0
03.07.2018,20:00,21:00,0
03.07.2018,21:00,22:00,0
03.07.2018,22:00,23:00,0
03.07.2018,23:00,00:00,0
04.07.2018,00:00,01:00,0
04.07.2018,01:00,02:00,0
04.07.2018,02:00,03:00,0
04.07.2018,03:00,04:00,0
04.07.2018,04:00,05:00,0
04.07.2018,05:00,06:00,0
04.07.2018,06:00,07:00,0
04.07.2018,07:00,08:00,0
04.07.2018,08:00,09:00,0
04.07.2018,09:00,10:00,0
04.07.2018,10:00,11:00,0
04.07.2018,11:00,12:00,0
04.07.2018,12:00,13:00,0
04.07.2018,13:00,14:00,0
04.07.2018,14:00,15:00,0
04.07.2018,15:00,16:00,0
04.07.2018,16:00,17:00,0
04.07.2018,17:00,18:00,0
04.07.2018,18:00,19:00,0
04.07.2018,19:00,20:00,0
04.07.2018,20:00,21:00,0
04.07.2018,21:00,22:00,0
04.07.2018,22:00,23:00,0
04.07.2018,23:00,00:00,0
05.07.2018,00:00,01:00,0
05.07.2018,01:00,02:00,0
05.07.2018,02:00,03:00,0
05.07.2018,03:00,04:00,0
05.07.2018,04:00,05:00,0
05.07.2018,05:00,06:00,0
05.07.2018,06:00,07:00,0
05.07.2018,07:00,08:00,0
05.07.2018,08:00,09:00,0
05.07.2018,09:00,10:00,0
05.07.2018,10:00,11:00,0
05.07.2018,11:00,12:00,0
05.07.2018,12:00,13:00,0
05.07.2018,13:00,14:00,0
05.07.2018,14:00,15:00,0
05.07.2018,15:00,16:00,0
05.07.2018,16:00,17:00,0
05.07.2018,17:00,18:00,0
05.07.2018,18:00,19:00,0
05.07.2018,19:00,20:00,0
05.07.2018,20:00,21:00,0
05.07.2018,21:00,22:00,0
05.07.2018,22:00,23:00,0
05.07.2018,23:00,00:00,0
06.07.2018,00:00,01:00,0
06.07.2018,01:00,02:00,0
06.07.2018,02:00,03:00,0
06.07.2018,03:00,04:00,0
06.07.2018,04:00,05:00,0
06.07.2018,05:00,06:00,0
06.07.2018,06:00,07:00,0
06.07.2018,07:00,08:00,0
06.07.2018,08:00,09:00,0
06.07.2018,09:00,10:00,0
06.07.2018,10:00,11:00,0
06.07.2018,11:00,12:00,0
06.07.2018,12:00,13:00,0
06.07.2018,13:00,14:00,0
06.07.2018,14:00,15:00,0
06.07.2018,15:00,16:00,0
06.07.2018,16:00,17:00,0
06.07.2018,17:00,18:00,0
06.07.2018,18:00,19:00,0
06.07.2018,19:00,20:00,0
06.07.2018,20:00,21:00,0
06.07.2018,21:00,22:00,0
06.07.2018,22:00,23:00,0
06.07.2018,23:00,00:00,0
07.07.2018,00:00,01:00,0
07.07.2018,01:00,02:00,0
07.07.2018,02:00,03:00,0
07.07.2018,03:00,04:00,0
07.07.2018,04:00,05:00,0
07.07.2018,05:00,06:00,0
07.07.2018,06:00,07:00,0
07.07.2018,07:00,08:00,0
07.07.2018,08:00,09:00,0
07.07.2018,09:00,10:00,0
07.07.2018,10:00,11:00,0
07.07.2018,11:00,12:00,0
07.07.2018,12:00,13:00,0
07.07.2018,13:00,14:00,0
07.07.2018,14:00,15:00,0
07.07.2018,15:00,16:00,0
07.07.2018,16:00,17:00,0
07.07.2018,17:00,18:00,0
07.07.2018,18:00,19:00,0
07.07.2018,19:00,20:00,0
07.07.2018,20:00,21:00,0
07.07.2018,21:00,22:00,0
07.07.2018,22:00,23:00,0
07.07.2018,23:00,00:00,0
08.07.2018,00:00,01:00,0
08.07.2018,01:00,02:00,0
08.07.2018,02:00,03:00,0
08.07.2018,03:00,04:00,0
08.07.2018,04:00,05:00,0
08.07.2018,05:00,06:00,0
08.07.2018,06:00,07:00,0
08.07.2018,07:00,08:00,0
08.07.2018,08:00,09:00,0
08.07.2018,09:00,10:00,0
08.07.2018,10:00,11:00,0
08.07.2018,11:00,12:00,0
08.07.2018,12:00,13:00,0
08.07.2018,13:00,14:00,0
08.07.2018,14:00,15:00,0
08.07.2018,15:00,16:00,0
08.07.2018,16:00,17:00,0
08.07.2018,17:00,18:00,0
08.07.2018,18:00,19:00,0
08.07.2018,19:00,20:00,0
08.07.2018,20:00,21:00,0
08.07.2018,21:00,22:00,0
08.07.2018,22:00,23:00,0
08.07.2018,23:00,00:00,0
09.07.2018,00:00,01:00,0
09.07.2018,01:00,02:00,0
09.07.2018,02:00,03:00,0
09.07.2018,03:00,04:00,0
09.07.2018,04:00,05:00,0
09.07.2018,05:00,06:00,0
09.07.2018,06:00,07:00,0
09.07.2018,07:00,08:00,0
09.07.2018,08:00,09:00,0
09.07.2018,09:00,10:00,0
09.07.2018,10:00,11:00,0
09.07.2018,11:00,12:00,0
09.07.2018,12:00,13:00,0
09.07.2018,13:00,14:00,0
09.07.2018,14:00,15:00,0
09.07.2018,15:00,16:00,0
09.07.2018,16:00,17:00,0
09.07.2018,17:00,18:00,0
09.07.2018,18:00,19:00,0
09.07.2018,19:00,20:00,0
09.07.2018,20:00,21:00,0
09.07.2018,21:00,22:00,0
09.07.2018,22:00,23:00,0
09.07.2018,23:00,00:00,0
10.07.2018,00:00,01:00,0
10.07.2018,01:00,02:00,0
10.07.2018,02:00,03:00,0
10.07.2018,03:00,04:00,0
10.07.2018,04:00,05:00,0
10.07.2018,05:00,06:00,0
10.07.2018,06:00,07:00,0
10.07.2018,07:00,08:00,0
10.07.2018,08:00,09:00,0
10.07.2018,09:00,10:00,0
10.07.2018,10:00,11:00,0
10.07.2018,11:00,12:00,0
10.07.2018,12:00,13:00,0
10.07.2018,13:00,14:00,0
10.07.2018,14:00,15:00,0
10.07.2018,15:00,16:00,0
10.07.2018,16:00,17:00,0
10.07.2018,17:00,18:00,0
10.07.2018,18:00,19:00,0
10.07.2018,19:00,20:00,0
10.07.2018,20:00,21:00,0
10.07.2018,21:00,22:00,0
10.07.2018,22:00,23:00,0
10.07.2018,23:00,00:00,0
11.07.2018,00:00,01:00,0
11.07.2018,01:00,02:00,0
11.07.2018,02:00,03:00,0
11.07.2018,03:00,04:00,0
11.07.2018,04:00,05:00,0
11.07.2018,05:00,06:00,0
11.07.2018,06:00,07:00,0
11.07.2018,07:00,08:00,0
11.07.2018,08:00,09:00,0
11.07.2018,09:00,10:00,0
11.07.2018,10:00,11:00,0
11.07.2018,11:00,12:00,0
11.07.2018,12:00,13:00,0
11.07.2018,13:00,14:00,0
11.07.2018,14:00,15:00,0
11.07.2018,15:00,16:00,0
11.07.2018,16:00,17:00,0
11.07.2018,17:00,18:00,0
11.07.2018,18:00,19:00,0
11.07.2018,19:00,20:00,0
11.07.2018,20:00,21:00,0
11.07.2018,21:00,22:00,0
11.07.2018,22:00,23:00,0
11.07.2018,23:00,00:00,0
12.07.2018,00:00,01:00,0
12.07.2018,01:00,02:00,0
12.07.2018,02:00,03:00,0
12.07.2018,03:00,04:00,0
12.07.2018,04:00,05:00,0
12.07.2018,05:00,06:00,0
12.07.2018,06:00,07:00,0
12.07.2018,07:00,08:00,0
12.07.2018,08:00,09:00,0
12.07.2018,09:00,10:00,0
12.07.2018,10:00,11:00,0
12.07.2018,11:00,12:00,0
12.07.2018,12:00,13:00,0
12.07.2018,13:00,14:00,0
12.07.2018,14:00,15:00,0
12.07.2018,15:00,16:00,0
12.07.2018,16:00,17:00,0
12.07.2018,17:00,18:00,0
12.07.2018,18:00,19:00,0
12.07.2018,19:00,20:00,0
12.07.2018,20:00,21:00,0
12.07.2018,21:00,22:00,0
12.07.2018,22:00,23:00,0
12.07.2018,23:00,00:00,0
13.07.2018,00:00,01:00,0
13.07.2018,01:00,02:00,0
13.07.2018,02:00,03:00,0
13.07.2018,03:00,04:00,0
13.07.2018,04:00,05:00,0
13.07.2018,05:00,06:00,0
13.07.2018,06:00,07:00,0
13.07.2018,07:00,08:00,0
13.07.2018,08:00,09:00,0
13.07.2018,09:00,10:00,0
13.07.2018,10:00,11:00,0
13.07.2018,11:00,12:00,0
13.07.2018,12:00,13:00,0
13.07.2018,13:00,14:00,0
13.07.2018,14:00,15:00,0
13.07.2018,15:00,16:00,0
13.07.2018,16:00,17:00,0
13.07.2018,17:00,18:00,0
13.07.2018,18:00,19:00,0
13.07.2018,19:00,20:00,0
13.07.2018,20:00,21:00,0
13.07.2018,21:00,22:00,0
13.07.2018,22:00,23:00,0
13.07.2018,23:00,00:00,0
14.07.2018,00:00,01:00,0
14.07.2018,01:00,02:00,0
14.07.2018,02:00,03:00,0
14.07.2018,03:00,04:00,0
14.07.2018,04:00,05:00,0
14.07.2018,05:00,06:00,0
14.07.2018,06:00,07:00,0
14.07.2018,07:00,08:00,0
14.07.2018,08:00,09:00,0
14.07.2018,09:00,10:00,0
14.07.2018,10:00,11:00,0
14.07.2018,11:00,12:00,0
14.07.2018,12:00,13:00,0
14.07.2018,13:00,14:00,0
14.07.2018,14:00,15:00,0
14.07.2018,15:00,16:00,0
14.07.2018,16:00,17:00,0
14.07.2018,17:00,18:00,0
14.07.2018,18:00,19:00,0
14.07.2018,19:00,20:00,0
14.07.2018,20:00,21:00,0
14.07.2018,21:00,22:00,0
14.07.2018,22:00,23:00,0
14.07.2018,23:00,00:00,0
15.07.2018,00:00,01:00,0
15.07.2018,01:00,02:00,0
15.07.2018,02:00,03:00,0
15.07.2018,03:00,04:00,0
15.07.2018,04:00,05:00,0
15.07.2018,05:00,06:00,0
15.07.2018,06:00,07:00,0
15.07.2018,07:00,08:00,0
15.07.2018,08:00,09:00,0
15.07.2018,09:00,10:00,0
15.07.2018,10:00,11:00,0
15.07.2018,11:00,12:00,0
15.07.2018,12:00,13:00,0
15.07.2018,13:00,14:00,0
15.07.2018,14:00,15:00,0
15.07.2018,15:00,16:00,0
15.07.2018,16:00,17:00,0
15.07.2018,17:00,18:00,0
15.07.2018,18:00,19:00,0
15.07.2018,19:00,20:00,0
15.07.2018,20:00,21:00,0
15.07.2018,21:00,22:00,0
15.07.2018,22:00,23:00,0
15.07.2018,23:00,00:00,0
16.07.2018,00:00,01:00,0
16.07.2018,01:00,02:00,0
16.07.2018,02:00,03:00,0
16.07.2018,03:00,04:00,0
16.07.2018,04:00,05:00,0
16.07.2018,05:00,06:00,0
16.07.2018,06:00,07:00,0
16.07.2018,07:00,08:00,0
16.07.2018,08:00,09:00,0
16.07.2018,09:00,10:00,0
16.07.2018,10:00,11:00,0
16.07.2018,11:00,12:00,0
16.07.2018,12:00,13:00,0
16.07.2018,13:00,14:00,0
16.07.2018,14:00,15:00,0
16.07.2018,15:00,16:00,0
16.07.2018,16:00,17:00,0
16.07.2018,17:00,18:00,0
16.07.2018,18:00,19:00,0
16.07.2018,19:00,20:00,0
16.07.2018,20:00,21:00,0
16.07.2018,21:00,22:00,0
16.07.2018,22:00,23:00,0
16.07.2018,23:00,00:00,0
17.07.2018,00:00,01:00,0
17.07.2018,01:00,02:00,0
17.07.2018,02:00,03:00,0
17.07.2018,03:00,04:00,0
17.07.2018,04:00,05:00,0
17.07.2018,05:00,06:00,0
17.07.2018,06:00,07:00,0
17.07.2018,07:00,08:00,0
17.07.2018,08:00,09:00,0
17.07.2018,09:00,10:00,0
17.07.2018,10:00,11:00,0
17.07.2018,11:00,12:00,0
17.07.2018,12:00,13:00,0
17.07.2018,13:00,14:00,0
17.07.2018,14:00,15:00,0
17.07.2018,15:00,16:00,0
17.07.2018,16:00,17:00,0
17.07.2018,17:00,18:00,0
17.07.2018,18:00,19:00,0
17.07.2018,19:00,20:00,0
17.07.2018,20:00,21:00,0
17.07.2018,21:00,22:00,0
17.07.2018,22:00,23:00,0
17.07.2018,23:00,00:00,0
18.07.2018,00:00,01:00,0
18.07.2018,01:00,02:00,0
18.07.2018,02:00,03:00,0
18.07.2018,03:00,04:00,0
18.07.2018,04:00,05:00,0
18.07.2018,05:00,06:00,0
18.07.2018,06:00,07:00,0
18.07.2018,07:00,08:00,0
18.07.2018,08:00,09:00,0
18.07.2018,09:00,10:00,0
18.07.2018,10:00,11:00,0
18.07.2018,11:00,12:00,0
18.07.2018,12:00,13:00,0
18.07.2018,13:00,14:00,0
18.07.2018,14:00,15:00,0
18.07.2018,15:00,16:00,0
18.07.2018,16:00,17:00,0
18.07.2018,17:00,18:00,0
18.07.2018,18:00,19:00,0
18.07.2018,19:00,20:00,0
18.07.2018,20:00,21:00,0
18.07.2018,21:00,22:00,0
18.07.2018,22:00,23:00,0
18.07.2018,23:00,00:00,0
19.07.2018,00:00,01:00,0
19.07.2018,01:00,02:00,0
19.07.2018,02:00,03:00,0
19.07.2018,03:00,04:00,0
19.07.2018,04:00,05:00,0
19.07.2018,05:00,06:00,0
19.07.2018,06:00,07:00,0
19.07.2018,07:00,08:00,0
19.07.2018,08:00,09:00,0
19.07.2018,09:00,10:00,0
19.07.2018,10:00,11:00,0
19.07.2018,11:00,12:00,0
19.07.2018,12:00,13:00,0
19.07.2018,13:00,14:00,0
19.07.2018,14:00,15:00,0
19.07.2018,15:00,16:00,0
19.07.2018,16:00,17:00,0
19.07.2018,17:00,18:00,0
19.07.2018,18:00,19:00,0
19.07.2018,19:00,20:00,0
19.07.2018,20:00,21:00,0
19.07.2018,21:00,22:00,0
19.07.2018,22:00,23:00,0
19.07.2018,23:00,00:00,0
20.07.2018,00:00,01:00,0
20.07.2018,01:00,02:00,0
20.07.2018,02:00,03:00,0
20.07.2018,03:00,04:00,0
20.07.2018,04:00,05:00,0
20.07.2018,05:00,06:00,0
20.07.2018,06:00,07:00,0
20.07.2018,07:00,08:00,0
20.07.2018,08:00,09:00,0
20.07.2018,09:00,10:00,0
20.07.2018,10:00,11:00,0
20.07.2018,11:00,12:00,0
20.07.2018,12:00,13:00,0
20.07.2018,13:00,14:00,0
20.07.2018,14:00,15:00,0
20.07.2018,15:00,16:00,0
20.07.2018,16:00,17:00,0
20.07.2018,17:00,18:00,0
20.07.2018,18:00,19:00,0
20.07.2018,19:00,20:00,0
20.07.2018,20:00,21:00,0
20.07.2018,21:00,22:00,0
20.07.2018,22:00,23:00,0
20.07.2018,23:00,00:00,0
21.07.2018,00:00,01:00,0
21.07.2018,01:00,02:00,0
21.07.2018,02:00,03:00,0
21.07.2018,03:00,04:00,0
21.07.2018,04:00,05:00,0
21.07.2018,05:00,06:00,0
21.07.2018,06:00,07:00,0
21.07.2018,07:00,08:00,0
21.07.2018,08:00,09:00,0
21.07.2018,09:00,10:00,0
21.07.2018,10:00,11:00,0
21.07.2018,11:00,12:00,0
21.07.2018,12:00,13:00,0
21.07.2018,13:00,14:00,0
21.07.2018,14:00,15:00,0
21.07.2018,15:00,16:00,0
21.07.2018,16:00,17:00,0
21.07.2018,17:00,18:00,0
21.07.2018,18:00,19:00,0
21.07.2018,19:00,20:00,0
21.07.2018,20:00,21:00,0
21.07.2018,21:00,22:00,0
21.07.2018,22:00,23:00,0
21.07.2018,23:00,00:00,0
22.07.2018,00:00,01:00,0
22.07.2018,01:00,02:00,0
22.07.2018,02:00,03:00,0
22.07.2018,03:00,04:00,0
22.07.2018,04:00,05:00,0
22.07.2018,05:00,06:00,0
22.07.2018,06:00,07:00,0
22.07.2018,07:00,08:00,0
22.07.2018,08:00,09:00,0
22.07.2018,09:00,10:00,0
22.07.2018,10:00,11:00,0
22.07.2018,11:00,12:00,0
22.07.2018,12:00,13:00,0
22.07.2018,13:00,14:00,0
22.07.2018,14:00,15:00,0
22.07.2018,15:00,16:00,0
22.07.2018,16:00,17:00,0
22.07.2018,17:00,18:00,0
22.07.2018,18:00,19:00,0
22.07.2018,19:00,20:00,0
22.07.2018,20:00,21:00,0
22.07.2018,21:00,22:00,0
22.07.2018,22:00,23:00,0
22.07.2018,23:00,00:00,0
23.07.2018,00:00,01:00,0
23.07.2018,01:00,02:00,0
23.07.2018,02:00,03:00,0
23.07.2018,03:00,04:00,0
23.07.2018,04:00,05:00,0
23.07.2018,05:00,06:00,0
23.07.2018,06:00,07:00,0
23.07.2018,07:00,08:00,0
23.07.2018,08:00,09:00,0
23.07.2018,09:00,10:00,0
23.07.2018,10:00,11:00,0
23.07.2018,11:00,12:00,0
23.07.2018,12:00,13:00,0
23.07.2018,13:00,14:00,0
23.07.2018,14:00,15:00,0
23.07.2018,15:00,16:00,0
23.07.2018,16:00,17:00,0
23.07.2018,17:00,18:00,0
23.07.2018,18:00,19:00,0
23.07.2018,19:00,20:00,0
23.07.2018,20:00,21:00,0
23.07.2018,21:00,22:00,0
23.07.2018,22:00,23:00,0
23.07.2018,23:00,00:00,0
24.07.2018,00:00,01:00,0
24.07.2018,01:00,02:00,0
24.07.2018,02:00,03:00,0
24.07.2018,03:00,04:00,0
24.07.2018,04:00,05:00,0
24.07.2018,05:00,06:00,0
24.07.2018,06:00,07:00,0
24.07.2018,07:00,08:00,0
24.07.2018,08:00,09:00,0
24.07.2018,09:00,10:00,0
24.07.2018,10:00,11:00,0
24.07.2018,11:00,12:00,0
24.07.2018,12:00,13:00,0
24.07.2018,13:00,14:00,0
24.07.2018,14:00,15:00,0
24.07.2018,15:00,16:00,0
24.07.2018,16:00,17:00,0
24.07.2018,17:00,18:00,0
24.07.2018,18:00,19:00,0
24.07.2018,19:00,20:00,0
24.07.2018,20:00,21:00,0
24.07.2018,21:00,22:00,0
24.07.2018,22:00,23:00,0
24.07.2018,23:00,00:00,0
25.07.2018,00:00,01:00,0
25.07.2018,01:00,02:00,0
25.07.2018,02:00,03:00,0
25.07.2018,03:00,04:00,0
25.07.2018,04:00,05:00,0
25.07.2018,05:00,06:00,0
25.07.2018,06:00,07:00,0
25.07.2018,07:00,08:00,0
25.07.2018,08:00,09:00,0
25.07.2018,09:00,10:00,0
25.07.2018,10:00,11:00,0
25.07.2018,11:00,12:00,0
25.07.2018,12:00,13:00,0
25.07.2018,13:00,14:00,0
25.07.2018,14:00,15:00,0
25.07.2018,15:00,16:00,0
25.07.2018,16:00,17:00,0
25.07.2018,17:00,18:00,0
25.07.2018,18:00,19:00,0
25.07.2018,19:00,20:00,0
25.07.2018,20:00,21:00,0
25.07.2018,21:00,22:00,0
25.07.2018,22:00,23:00,0
25.07.2018,23:00,00:00,0
26.07.2018,00:00,01:00,0
26.07.2018,01:00,02:00,0
26.07.2018,02:00,03:00,0
26.07.2018,03:00,04:00,0
26.07.2018,04:00,05:00,0
26.07.2018,05:00,06:00,0
26.07.2018,06:00,07:00,0
26.07.2018,07:00,08:00,0
26.07.2018,08:00,09:00,0
26.07.2018,09:00,10:00,0
26.07.2018,10:00,11:00,0
26.07.2018,11:00,12:00,0
26.07.2018,12:00,13:00,0
26.07.2018,13:00,14:00,0
26.07.2018,14:00,15:00,0
26.07.2018,15:00,16:00,0
26.07.2018,16:00,17:00,0
26.07.2018,17:00,18:00,0
26.07.2018,18:00,19:00,0
26.07.2018,19:00,20:00,0
26.07.2018,20:00,21:00,0
26.07.2018,21:00,22:00,0
26.07.2018,22:00,23:00,0
26.07.2018,23:00,00:00,0
27.07.2018,00:00,01:00,0
27.07.2018,01:00,02:00,0
27.07.2018,02:00,03:00,0
27.07.2018,03:00,04:00,0
27.07.2018,04:00,05:00,0
27.07.2018,05:00,06:00,0
27.07.2018,06:00,07:00,0
27.07.2018,07:00,08:00,0
27.07.2018,08:00,09:00,0
27.07.2018,09:00,10:00,0
27.07.2018,10:00,11:00,0
27.07.2018,11:00,12:00,0
27.07.2018,12:00,13:00,0
27.07.2018,13:00,14:00,0
27.07.2018,14:00,15:00,0
27.07.2018,15:00,16:00,0
27.07.2018,16:00,17:00,0
27.07.2018,17:00,18:00,0
27.07.2018,18:00,19:00,0
27.07.2018,19:00,20:00,0
27.07.2018,20:00,21:00,0
27.07.2018,21:00,22:00,0
27.07.2018,22:00,23:00,0
27.07.2018,23:00,00:00,0
28.07.2018,00:00,01:00,0
28.07.2018,01:00,02:00,0
28.07.2018,02:00,03:00,0
28.07.2018,03:00,04:00,0
28.07.2018,04:00,05:00,0
28.07.2018,05:00,06:00,0
28.07.2018,06:00,07:00,0
28.07.2018,07:00,08:00,0
28.07.2018,08:00,09:00,0
28.07.2018,09:00,10:00,0
28.07.2018,10:00,11:00,0
28.07.2018,11:00,12:00,0
28.07.2018,12:00,13:00,0
28.07.2018,13:00,14:00,0
28.07.2018,14:00,15:00,0
28.07.2018,15:00,16:00,0
28.07.2018,16:00,17:00,0
28.07.2018,17:00,18:00,0
28.07.2018,18:00,19:00,0
28.07.2018,19:00,20:00,0
28.07.2018,20:00,21:00,0
28.07.2018,21:00,22:00,0
28.07.2018,22:00,23:00,0
28.07.2018,23:00,00:00,0
29.07.2018,00:00,01:00,0
29.07.2018,01:00,02:00,0
29.07.2018,02:00,03:00,0
29.07.2018,03:00,04:00,0
29.07.2018,04:00,05:00,0
29.07.2018,05:00,06:00,0
29.07.2018,06:00,07:00,0
29.07.2018,07:00,08:00,0
29.07.2018,08:00,09:00,0
29.07.2018,09:00,10:00,0
29.07.2018,10:00,11:00,0
29.07.2018,11:00,12:00,0
29.07.2018,12:00,13:00,0
29.07.2018,13:00,14:00,0
29.07.2018,14:00,15:00,0
29.07.2018,15:00,16:00,0
29.07.2018,16:00,17:00,0
29.07.2018,17:00,18:00,0
29.07.2018,18:00,19:00,0
29.07.2018,19:00,20:00,0
29.07.2018,20:00,21:00,0
29.07.2018,21:00,22:00,0
29.07.2018,22:00,23:00,0
29.07.2018,23:00,00:00,0
30.07.2018,00:00,01:00,0
30.07.2018,01:00,02:00,0
30.07.2018,02:00,03:00,0
30.07.2018,03:00,04:00,0
30.07.2018,04:00,05:00,0
30.07.2018,05:00,06:00,0
30.07.2018,06:00,07:00,0
30.07.2018,07:00,08:00,0
30.07.2018,08:00,09:00,0
30.07.2018,09:00,10:00,0
30.07.2018,10:00,11:00,0
30.07.2018,11:00,12:00,0
30.07.2018,12:00,13:00,0
30.07.2018,13:00,14:00,0
30.07.2018,14:00,15:00,0
30.07.2018,15:00,16:00,0
30.07.2018,16:00,17:00,0
30.07.2018,17:00,18:00,16
30.07.2018,18:00,19:00,73
30.07.2018,19:00,20:00,85
30.07.2018,20:00,21:00,88
30.07.2018,21:00,22:00,88
30.07.2018,22:00,23:00,86
30.07.2018,23:00,00:00,85
31.07.2018,00:00,01:00,86
31.07.2018,01:00,02:00,86
31.07.2018,02:00,03:00,86
31.07.2018,03:00,04:00,86
31.07.2018,04:00,05:00,86
31.07.2018,05:00,06:00,96
31.07.2018,06:00,07:00,126
31.07.2018,07:00,08:00,112
31.07.2018,08:00,09:00,75
31.07.2018,09:00,10:00,74
31.07.2018,10:00,11:00,73
31.07.2018,11:00,12:00,73
31.07.2018,12:00,13:00,86
31.07.2018,13:00,14:00,123
31.07.2018,14:00,15:00,113
31.07.2018,15:00,16:00,110
31.07.2018,16:00,17:00,118
31.07.2018,17:00,18:00,110
31.07.2018,18:00,19:00,72
31.07.2018,19:00,20:00,65
31.07.2018,20:00,21:00,65
31.07.2018,21:00,22:00,66
31.07.2018,22:00,23:00,66
31.07.2018,23:00,00:00,80
01.08.2018,00:00,01:00,91
01.08.2018,01:00,02:00,119
01.08.2018,02:00,03:00,122
01.08.2018,03:00,04:00,134
01.08.2018,04:00,05:00,131
01.08.2018,05:00,06:00,131
01.08.2018,06:00,07:00,132
01.08.2018,07:00,08:00,131
01.08.2018,08:00,09:00,131
01.08.2018,09:00,10:00,131
01.08.2018,10:00,11:00,130
01.08.2018,11:00,12:00,110
01.08.2018,12:00,13:00,135
01.08.2018,13:00,14:00,131
01.08.2018,14:00,15:00,106
01.08.2018,15:00,16:00,65
01.08.2018,16:00,17:00,62
01.08.2018,17:00,18:00,59
01.08.2018,18:00,19:00,57
01.08.2018,19:00,20:00,62
01.08.2018,20:00,21:00,70
01.08.2018,21:00,22:00,80
01.08.2018,22:00,23:00,82
01.08.2018,23:00,00:00,83
02.08.2018,00:00,01:00,118
02.08.2018,01:00,02:00,107
02.08.2018,02:00,03:00,123
02.08.2018,03:00,04:00,126
02.08.2018,04:00,05:00,107
02.08.2018,05:00,06:00,120
02.08.2018,06:00,07:00,127
02.08.2018,07:00,08:00,133
02.08.2018,08:00,09:00,129
02.08.2018,09:00,10:00,130
02.08.2018,10:00,11:00,123
02.08.2018,11:00,12:00,117
02.08.2018,12:00,13:00,117
02.08.2018,13:00,14:00,125
02.08.2018,14:00,15:00,92
02.08.2018,15:00,16:00,68
02.08.2018,16:00,17:00,67
02.08.2018,17:00,18:00,67
02.08.2018,18:00,19:00,64
02.08.2018,19:00,20:00,63
02.08.2018,20:00,21:00,65
02.08.2018,21:00,22:00,105
02.08.2018,22:00,23:00,114
02.08.2018,23:00,00:00,133
03.08.2018,00:00,01:00,132
03.08.2018,01:00,02:00,132
03.08.2018,02:00,03:00,122
03.08.2018,03:00,04:00,110
03.08.2018,04:00,05:00,96
03.08.2018,05:00,06:00,91
03.08.2018,06:00,07:00,119
03.08.2018,07:00,08:00,132
03.08.2018,08:00,09:00,131
03.08.2018,09:00,10:00,142
03.08.2018,10:00,11:00,134
03.08.2018,11:00,12:00,129
03.08.2018,12:00,13:00,121
03.08.2018,13:00,14:00,119
03.08.2018,14:00,15:00,99
03.08.2018,15:00,16:00,75
03.08.2018,16:00,17:00,61
03.08.2018,17:00,18:00,61
03.08.2018,18:00,19:00,71
03.08.2018,19:00,20:00,81
03.08.2018,20:00,21:00,81
03.08.2018,21:00,22:00,95
03.08.2018,22:00,23:00,128
03.08.2018,23:00,00:00,132
04.08.2018,00:00,01:00,128
04.08.2018,01:00,02:00,122
04.08.2018,02:00,03:00,122
04.08.2018,03:00,04:00,129
04.08.2018,04:00,05:00,129
04.08.2018,05:00,06:00,128
04.08.2018,06:00,07:00,126
04.08.2018,07:00,08:00,130
04.08.2018,08:00,09:00,134
04.08.2018,09:00,10:00,134
04.08.2018,10:00,11:00,148
04.08.2018,11:00,12:00,160
04.08.2018,12:00,13:00,157
04.08.2018,13:00,14:00,125
04.08.2018,14:00,15:00,106
04.08.2018,15:00,16:00,91
04.08.2018,16:00,17:00,89
04.08.2018,17:00,18:00,74
04.08.2018,18:00,19:00,72
04.08.2018,19:00,20:00,91
04.08.2018,20:00,21:00,116
04.08.2018,21:00,22:00,116
04.08.2018,22:00,23:00,122
04.08.2018,23:00,00:00,141
05.08.2018,00:00,01:00,139
05.08.2018,01:00,02:00,146
05.08.2018,02:00,03:00,120
05.08.2018,03:00,04:00,112
05.08.2018,04:00,05:00,113
05.08.2018,05:00,06:00,112
05.08.2018,06:00,07:00,112
05.08.2018,07:00,08:00,85
05.08.2018,08:00,09:00,82
05.08.2018,09:00,10:00,114
05.08.2018,10:00,11:00,116
05.08.2018,11:00,12:00,115
05.08.2018,12:00,13:00,111
05.08.2018,13:00,14:00,71
05.08.2018,14:00,15:00,66
05.08.2018,15:00,16:00,78
05.08.2018,16:00,17:00,96
05.08.2018,17:00,18:00,122
05.08.2018,18:00,19:00,121
05.08.2018,19:00,20:00,122
05.08.2018,20:00,21:00,136
05.08.2018,21:00,22:00,152
05.08.2018,22:00,23:00,151
05.08.2018,23:00,00:00,125
06.08.2018,00:00,01:00,131
06.08.2018,01:00,02:00,132
06.08.2018,02:00,03:00,116
06.08.2018,03:00,04:00,112
06.08.2018,04:00,05:00,112
06.08.2018,05:00,06:00,128
06.08.2018,06:00,07:00,145
06.08.2018,07:00,08:00,151
06.08.2018,08:00,09:00,151
06.08.2018,09:00,10:00,151
06.08.2018,10:00,11:00,143
06.08.2018,11:00,12:00,126
06.08.2018,12:00,13:00,130
06.08.2018,13:00,14:00,124
06.08.2018,14:00,15:00,104
06.08.2018,15:00,16:00,82
06.08.2018,16:00,17:00,83
06.08.2018,17:00,18:00,83
06.08.2018,18:00,19:00,83
06.08.2018,19:00,20:00,86
06.08.2018,20:00,21:00,115
06.08.2018,21:00,22:00,115
06.08.2018,22:00,23:00,128
06.08.2018,23:00,00:00,129
07.08.2018,00:00,01:00,131
07.08.2018,01:00,02:00,129
07.08.2018,02:00,03:00,121
07.08.2018,03:00,04:00,131
07.08.2018,04:00,05:00,131
07.08.2018,05:00,06:00,128
07.08.2018,06:00,07:00,133
07.08.2018,07:00,08:00,131
07.08.2018,08:00,09:00,122
07.08.2018,09:00,10:00,120
07.08.2018,10:00,11:00,120
07.08.2018,11:00,12:00,97
07.08.2018,12:00,13:00,90
07.08.2018,13:00,14:00,91
07.08.2018,14:00,15:00,88
07.08.2018,15:00,16:00,73
07.08.2018,16:00,17:00,66
07.08.2018,17:00,18:00,60
07.08.2018,18:00,19:00,61
07.08.2018,19:00,20:00,60
07.08.2018,20:00,21:00,77
07.08.2018,21:00,22:00,92
07.08.2018,22:00,23:00,92
07.08.2018,23:00,00:00,91
08.08.2018,00:00,01:00,112
08.08.2018,01:00,02:00,126
08.08.2018,02:00,03:00,123
08.08.2018,03:00,04:00,119
08.08.2018,04:00,05:00,98
08.08.2018,05:00,06:00,88
08.08.2018,06:00,07:00,113
08.08.2018,07:00,08:00,131
08.08.2018,08:00,09:00,132
08.08.2018,09:00,10:00,135
08.08.2018,10:00,11:00,135
08.08.2018,11:00,12:00,115
08.08.2018,12:00,13:00,107
08.08.2018,13:00,14:00,100
08.08.2018,14:00,15:00,97
08.08.2018,15:00,16:00,94
08.08.2018,16:00,17:00,73
08.08.2018,17:00,18:00,71
08.08.2018,18:00,19:00,101
08.08.2018,19:00,20:00,102
08.08.2018,20:00,21:00,100
08.08.2018,21:00,22:00,94
08.08.2018,22:00,23:00,107
08.08.2018,23:00,00:00,110
09.08.2018,00:00,01:00,110
09.08.2018,01:00,02:00,111
09.08.2018,02:00,03:00,110
09.08.2018,03:00,04:00,111
09.08.2018,04:00,05:00,107
09.08.2018,05:00,06:00,87
09.08.2018,06:00,07:00,129
09.08.2018,07:00,08:00,128
09.08.2018,08:00,09:00,127
09.08.2018,09:00,10:00,124
09.08.2018,10:00,11:00,3
09.08.2018,11:00,12:00,0
09.08.2018,12:00,13:00,0
09.08.2018,13:00,14:00,56
09.08.2018,14:00,15:00,90
09.08.2018,15:00,16:00,84
09.08.2018,16:00,17:00,111
09.08.2018,17:00,18:00,88
09.08.2018,18:00,19:00,77
09.08.2018,19:00,20:00,111
09.08.2018,20:00,21:00,115
09.08.2018,21:00,22:00,121
09.08.2018,22:00,23:00,112
09.08.2018,23:00,00:00,78
10.08.2018,00:00,01:00,61
10.08.2018,01:00,02:00,69
10.08.2018,02:00,03:00,79
10.08.2018,03:00,04:00,80
10.08.2018,04:00,05:00,115
10.08.2018,05:00,06:00,120
10.08.2018,06:00,07:00,128
10.08.2018,07:00,08:00,137
10.08.2018,08:00,09:00,140
10.08.2018,09:00,10:00,143
10.08.2018,10:00,11:00,141
10.08.2018,11:00,12:00,140
10.08.2018,12:00,13:00,139
10.08.2018,13:00,14:00,115
10.08.2018,14:00,15:00,123
10.08.2018,15:00,16:00,114
10.08.2018,16:00,17:00,100
10.08.2018,17:00,18:00,90
10.08.2018,18:00,19:00,79
10.08.2018,19:00,20:00,103
10.08.2018,20:00,21:00,102
10.08.2018,21:00,22:00,106
10.08.2018,22:00,23:00,115
10.08.2018,23:00,00:00,85
11.08.2018,00:00,01:00,116
11.08.2018,01:00,02:00,105
11.08.2018,02:00,03:00,87
11.08.2018,03:00,04:00,69
11.08.2018,04:00,05:00,102
11.08.2018,05:00,06:00,111
11.08.2018,06:00,07:00,117
11.08.2018,07:00,08:00,120
11.08.2018,08:00,09:00,116
11.08.2018,09:00,10:00,115
11.08.2018,10:00,11:00,113
11.08.2018,11:00,12:00,126
11.08.2018,12:00,13:00,126
11.08.2018,13:00,14:00,116
11.08.2018,14:00,15:00,97
11.08.2018,15:00,16:00,95
11.08.2018,16:00,17:00,71
11.08.2018,17:00,18:00,58
11.08.2018,18:00,19:00,56
11.08.2018,19:00,20:00,57
11.08.2018,20:00,21:00,96
11.08.2018,21:00,22:00,114
11.08.2018,22:00,23:00,99
11.08.2018,23:00,00:00,122
12.08.2018,00:00,01:00,120
12.08.2018,01:00,02:00,118
12.08.2018,02:00,03:00,95
12.08.2018,03:00,04:00,118
12.08.2018,04:00,05:00,106
12.08.2018,05:00,06:00,95
12.08.2018,06:00,07:00,94
12.08.2018,07:00,08:00,90
12.08.2018,08:00,09:00,92
12.08.2018,09:00,10:00,101
12.08.2018,10:00,11:00,90
12.08.2018,11:00,12:00,91
12.08.2018,12:00,13:00,92
12.08.2018,13:00,14:00,86
12.08.2018,14:00,15:00,86
12.08.2018,15:00,16:00,86
12.08.2018,16:00,17:00,94
12.08.2018,17:00,18:00,114
12.08.2018,18:00,19:00,117
12.08.2018,19:00,20:00,126
12.08.2018,20:00,21:00,128
12.08.2018,21:00,22:00,141
12.08.2018,22:00,23:00,142
12.08.2018,23:00,00:00,140
13.08.2018,00:00,01:00,136
13.08.2018,01:00,02:00,118
13.08.2018,02:00,03:00,121
13.08.2018,03:00,04:00,131
13.08.2018,04:00,05:00,126
13.08.2018,05:00,06:00,127
13.08.2018,06:00,07:00,127
13.08.2018,07:00,08:00,120
13.08.2018,08:00,09:00,126
13.08.2018,09:00,10:00,138
13.08.2018,10:00,11:00,139
13.08.2018,11:00,12:00,135
13.08.2018,12:00,13:00,138
13.08.2018,13:00,14:00,130
13.08.2018,14:00,15:00,131
13.08.2018,15:00,16:00,131
13.08.2018,16:00,17:00,130
13.08.2018,17:00,18:00,136
13.08.2018,18:00,19:00,142
13.08.2018,19:00,20:00,142
13.08.2018,20:00,21:00,141
13.08.2018,21:00,22:00,141
13.08.2018,22:00,23:00,124
13.08.2018,23:00,00:00,121
14.08.2018,00:00,01:00,128
14.08.2018,01:00,02:00,127
14.08.2018,02:00,03:00,125
14.08.2018,03:00,04:00,126
14.08.2018,04:00,05:00,127
14.08.2018,05:00,06:00,136
14.08.2018,06:00,07:00,126
14.08.2018,07:00,08:00,123
14.08.2018,08:00,09:00,130
14.08.2018,09:00,10:00,131
14.08.2018,10:00,11:00,143
14.08.2018,11:00,12:00,152
14.08.2018,12:00,13:00,153
14.08.2018,13:00,14:00,154
14.08.2018,14:00,15:00,140
14.08.2018,15:00,16:00,127
14.08.2018,16:00,17:00,107
14.08.2018,17:00,18:00,127
14.08.2018,18:00,19:00,125
14.08.2018,19:00,20:00,112
14.08.2018,20:00,21:00,2
14.08.2018,21:00,22:00,0
14.08.2018,22:00,23:00,0
14.08.2018,23:00,00:00,0
15.08.2018,00:00,01:00,0
15.08.2018,01:00,02:00,0
15.08.2018,02:00,03:00,0
15.08.2018,03:00,04:00,0
15.08.2018,04:00,05:00,0
15.08.2018,05:00,06:00,0
15.08.2018,06:00,07:00,0
15.08.2018,07:00,08:00,0
15.08.2018,08:00,09:00,0
15.08.2018,09:00,10:00,0
15.08.2018,10:00,11:00,0
15.08.2018,11:00,12:00,0
15.08.2018,12:00,13:00,0
15.08.2018,13:00,14:00,0
15.08.2018,14:00,15:00,0
15.08.2018,15:00,16:00,0
15.08.2018,16:00,17:00,0
15.08.2018,17:00,18:00,0
15.08.2018,18:00,19:00,0
15.08.2018,19:00,20:00,0
15.08.2018,20:00,21:00,0
15.08.2018,21:00,22:00,0
15.08.2018,22:00,23:00,0
15.08.2018,23:00,00:00,0
16.08.2018,00:00,01:00,0
16.08.2018,01:00,02:00,0
16.08.2018,02:00,03:00,0
16.08.2018,03:00,04:00,0
16.08.2018,04:00,05:00,0
16.08.2018,05:00,06:00,0
16.08.2018,06:00,07:00,0
16.08.2018,07:00,08:00,0
16.08.2018,08:00,09:00,0
16.08.2018,09:00,10:00,0
16.08.2018,10:00,11:00,0
16.08.2018,11:00,12:00,0
16.08.2018,12:00,13:00,0
16.08.2018,13:00,14:00,0
16.08.2018,14:00,15:00,0
16.08.2018,15:00,16:00,0
16.08.2018,16:00,17:00,0
16.08.2018,17:00,18:00,0
16.08.2018,18:00,19:00,0
16.08.2018,19:00,20:00,0
16.08.2018,20:00,21:00,0
16.08.2018,21:00,22:00,0
16.08.2018,22:00,23:00,0
16.08.2018,23:00,00:00,0
17.08.2018,00:00,01:00,0
17.08.2018,01:00,02:00,0
17.08.2018,02:00,03:00,0
17.08.2018,03:00,04:00,0
17.08.2018,04:00,05:00,0
17.08.2018,05:00,06:00,0
17.08.2018,06:00,07:00,0
17.08.2018,07:00,08:00,0
17.08.2018,08:00,09:00,0
17.08.2018,09:00,10:00,0
17.08.2018,10:00,11:00,0
17.08.2018,11:00,12:00,0
17.08.2018,12:00,13:00,0
17.08.2018,13:00,14:00,0
17.08.2018,14:00,15:00,0
17.08.2018,15:00,16:00,0
17.08.2018,16:00,17:00,0
17.08.2018,17:00,18:00,0
17.08.2018,18:00,19:00,0
17.08.2018,19:00,20:00,0
17.08.2018,20:00,21:00,0
17.08.2018,21:00,22:00,0
17.08.2018,22:00,23:00,0
17.08.2018,23:00,00:00,0
18.08.2018,00:00,01:00,0
18.08.2018,01:00,02:00,0
18.08.2018,02:00,03:00,0
18.08.2018,03:00,04:00,0
18.08.2018,04:00,05:00,0
18.08.2018,05:00,06:00,0
18.08.2018,06:00,07:00,0
18.08.2018,07:00,08:00,0
18.08.2018,08:00,09:00,0
18.08.2018,09:00,10:00,0
18.08.2018,10:00,11:00,0
18.08.2018,11:00,12:00,0
18.08.2018,12:00,13:00,0
18.08.2018,13:00,14:00,0
18.08.2018,14:00,15:00,0
18.08.2018,15:00,16:00,0
18.08.2018,16:00,17:00,0
18.08.2018,17:00,18:00,0
18.08.2018,18:00,19:00,0
18.08.2018,19:00,20:00,0
18.08.2018,20:00,21:00,0
18.08.2018,21:00,22:00,0
18.08.2018,22:00,23:00,0
18.08.2018,23:00,00:00,0
19.08.2018,00:00,01:00,0
19.08.2018,01:00,02:00,0
19.08.2018,02:00,03:00,0
19.08.2018,03:00,04:00,0
19.08.2018,04:00,05:00,0
19.08.2018,05:00,06:00,0
19.08.2018,06:00,07:00,0
19.08.2018,07:00,08:00,0
19.08.2018,08:00,09:00,0
19.08.2018,09:00,10:00,0
19.08.2018,10:00,11:00,0
19.08.2018,11:00,12:00,0
19.08.2018,12:00,13:00,0
19.08.2018,13:00,14:00,0
19.08.2018,14:00,15:00,0
19.08.2018,15:00,16:00,0
19.08.2018,16:00,17:00,0
19.08.2018,17:00,18:00,0
19.08.2018,18:00,19:00,0
19.08.2018,19:00,20:00,0
19.08.2018,20:00,21:00,0
19.08.2018,21:00,22:00,0
19.08.2018,22:00,23:00,0
19.08.2018,23:00,00:00,0
20.08.2018,00:00,01:00,0
20.08.2018,01:00,02:00,0
20.08.2018,02:00,03:00,0
20.08.2018,03:00,04:00,0
20.08.2018,04:00,05:00,0
20.08.2018,05:00,06:00,0
20.08.2018,06:00,07:00,0
20.08.2018,07:00,08:00,0
20.08.2018,08:00,09:00,0
20.08.2018,09:00,10:00,0
20.08.2018,10:00,11:00,0
20.08.2018,11:00,12:00,0
20.08.2018,12:00,13:00,0
20.08.2018,13:00,14:00,0
20.08.2018,14:00,15:00,30
20.08.2018,15:00,16:00,110
20.08.2018,16:00,17:00,133
20.08.2018,17:00,18:00,130
20.08.2018,18:00,19:00,137
20.08.2018,19:00,20:00,139
20.08.2018,20:00,21:00,138
20.08.2018,21:00,22:00,135
20.08.2018,22:00,23:00,144
20.08.2018,23:00,00:00,146
21.08.2018,00:00,01:00,128
21.08.2018,01:00,02:00,89
21.08.2018,02:00,03:00,108
21.08.2018,03:00,04:00,122
21.08.2018,04:00,05:00,122
21.08.2018,05:00,06:00,121
21.08.2018,06:00,07:00,134
21.08.2018,07:00,08:00,147
21.08.2018,08:00,09:00,160
21.08.2018,09:00,10:00,163
21.08.2018,10:00,11:00,169
21.08.2018,11:00,12:00,170
21.08.2018,12:00,13:00,172
21.08.2018,13:00,14:00,172
21.08.2018,14:00,15:00,169
21.08.2018,15:00,16:00,178
21.08.2018,16:00,17:00,173
21.08.2018,17:00,18:00,161
21.08.2018,18:00,19:00,152
21.08.2018,19:00,20:00,149
21.08.2018,20:00,21:00,155
21.08.2018,21:00,22:00,156
21.08.2018,22:00,23:00,156
21.08.2018,23:00,00:00,152
22.08.2018,00:00,01:00,124
22.08.2018,01:00,02:00,120
22.08.2018,02:00,03:00,120
22.08.2018,03:00,04:00,119
22.08.2018,04:00,05:00,123
22.08.2018,05:00,06:00,152
22.08.2018,06:00,07:00,153
22.08.2018,07:00,08:00,149
22.08.2018,08:00,09:00,148
22.08.2018,09:00,10:00,150
22.08.2018,10:00,11:00,153
22.08.2018,11:00,12:00,168
22.08.2018,12:00,13:00,171
22.08.2018,13:00,14:00,177
22.08.2018,14:00,15:00,176
22.08.2018,15:00,16:00,177
22.08.2018,16:00,17:00,177
22.08.2018,17:00,18:00,176
22.08.2018,18:00,19:00,176
22.08.2018,19:00,20:00,158
22.08.2018,20:00,21:00,157
22.08.2018,21:00,22:00,171
22.08.2018,22:00,23:00,167
22.08.2018,23:00,00:00,159
23.08.2018,00:00,01:00,151
23.08.2018,01:00,02:00,148
23.08.2018,02:00,03:00,142
23.08.2018,03:00,04:00,141
23.08.2018,04:00,05:00,142
23.08.2018,05:00,06:00,146
23.08.2018,06:00,07:00,161
23.08.2018,07:00,08:00,176
23.08.2018,08:00,09:00,180
23.08.2018,09:00,10:00,182
23.08.2018,10:00,11:00,178
23.08.2018,11:00,12:00,162
23.08.2018,12:00,13:00,142
23.08.2018,13:00,14:00,142
23.08.2018,14:00,15:00,152
23.08.2018,15:00,16:00,174
23.08.2018,16:00,17:00,164
23.08.2018,17:00,18:00,178
23.08.2018,18:00,19:00,171
23.08.2018,19:00,20:00,157
23.08.2018,20:00,21:00,166
23.08.2018,21:00,22:00,180
23.08.2018,22:00,23:00,155
23.08.2018,23:00,00:00,127
24.08.2018,00:00,01:00,121
24.08.2018,01:00,02:00,121
24.08.2018,02:00,03:00,121
24.08.2018,03:00,04:00,126
24.08.2018,04:00,05:00,123
24.08.2018,05:00,06:00,134
24.08.2018,06:00,07:00,158
24.08.2018,07:00,08:00,187
24.08.2018,08:00,09:00,201
24.08.2018,09:00,10:00,199
24.08.2018,10:00,11:00,200
24.08.2018,11:00,12:00,212
24.08.2018,12:00,13:00,219
24.08.2018,13:00,14:00,172
24.08.2018,14:00,15:00,168
24.08.2018,15:00,16:00,168
24.08.2018,16:00,17:00,167
24.08.2018,17:00,18:00,162
24.08.2018,18:00,19:00,178
24.08.2018,19:00,20:00,161
24.08.2018,20:00,21:00,180
24.08.2018,21:00,22:00,194
24.08.2018,22:00,23:00,186
24.08.2018,23:00,00:00,163
25.08.2018,00:00,01:00,178
25.08.2018,01:00,02:00,142
25.08.2018,02:00,03:00,130
25.08.2018,03:00,04:00,158
25.08.2018,04:00,05:00,164
25.08.2018,05:00,06:00,156
25.08.2018,06:00,07:00,142
25.08.2018,07:00,08:00,144
25.08.2018,08:00,09:00,185
25.08.2018,09:00,10:00,178
25.08.2018,10:00,11:00,168
25.08.2018,11:00,12:00,158
25.08.2018,12:00,13:00,159
25.08.2018,13:00,14:00,166
25.08.2018,14:00,15:00,151
25.08.2018,15:00,16:00,136
25.08.2018,16:00,17:00,133
25.08.2018,17:00,18:00,133
25.08.2018,18:00,19:00,145
25.08.2018,19:00,20:00,161
25.08.2018,20:00,21:00,175
25.08.2018,21:00,22:00,166
25.08.2018,22:00,23:00,173
25.08.2018,23:00,00:00,145
26.08.2018,00:00,01:00,145
26.08.2018,01:00,02:00,142
26.08.2018,02:00,03:00,144
26.08.2018,03:00,04:00,145
26.08.2018,04:00,05:00,112
26.08.2018,05:00,06:00,101
26.08.2018,06:00,07:00,95
26.08.2018,07:00,08:00,91
26.08.2018,08:00,09:00,90
26.08.2018,09:00,10:00,80
26.08.2018,10:00,11:00,83
26.08.2018,11:00,12:00,86
26.08.2018,12:00,13:00,88
26.08.2018,13:00,14:00,87
26.08.2018,14:00,15:00,73
26.08.2018,15:00,16:00,52
26.08.2018,16:00,17:00,51
26.08.2018,17:00,18:00,83
26.08.2018,18:00,19:00,141
26.08.2018,19:00,20:00,164
26.08.2018,20:00,21:00,212
26.08.2018,21:00,22:00,213
26.08.2018,22:00,23:00,166
26.08.2018,23:00,00:00,165
27.08.2018,00:00,01:00,128
27.08.2018,01:00,02:00,123
27.08.2018,02:00,03:00,120
27.08.2018,03:00,04:00,122
27.08.2018,04:00,05:00,140
27.08.2018,05:00,06:00,151
27.08.2018,06:00,07:00,179
27.08.2018,07:00,08:00,195
27.08.2018,08:00,09:00,199
27.08.2018,09:00,10:00,201
27.08.2018,10:00,11:00,175
27.08.2018,11:00,12:00,163
27.08.2018,12:00,13:00,171
27.08.2018,13:00,14:00,176
27.08.2018,14:00,15:00,174
27.08.2018,15:00,16:00,168
27.08.2018,16:00,17:00,188
27.08.2018,17:00,18:00,206
27.08.2018,18:00,19:00,201
27.08.2018,19:00,20:00,211
27.08.2018,20:00,21:00,194
27.08.2018,21:00,22:00,176
27.08.2018,22:00,23:00,172
27.08.2018,23:00,00:00,139
28.08.2018,00:00,01:00,122
28.08.2018,01:00,02:00,119
28.08.2018,02:00,03:00,121
28.08.2018,03:00,04:00,120
28.08.2018,04:00,05:00,125
28.08.2018,05:00,06:00,173
28.08.2018,06:00,07:00,192
28.08.2018,07:00,08:00,190
28.08.2018,08:00,09:00,190
28.08.2018,09:00,10:00,190
28.08.2018,10:00,11:00,180
28.08.2018,11:00,12:00,184
28.08.2018,12:00,13:00,204
28.08.2018,13:00,14:00,195
28.08.2018,14:00,15:00,194
28.08.2018,15:00,16:00,196
28.08.2018,16:00,17:00,195
28.08.2018,17:00,18:00,198
28.08.2018,18:00,19:00,196
28.08.2018,19:00,20:00,189
28.08.2018,20:00,21:00,198
28.08.2018,21:00,22:00,200
28.08.2018,22:00,23:00,198
28.08.2018,23:00,00:00,145
29.08.2018,00:00,01:00,126
29.08.2018,01:00,02:00,122
29.08.2018,02:00,03:00,122
29.08.2018,03:00,04:00,122
29.08.2018,04:00,05:00,122
29.08.2018,05:00,06:00,122
29.08.2018,06:00,07:00,122
29.08.2018,07:00,08:00,152
29.08.2018,08:00,09:00,174
29.08.2018,09:00,10:00,184
29.08.2018,10:00,11:00,218
29.08.2018,11:00,12:00,239
29.08.2018,12:00,13:00,243
29.08.2018,13:00,14:00,206
29.08.2018,14:00,15:00,202
29.08.2018,15:00,16:00,202
29.08.2018,16:00,17:00,203
29.08.2018,17:00,18:00,207
29.08.2018,18:00,19:00,183
29.08.2018,19:00,20:00,163
29.08.2018,20:00,21:00,159
29.08.2018,21:00,22:00,171
29.08.2018,22:00,23:00,189
29.08.2018,23:00,00:00,200
30.08.2018,00:00,01:00,175
30.08.2018,01:00,02:00,143
30.08.2018,02:00,03:00,126
30.08.2018,03:00,04:00,125
30.08.2018,04:00,05:00,130
30.08.2018,05:00,06:00,166
30.08.2018,06:00,07:00,176
30.08.2018,07:00,08:00,188
30.08.2018,08:00,09:00,188
30.08.2018,09:00,10:00,198
30.08.2018,10:00,11:00,190
30.08.2018,11:00,12:00,195
30.08.2018,12:00,13:00,196
30.08.2018,13:00,14:00,197
30.08.2018,14:00,15:00,207
30.08.2018,15:00,16:00,211
30.08.2018,16:00,17:00,212
30.08.2018,17:00,18:00,212
30.08.2018,18:00,19:00,221
30.08.2018,19:00,20:00,201
30.08.2018,20:00,21:00,217
30.08.2018,21:00,22:00,199
30.08.2018,22:00,23:00,152
30.08.2018,23:00,00:00,139
31.08.2018,00:00,01:00,122
31.08.2018,01:00,02:00,119
31.08.2018,02:00,03:00,119
31.08.2018,03:00,04:00,120
31.08.2018,04:00,05:00,122
31.08.2018,05:00,06:00,121
31.08.2018,06:00,07:00,130
31.08.2018,07:00,08:00,153
31.08.2018,08:00,09:00,205
31.08.2018,09:00,10:00,208
31.08.2018,10:00,11:00,213
31.08.2018,11:00,12:00,214
31.08.2018,12:00,13:00,236
31.08.2018,13:00,14:00,236
31.08.2018,14:00,15:00,239
31.08.2018,15:00,16:00,242
31.08.2018,16:00,17:00,219
31.08.2018,17:00,18:00,232
31.08.2018,18:00,19:00,233
31.08.2018,19:00,20:00,239
31.08.2018,20:00,21:00,243
31.08.2018,21:00,22:00,242
31.08.2018,22:00,23:00,242
31.08.2018,23:00,00:00,216
01.09.2018,00:00,01:00,186
01.09.2018,01:00,02:00,187
01.09.2018,02:00,03:00,168
01.09.2018,03:00,04:00,148
01.09.2018,04:00,05:00,161
01.09.2018,05:00,06:00,200
01.09.2018,06:00,07:00,161
01.09.2018,07:00,08:00,175
01.09.2018,08:00,09:00,176
01.09.2018,09:00,10:00,176
01.09.2018,10:00,11:00,204
01.09.2018,11:00,12:00,158
01.09.2018,12:00,13:00,153
01.09.2018,13:00,14:00,136
01.09.2018,14:00,15:00,136
01.09.2018,15:00,16:00,136
01.09.2018,16:00,17:00,136
01.09.2018,17:00,18:00,137
01.09.2018,18:00,19:00,155
01.09.2018,19:00,20:00,196
01.09.2018,20:00,21:00,209
01.09.2018,21:00,22:00,210
01.09.2018,22:00,23:00,178
01.09.2018,23:00,00:00,157
02.09.2018,00:00,01:00,113
02.09.2018,01:00,02:00,106
02.09.2018,02:00,03:00,107
02.09.2018,03:00,04:00,107
02.09.2018,04:00,05:00,107
02.09.2018,05:00,06:00,108
02.09.2018,06:00,07:00,113
02.09.2018,07:00,08:00,111
02.09.2018,08:00,09:00,112
02.09.2018,09:00,10:00,135
02.09.2018,10:00,11:00,149
02.09.2018,11:00,12:00,150
02.09.2018,12:00,13:00,142
02.09.2018,13:00,14:00,130
02.09.2018,14:00,15:00,122
02.09.2018,15:00,16:00,116
02.09.2018,16:00,17:00,117
02.09.2018,17:00,18:00,185
02.09.2018,18:00,19:00,205
02.09.2018,19:00,20:00,217
02.09.2018,20:00,21:00,233
02.09.2018,21:00,22:00,238
02.09.2018,22:00,23:00,242
02.09.2018,23:00,00:00,233
03.09.2018,00:00,01:00,160
03.09.2018,01:00,02:00,140
03.09.2018,02:00,03:00,135
03.09.2018,03:00,04:00,145
03.09.2018,04:00,05:00,127
03.09.2018,05:00,06:00,162
03.09.2018,06:00,07:00,227
03.09.2018,07:00,08:00,231
03.09.2018,08:00,09:00,228
03.09.2018,09:00,10:00,221
03.09.2018,10:00,11:00,207
03.09.2018,11:00,12:00,203
03.09.2018,12:00,13:00,203
03.09.2018,13:00,14:00,207
03.09.2018,14:00,15:00,206
03.09.2018,15:00,16:00,232
03.09.2018,16:00,17:00,245
03.09.2018,17:00,18:00,238
03.09.2018,18:00,19:00,243
03.09.2018,19:00,20:00,242
03.09.2018,20:00,21:00,243
03.09.2018,21:00,22:00,243
03.09.2018,22:00,23:00,242
03.09.2018,23:00,00:00,194
04.09.2018,00:00,01:00,175
04.09.2018,01:00,02:00,184
04.09.2018,02:00,03:00,167
04.09.2018,03:00,04:00,189
04.09.2018,04:00,05:00,197
04.09.2018,05:00,06:00,213
04.09.2018,06:00,07:00,197
04.09.2018,07:00,08:00,228
04.09.2018,08:00,09:00,230
04.09.2018,09:00,10:00,231
04.09.2018,10:00,11:00,213
04.09.2018,11:00,12:00,212
04.09.2018,12:00,13:00,194
04.09.2018,13:00,14:00,192
04.09.2018,14:00,15:00,211
04.09.2018,15:00,16:00,217
04.09.2018,16:00,17:00,240
04.09.2018,17:00,18:00,246
04.09.2018,18:00,19:00,234
04.09.2018,19:00,20:00,250
04.09.2018,20:00,21:00,284
04.09.2018,21:00,22:00,302
04.09.2018,22:00,23:00,265
04.09.2018,23:00,00:00,208
05.09.2018,00:00,01:00,137
05.09.2018,01:00,02:00,122
05.09.2018,02:00,03:00,121
05.09.2018,03:00,04:00,130
05.09.2018,04:00,05:00,131
05.09.2018,05:00,06:00,167
05.09.2018,06:00,07:00,218
05.09.2018,07:00,08:00,239
05.09.2018,08:00,09:00,240
05.09.2018,09:00,10:00,240
05.09.2018,10:00,11:00,250
05.09.2018,11:00,12:00,266
05.09.2018,12:00,13:00,270
05.09.2018,13:00,14:00,252
05.09.2018,14:00,15:00,265
05.09.2018,15:00,16:00,255
05.09.2018,16:00,17:00,254
05.09.2018,17:00,18:00,243
05.09.2018,18:00,19:00,251
05.09.2018,19:00,20:00,256
05.09.2018,20:00,21:00,254
05.09.2018,21:00,22:00,235
05.09.2018,22:00,23:00,209
05.09.2018,23:00,00:00,210
06.09.2018,00:00,01:00,167
06.09.2018,01:00,02:00,146
06.09.2018,02:00,03:00,136
06.09.2018,03:00,04:00,137
06.09.2018,04:00,05:00,141
06.09.2018,05:00,06:00,213
06.09.2018,06:00,07:00,236
06.09.2018,07:00,08:00,269
06.09.2018,08:00,09:00,255
06.09.2018,09:00,10:00,261
06.09.2018,10:00,11:00,271
06.09.2018,11:00,12:00,257
06.09.2018,12:00,13:00,251
06.09.2018,13:00,14:00,246
06.09.2018,14:00,15:00,218
06.09.2018,15:00,16:00,221
06.09.2018,16:00,17:00,232
06.09.2018,17:00,18:00,241
06.09.2018,18:00,19:00,240
06.09.2018,19:00,20:00,257
06.09.2018,20:00,21:00,259
06.09.2018,21:00,22:00,249
06.09.2018,22:00,23:00,267
06.09.2018,23:00,00:00,310
07.09.2018,00:00,01:00,243
07.09.2018,01:00,02:00,153
07.09.2018,02:00,03:00,135
07.09.2018,03:00,04:00,136
07.09.2018,04:00,05:00,136
07.09.2018,05:00,06:00,159
07.09.2018,06:00,07:00,264
07.09.2018,07:00,08:00,309
07.09.2018,08:00,09:00,297
07.09.2018,09:00,10:00,320
07.09.2018,10:00,11:00,292
07.09.2018,11:00,12:00,315
07.09.2018,12:00,13:00,327
07.09.2018,13:00,14:00,284
07.09.2018,14:00,15:00,197
07.09.2018,15:00,16:00,191
07.09.2018,16:00,17:00,171
07.09.2018,17:00,18:00,205
07.09.2018,18:00,19:00,211
07.09.2018,19:00,20:00,206
07.09.2018,20:00,21:00,243
07.09.2018,21:00,22:00,227
07.09.2018,22:00,23:00,260
07.09.2018,23:00,00:00,231
08.09.2018,00:00,01:00,150
08.09.2018,01:00,02:00,121
08.09.2018,02:00,03:00,126
08.09.2018,03:00,04:00,122
08.09.2018,04:00,05:00,140
08.09.2018,05:00,06:00,126
08.09.2018,06:00,07:00,125
08.09.2018,07:00,08:00,135
08.09.2018,08:00,09:00,132
08.09.2018,09:00,10:00,129
08.09.2018,10:00,11:00,122
08.09.2018,11:00,12:00,123
08.09.2018,12:00,13:00,117
08.09.2018,13:00,14:00,111
08.09.2018,14:00,15:00,94
08.09.2018,15:00,16:00,104
08.09.2018,16:00,17:00,87
08.09.2018,17:00,18:00,122
08.09.2018,18:00,19:00,242
08.09.2018,19:00,20:00,263
08.09.2018,20:00,21:00,275
08.09.2018,21:00,22:00,261
08.09.2018,22:00,23:00,240
08.09.2018,23:00,00:00,186
09.09.2018,00:00,01:00,148
09.09.2018,01:00,02:00,128
09.09.2018,02:00,03:00,127
09.09.2018,03:00,04:00,124
09.09.2018,04:00,05:00,135
09.09.2018,05:00,06:00,164
09.09.2018,06:00,07:00,170
09.09.2018,07:00,08:00,129
09.09.2018,08:00,09:00,120
09.09.2018,09:00,10:00,120
09.09.2018,10:00,11:00,114
09.09.2018,11:00,12:00,111
09.09.2018,12:00,13:00,106
09.09.2018,13:00,14:00,103
09.09.2018,14:00,15:00,83
09.09.2018,15:00,16:00,74
09.09.2018,16:00,17:00,126
09.09.2018,17:00,18:00,141
09.09.2018,18:00,19:00,168
09.09.2018,19:00,20:00,287
09.09.2018,20:00,21:00,302
09.09.2018,21:00,22:00,300
09.09.2018,22:00,23:00,237
09.09.2018,23:00,00:00,165
10.09.2018,00:00,01:00,139
10.09.2018,01:00,02:00,135
10.09.2018,02:00,03:00,135
10.09.2018,03:00,04:00,136
10.09.2018,04:00,05:00,132
10.09.2018,05:00,06:00,147
10.09.2018,06:00,07:00,225
10.09.2018,07:00,08:00,301
10.09.2018,08:00,09:00,302
10.09.2018,09:00,10:00,259
10.09.2018,10:00,11:00,266
10.09.2018,11:00,12:00,264
10.09.2018,12:00,13:00,228
10.09.2018,13:00,14:00,193
10.09.2018,14:00,15:00,175
10.09.2018,15:00,16:00,163
10.09.2018,16:00,17:00,157
10.09.2018,17:00,18:00,195
10.09.2018,18:00,19:00,246
10.09.2018,19:00,20:00,261
10.09.2018,20:00,21:00,262
10.09.2018,21:00,22:00,250
10.09.2018,22:00,23:00,216
10.09.2018,23:00,00:00,196
11.09.2018,00:00,01:00,212
11.09.2018,01:00,02:00,180
11.09.2018,02:00,03:00,128
11.09.2018,03:00,04:00,131
11.09.2018,04:00,05:00,131
11.09.2018,05:00,06:00,131
11.09.2018,06:00,07:00,203
11.09.2018,07:00,08:00,211
11.09.2018,08:00,09:00,193
11.09.2018,09:00,10:00,183
11.09.2018,10:00,11:00,184
11.09.2018,11:00,12:00,180
11.09.2018,12:00,13:00,178
11.09.2018,13:00,14:00,181
11.09.2018,14:00,15:00,179
11.09.2018,15:00,16:00,180
11.09.2018,16:00,17:00,180
11.09.2018,17:00,18:00,166
11.09.2018,18:00,19:00,202
11.09.2018,19:00,20:00,229
11.09.2018,20:00,21:00,231
11.09.2018,21:00,22:00,207
11.09.2018,22:00,23:00,142
11.09.2018,23:00,00:00,136
12.09.2018,00:00,01:00,157
12.09.2018,01:00,02:00,186
12.09.2018,02:00,03:00,178
12.09.2018,03:00,04:00,171
12.09.2018,04:00,05:00,155
12.09.2018,05:00,06:00,205
12.09.2018,06:00,07:00,217
12.09.2018,07:00,08:00,203
12.09.2018,08:00,09:00,233
12.09.2018,09:00,10:00,244
12.09.2018,10:00,11:00,237
12.09.2018,11:00,12:00,241
12.09.2018,12:00,13:00,240
12.09.2018,13:00,14:00,241
12.09.2018,14:00,15:00,235
12.09.2018,15:00,16:00,229
12.09.2018,16:00,17:00,222
12.09.2018,17:00,18:00,247
12.09.2018,18:00,19:00,255
12.09.2018,19:00,20:00,249
12.09.2018,20:00,21:00,249
12.09.2018,21:00,22:00,259
12.09.2018,22:00,23:00,237
12.09.2018,23:00,00:00,171
13.09.2018,00:00,01:00,144
13.09.2018,01:00,02:00,128
13.09.2018,02:00,03:00,127
13.09.2018,03:00,04:00,128
13.09.2018,04:00,05:00,129
13.09.2018,05:00,06:00,175
13.09.2018,06:00,07:00,217
13.09.2018,07:00,08:00,226
13.09.2018,08:00,09:00,241
13.09.2018,09:00,10:00,250
13.09.2018,10:00,11:00,254
13.09.2018,11:00,12:00,239
13.09.2018,12:00,13:00,231
13.09.2018,13:00,14:00,228
13.09.2018,14:00,15:00,205
13.09.2018,15:00,16:00,203
13.09.2018,16:00,17:00,222
13.09.2018,17:00,18:00,222
13.09.2018,18:00,19:00,222
13.09.2018,19:00,20:00,222
13.09.2018,20:00,21:00,213
13.09.2018,21:00,22:00,219
13.09.2018,22:00,23:00,221
13.09.2018,23:00,00:00,157
14.09.2018,00:00,01:00,140
14.09.2018,01:00,02:00,130
14.09.2018,02:00,03:00,130
14.09.2018,03:00,04:00,130
14.09.2018,04:00,05:00,134
14.09.2018,05:00,06:00,197
14.09.2018,06:00,07:00,240
14.09.2018,07:00,08:00,249
14.09.2018,08:00,09:00,249
14.09.2018,09:00,10:00,258
14.09.2018,10:00,11:00,278
14.09.2018,11:00,12:00,255
14.09.2018,12:00,13:00,234
14.09.2018,13:00,14:00,249
14.09.2018,14:00,15:00,223
14.09.2018,15:00,16:00,208
14.09.2018,16:00,17:00,211
14.09.2018,17:00,18:00,226
14.09.2018,18:00,19:00,243
14.09.2018,19:00,20:00,259
14.09.2018,20:00,21:00,258
14.09.2018,21:00,22:00,237
14.09.2018,22:00,23:00,229
14.09.2018,23:00,00:00,175
15.09.2018,00:00,01:00,145
15.09.2018,01:00,02:00,114
15.09.2018,02:00,03:00,109
15.09.2018,03:00,04:00,109
15.09.2018,04:00,05:00,109
15.09.2018,05:00,06:00,109
15.09.2018,06:00,07:00,109
15.09.2018,07:00,08:00,133
15.09.2018,08:00,09:00,172
15.09.2018,09:00,10:00,145
15.09.2018,10:00,11:00,194
15.09.2018,11:00,12:00,189
15.09.2018,12:00,13:00,155
15.09.2018,13:00,14:00,157
15.09.2018,14:00,15:00,160
15.09.2018,15:00,16:00,166
15.09.2018,16:00,17:00,137
15.09.2018,17:00,18:00,148
15.09.2018,18:00,19:00,225
15.09.2018,19:00,20:00,241
15.09.2018,20:00,21:00,240
15.09.2018,21:00,22:00,231
15.09.2018,22:00,23:00,224
15.09.2018,23:00,00:00,181
16.09.2018,00:00,01:00,134
16.09.2018,01:00,02:00,129
16.09.2018,02:00,03:00,120
16.09.2018,03:00,04:00,124
16.09.2018,04:00,05:00,115
16.09.2018,05:00,06:00,118
16.09.2018,06:00,07:00,132
16.09.2018,07:00,08:00,128
16.09.2018,08:00,09:00,108
16.09.2018,09:00,10:00,101
16.09.2018,10:00,11:00,113
16.09.2018,11:00,12:00,101
16.09.2018,12:00,13:00,96
16.09.2018,13:00,14:00,93
16.09.2018,14:00,15:00,91
16.09.2018,15:00,16:00,97
16.09.2018,16:00,17:00,98
16.09.2018,17:00,18:00,161
16.09.2018,18:00,19:00,218
16.09.2018,19:00,20:00,239
16.09.2018,20:00,21:00,239
16.09.2018,21:00,22:00,224
16.09.2018,22:00,23:00,201
16.09.2018,23:00,00:00,146
17.09.2018,00:00,01:00,138
17.09.2018,01:00,02:00,133
17.09.2018,02:00,03:00,127
17.09.2018,03:00,04:00,122
17.09.2018,04:00,05:00,121
17.09.2018,05:00,06:00,153
17.09.2018,06:00,07:00,227
17.09.2018,07:00,08:00,248
17.09.2018,08:00,09:00,249
17.09.2018,09:00,10:00,253
17.09.2018,10:00,11:00,253
17.09.2018,11:00,12:00,243
17.09.2018,12:00,13:00,232
17.09.2018,13:00,14:00,227
17.09.2018,14:00,15:00,204
17.09.2018,15:00,16:00,212
17.09.2018,16:00,17:00,237
17.09.2018,17:00,18:00,242
17.09.2018,18:00,19:00,238
17.09.2018,19:00,20:00,250
17.09.2018,20:00,21:00,251
17.09.2018,21:00,22:00,250
17.09.2018,22:00,23:00,235
17.09.2018,23:00,00:00,166
18.09.2018,00:00,01:00,126
18.09.2018,01:00,02:00,122
18.09.2018,02:00,03:00,122
18.09.2018,03:00,04:00,128
18.09.2018,04:00,05:00,157
18.09.2018,05:00,06:00,155
18.09.2018,06:00,07:00,204
18.09.2018,07:00,08:00,253
18.09.2018,08:00,09:00,257
18.09.2018,09:00,10:00,252
18.09.2018,10:00,11:00,254
18.09.2018,11:00,12:00,250
18.09.2018,12:00,13:00,235
18.09.2018,13:00,14:00,242
18.09.2018,14:00,15:00,241
18.09.2018,15:00,16:00,242
18.09.2018,16:00,17:00,242
18.09.2018,17:00,18:00,242
18.09.2018,18:00,19:00,247
18.09.2018,19:00,20:00,254
18.09.2018,20:00,21:00,253
18.09.2018,21:00,22:00,254
18.09.2018,22:00,23:00,233
18.09.2018,23:00,00:00,185
19.09.2018,00:00,01:00,164
19.09.2018,01:00,02:00,129
19.09.2018,02:00,03:00,126
19.09.2018,03:00,04:00,126
19.09.2018,04:00,05:00,125
19.09.2018,05:00,06:00,173
19.09.2018,06:00,07:00,222
19.09.2018,07:00,08:00,251
19.09.2018,08:00,09:00,249
19.09.2018,09:00,10:00,272
19.09.2018,10:00,11:00,284
19.09.2018,11:00,12:00,282
19.09.2018,12:00,13:00,220
19.09.2018,13:00,14:00,194
19.09.2018,14:00,15:00,194
19.09.2018,15:00,16:00,193
19.09.2018,16:00,17:00,195
19.09.2018,17:00,18:00,207
19.09.2018,18:00,19:00,252
19.09.2018,19:00,20:00,254
19.09.2018,20:00,21:00,248
19.09.2018,21:00,22:00,219
19.09.2018,22:00,23:00,223
19.09.2018,23:00,00:00,188
20.09.2018,00:00,01:00,172
20.09.2018,01:00,02:00,142
20.09.2018,02:00,03:00,133
20.09.2018,03:00,04:00,133
20.09.2018,04:00,05:00,200
20.09.2018,05:00,06:00,214
20.09.2018,06:00,07:00,225
20.09.2018,07:00,08:00,254
20.09.2018,08:00,09:00,254
20.09.2018,09:00,10:00,254
20.09.2018,10:00,11:00,254
20.09.2018,11:00,12:00,243
20.09.2018,12:00,13:00,199
20.09.2018,13:00,14:00,198
20.09.2018,14:00,15:00,155
20.09.2018,15:00,16:00,184
20.09.2018,16:00,17:00,219
20.09.2018,17:00,18:00,254
20.09.2018,18:00,19:00,253
20.09.2018,19:00,20:00,254
20.09.2018,20:00,21:00,251
20.09.2018,21:00,22:00,222
20.09.2018,22:00,23:00,186
20.09.2018,23:00,00:00,166
21.09.2018,00:00,01:00,118
21.09.2018,01:00,02:00,132
21.09.2018,02:00,03:00,117
21.09.2018,03:00,04:00,108
21.09.2018,04:00,05:00,107
21.09.2018,05:00,06:00,123
21.09.2018,06:00,07:00,119
21.09.2018,07:00,08:00,124
21.09.2018,08:00,09:00,103
21.09.2018,09:00,10:00,92
21.09.2018,10:00,11:00,47
21.09.2018,11:00,12:00,0
21.09.2018,12:00,13:00,0
21.09.2018,13:00,14:00,0
21.09.2018,14:00,15:00,0
21.09.2018,15:00,16:00,0
21.09.2018,16:00,17:00,0
21.09.2018,17:00,18:00,0
21.09.2018,18:00,19:00,0
21.09.2018,19:00,20:00,0
21.09.2018,20:00,21:00,0
21.09.2018,21:00,22:00,0
21.09.2018,22:00,23:00,0
21.09.2018,23:00,00:00,0
22.09.2018,00:00,01:00,0
22.09.2018,01:00,02:00,0
22.09.2018,02:00,03:00,0
22.09.2018,03:00,04:00,0
22.09.2018,04:00,05:00,0
22.09.2018,05:00,06:00,0
22.09.2018,06:00,07:00,0
22.09.2018,07:00,08:00,0
22.09.2018,08:00,09:00,0
22.09.2018,09:00,10:00,0
22.09.2018,10:00,11:00,0
22.09.2018,11:00,12:00,0
22.09.2018,12:00,13:00,0
22.09.2018,13:00,14:00,0
22.09.2018,14:00,15:00,0
22.09.2018,15:00,16:00,0
22.09.2018,16:00,17:00,0
22.09.2018,17:00,18:00,0
22.09.2018,18:00,19:00,0
22.09.2018,19:00,20:00,0
22.09.2018,20:00,21:00,0
22.09.2018,21:00,22:00,0
22.09.2018,22:00,23:00,0
22.09.2018,23:00,00:00,0
23.09.2018,00:00,01:00,0
23.09.2018,01:00,02:00,0
23.09.2018,02:00,03:00,0
23.09.2018,03:00,04:00,0
23.09.2018,04:00,05:00,0
23.09.2018,05:00,06:00,0
23.09.2018,06:00,07:00,0
23.09.2018,07:00,08:00,0
23.09.2018,08:00,09:00,0
23.09.2018,09:00,10:00,0
23.09.2018,10:00,11:00,0
23.09.2018,11:00,12:00,0
23.09.2018,12:00,13:00,0
23.09.2018,13:00,14:00,0
23.09.2018,14:00,15:00,0
23.09.2018,15:00,16:00,0
23.09.2018,16:00,17:00,0
23.09.2018,17:00,18:00,0
23.09.2018,18:00,19:00,0
23.09.2018,19:00,20:00,0
23.09.2018,20:00,21:00,0
23.09.2018,21:00,22:00,0
23.09.2018,22:00,23:00,0
23.09.2018,23:00,00:00,0
24.09.2018,00:00,01:00,0
24.09.2018,01:00,02:00,0
24.09.2018,02:00,03:00,0
24.09.2018,03:00,04:00,0
24.09.2018,04:00,05:00,0
24.09.2018,05:00,06:00,0
24.09.2018,06:00,07:00,0
24.09.2018,07:00,08:00,0
24.09.2018,08:00,09:00,0
24.09.2018,09:00,10:00,0
24.09.2018,10:00,11:00,0
24.09.2018,11:00,12:00,0
24.09.2018,12:00,13:00,0
24.09.2018,13:00,14:00,0
24.09.2018,14:00,15:00,0
24.09.2018,15:00,16:00,0
24.09.2018,16:00,17:00,0
24.09.2018,17:00,18:00,0
24.09.2018,18:00,19:00,0
24.09.2018,19:00,20:00,0
24.09.2018,20:00,21:00,0
24.09.2018,21:00,22:00,0
24.09.2018,22:00,23:00,0
24.09.2018,23:00,00:00,0
25.09.2018,00:00,01:00,0
25.09.2018,01:00,02:00,0
25.09.2018,02:00,03:00,0
25.09.2018,03:00,04:00,0
25.09.2018,04:00,05:00,0
25.09.2018,05:00,06:00,0
25.09.2018,06:00,07:00,0
25.09.2018,07:00,08:00,0
25.09.2018,08:00,09:00,0
25.09.2018,09:00,10:00,0
25.09.2018,10:00,11:00,0
25.09.2018,11:00,12:00,0
25.09.2018,12:00,13:00,0
25.09.2018,13:00,14:00,0
25.09.2018,14:00,15:00,0
25.09.2018,15:00,16:00,0
25.09.2018,16:00,17:00,0
25.09.2018,17:00,18:00,0
25.09.2018,18:00,19:00,0
25.09.2018,19:00,20:00,0
25.09.2018,20:00,21:00,0
25.09.2018,21:00,22:00,0
25.09.2018,22:00,23:00,0
25.09.2018,23:00,00:00,0
26.09.2018,00:00,01:00,0
26.09.2018,01:00,02:00,0
26.09.2018,02:00,03:00,0
26.09.2018,03:00,04:00,0
26.09.2018,04:00,05:00,0
26.09.2018,05:00,06:00,0
26.09.2018,06:00,07:00,0
26.09.2018,07:00,08:00,0
26.09.2018,08:00,09:00,0
26.09.2018,09:00,10:00,0
26.09.2018,10:00,11:00,0
26.09.2018,11:00,12:00,0
26.09.2018,12:00,13:00,0
26.09.2018,13:00,14:00,0
26.09.2018,14:00,15:00,0
26.09.2018,15:00,16:00,0
26.09.2018,16:00,17:00,0
26.09.2018,17:00,18:00,0
26.09.2018,18:00,19:00,0
26.09.2018,19:00,20:00,0
26.09.2018,20:00,21:00,0
26.09.2018,21:00,22:00,0
26.09.2018,22:00,23:00,0
26.09.2018,23:00,00:00,0
27.09.2018,00:00,01:00,0
27.09.2018,01:00,02:00,0
27.09.2018,02:00,03:00,0
27.09.2018,03:00,04:00,0
27.09.2018,04:00,05:00,0
27.09.2018,05:00,06:00,0
27.09.2018,06:00,07:00,0
27.09.2018,07:00,08:00,0
27.09.2018,08:00,09:00,0
27.09.2018,09:00,10:00,0
27.09.2018,10:00,11:00,0
27.09.2018,11:00,12:00,0
27.09.2018,12:00,13:00,0
27.09.2018,13:00,14:00,0
27.09.2018,14:00,15:00,0
27.09.2018,15:00,16:00,0
27.09.2018,16:00,17:00,0
27.09.2018,17:00,18:00,0
27.09.2018,18:00,19:00,0
27.09.2018,19:00,20:00,0
27.09.2018,20:00,21:00,0
27.09.2018,21:00,22:00,0
27.09.2018,22:00,23:00,0
27.09.2018,23:00,00:00,0
28.09.2018,00:00,01:00,0
28.09.2018,01:00,02:00,0
28.09.2018,02:00,03:00,0
28.09.2018,03:00,04:00,0
28.09.2018,04:00,05:00,0
28.09.2018,05:00,06:00,0
28.09.2018,06:00,07:00,0
28.09.2018,07:00,08:00,0
28.09.2018,08:00,09:00,0
28.09.2018,09:00,10:00,0
28.09.2018,10:00,11:00,37
28.09.2018,11:00,12:00,14
28.09.2018,12:00,13:00,0
28.09.2018,13:00,14:00,0
28.09.2018,14:00,15:00,0
28.09.2018,15:00,16:00,0
28.09.2018,16:00,17:00,0
28.09.2018,17:00,18:00,0
28.09.2018,18:00,19:00,0
28.09.2018,19:00,20:00,0
28.09.2018,20:00,21:00,0
28.09.2018,21:00,22:00,0
28.09.2018,22:00,23:00,0
28.09.2018,23:00,00:00,0
29.09.2018,00:00,01:00,0
29.09.2018,01:00,02:00,0
29.09.2018,02:00,03:00,0
29.09.2018,03:00,04:00,0
29.09.2018,04:00,05:00,0
29.09.2018,05:00,06:00,0
29.09.2018,06:00,07:00,0
29.09.2018,07:00,08:00,0
29.09.2018,08:00,09:00,0
29.09.2018,09:00,10:00,0
29.09.2018,10:00,11:00,0
29.09.2018,11:00,12:00,0
29.09.2018,12:00,13:00,0
29.09.2018,13:00,14:00,0
29.09.2018,14:00,15:00,0
29.09.2018,15:00,16:00,0
29.09.2018,16:00,17:00,0
29.09.2018,17:00,18:00,0
29.09.2018,18:00,19:00,0
29.09.2018,19:00,20:00,0
29.09.2018,20:00,21:00,0
29.09.2018,21:00,22:00,0
29.09.2018,22:00,23:00,0
29.09.2018,23:00,00:00,0
30.09.2018,00:00,01:00,0
30.09.2018,01:00,02:00,0
30.09.2018,02:00,03:00,0
30.09.2018,03:00,04:00,0
30.09.2018,04:00,05:00,0
30.09.2018,05:00,06:00,0
30.09.2018,06:00,07:00,0
30.09.2018,07:00,08:00,0
30.09.2018,08:00,09:00,0
30.09.2018,09:00,10:00,0
30.09.2018,10:00,11:00,34
30.09.2018,11:00,12:00,86
30.09.2018,12:00,13:00,24
30.09.2018,13:00,14:00,0
30.09.2018,14:00,15:00,0
30.09.2018,15:00,16:00,0
30.09.2018,16:00,17:00,0
30.09.2018,17:00,18:00,0
30.09.2018,18:00,19:00,0
30.09.2018,19:00,20:00,0
30.09.2018,20:00,21:00,0
30.09.2018,21:00,22:00,0
30.09.2018,22:00,23:00,0
30.09.2018,23:00,00:00,0
01.10.2018,00:00,01:00,0
01.10.2018,01:00,02:00,0
01.10.2018,02:00,03:00,0
01.10.2018,03:00,04:00,0
01.10.2018,04:00,05:00,0
01.10.2018,05:00,06:00,0
01.10.2018,06:00,07:00,0
01.10.2018,07:00,08:00,0
01.10.2018,08:00,09:00,0
01.10.2018,09:00,10:00,0
01.10.2018,10:00,11:00,0
01.10.2018,11:00,12:00,0
01.10.2018,12:00,13:00,0
01.10.2018,13:00,14:00,2
01.10.2018,14:00,15:00,93
01.10.2018,15:00,16:00,129
01.10.2018,16:00,17:00,130
01.10.2018,17:00,18:00,136
01.10.2018,18:00,19:00,162
01.10.2018,19:00,20:00,178
01.10.2018,20:00,21:00,151
01.10.2018,21:00,22:00,158
01.10.2018,22:00,23:00,154
01.10.2018,23:00,00:00,122
02.10.2018,00:00,01:00,123
02.10.2018,01:00,02:00,122
02.10.2018,02:00,03:00,122
02.10.2018,03:00,04:00,109
02.10.2018,04:00,05:00,122
02.10.2018,05:00,06:00,122
02.10.2018,06:00,07:00,109
02.10.2018,07:00,08:00,17
02.10.2018,08:00,09:00,0
02.10.2018,09:00,10:00,0
02.10.2018,10:00,11:00,0
02.10.2018,11:00,12:00,8
02.10.2018,12:00,13:00,86
02.10.2018,13:00,14:00,117
02.10.2018,14:00,15:00,132
02.10.2018,15:00,16:00,127
02.10.2018,16:00,17:00,121
02.10.2018,17:00,18:00,122
02.10.2018,18:00,19:00,128
02.10.2018,19:00,20:00,157
02.10.2018,20:00,21:00,126
02.10.2018,21:00,22:00,113
02.10.2018,22:00,23:00,108
02.10.2018,23:00,00:00,88
03.10.2018,00:00,01:00,83
03.10.2018,01:00,02:00,97
03.10.2018,02:00,03:00,84
03.10.2018,03:00,04:00,81
03.10.2018,04:00,05:00,79
03.10.2018,05:00,06:00,86
03.10.2018,06:00,07:00,91
03.10.2018,07:00,08:00,90
03.10.2018,08:00,09:00,91
03.10.2018,09:00,10:00,90
03.10.2018,10:00,11:00,91
03.10.2018,11:00,12:00,91
03.10.2018,12:00,13:00,90
03.10.2018,13:00,14:00,90
03.10.2018,14:00,15:00,90
03.10.2018,15:00,16:00,90
03.10.2018,16:00,17:00,90
03.10.2018,17:00,18:00,98
03.10.2018,18:00,19:00,118
03.10.2018,19:00,20:00,121
03.10.2018,20:00,21:00,125
03.10.2018,21:00,22:00,124
03.10.2018,22:00,23:00,145
03.10.2018,23:00,00:00,177
04.10.2018,00:00,01:00,150
04.10.2018,01:00,02:00,147
04.10.2018,02:00,03:00,114
04.10.2018,03:00,04:00,107
04.10.2018,04:00,05:00,100
04.10.2018,05:00,06:00,148
04.10.2018,06:00,07:00,200
04.10.2018,07:00,08:00,235
04.10.2018,08:00,09:00,275
04.10.2018,09:00,10:00,258
04.10.2018,10:00,11:00,265
04.10.2018,11:00,12:00,269
04.10.2018,12:00,13:00,261
04.10.2018,13:00,14:00,204
04.10.2018,14:00,15:00,188
04.10.2018,15:00,16:00,224
04.10.2018,16:00,17:00,232
04.10.2018,17:00,18:00,266
04.10.2018,18:00,19:00,269
04.10.2018,19:00,20:00,267
04.10.2018,20:00,21:00,255
04.10.2018,21:00,22:00,231
04.10.2018,22:00,23:00,225
04.10.2018,23:00,00:00,180
05.10.2018,00:00,01:00,153
05.10.2018,01:00,02:00,151
05.10.2018,02:00,03:00,141
05.10.2018,03:00,04:00,143
05.10.2018,04:00,05:00,151
05.10.2018,05:00,06:00,165
05.10.2018,06:00,07:00,194
05.10.2018,07:00,08:00,222
05.10.2018,08:00,09:00,227
05.10.2018,09:00,10:00,202
05.10.2018,10:00,11:00,204
05.10.2018,11:00,12:00,218
05.10.2018,12:00,13:00,220
05.10.2018,13:00,14:00,191
05.10.2018,14:00,15:00,188
05.10.2018,15:00,16:00,188
05.10.2018,16:00,17:00,196
05.10.2018,17:00,18:00,260
05.10.2018,18:00,19:00,265
05.10.2018,19:00,20:00,266
05.10.2018,20:00,21:00,245
05.10.2018,21:00,22:00,224
05.10.2018,22:00,23:00,195
05.10.2018,23:00,00:00,151
06.10.2018,00:00,01:00,124
06.10.2018,01:00,02:00,125
06.10.2018,02:00,03:00,126
06.10.2018,03:00,04:00,125
06.10.2018,04:00,05:00,125
06.10.2018,05:00,06:00,125
06.10.2018,06:00,07:00,143
06.10.2018,07:00,08:00,151
06.10.2018,08:00,09:00,177
06.10.2018,09:00,10:00,221
06.10.2018,10:00,11:00,198
06.10.2018,11:00,12:00,208
06.10.2018,12:00,13:00,210
06.10.2018,13:00,14:00,212
06.10.2018,14:00,15:00,212
06.10.2018,15:00,16:00,144
06.10.2018,16:00,17:00,202
06.10.2018,17:00,18:00,265
06.10.2018,18:00,19:00,270
06.10.2018,19:00,20:00,269
06.10.2018,20:00,21:00,270
06.10.2018,21:00,22:00,233
06.10.2018,22:00,23:00,182
06.10.2018,23:00,00:00,125
07.10.2018,00:00,01:00,123
07.10.2018,01:00,02:00,118
07.10.2018,02:00,03:00,105
07.10.2018,03:00,04:00,100
07.10.2018,04:00,05:00,96
07.10.2018,05:00,06:00,85
07.10.2018,06:00,07:00,77
07.10.2018,07:00,08:00,86
07.10.2018,08:00,09:00,85
07.10.2018,09:00,10:00,92
07.10.2018,10:00,11:00,101
07.10.2018,11:00,12:00,101
07.10.2018,12:00,13:00,88
07.10.2018,13:00,14:00,86
07.10.2018,14:00,15:00,85
07.10.2018,15:00,16:00,85
07.10.2018,16:00,17:00,90
07.10.2018,17:00,18:00,171
07.10.2018,18:00,19:00,225
07.10.2018,19:00,20:00,255
07.10.2018,20:00,21:00,230
07.10.2018,21:00,22:00,231
07.10.2018,22:00,23:00,207
07.10.2018,23:00,00:00,142
08.10.2018,00:00,01:00,130
08.10.2018,01:00,02:00,125
08.10.2018,02:00,03:00,125
08.10.2018,03:00,04:00,124
08.10.2018,04:00,05:00,125
08.10.2018,05:00,06:00,157
08.10.2018,06:00,07:00,214
08.10.2018,07:00,08:00,249
08.10.2018,08:00,09:00,256
08.10.2018,09:00,10:00,261
08.10.2018,10:00,11:00,262
08.10.2018,11:00,12:00,259
08.10.2018,12:00,13:00,242
08.10.2018,13:00,14:00,223
08.10.2018,14:00,15:00,230
08.10.2018,15:00,16:00,242
08.10.2018,16:00,17:00,252
08.10.2018,17:00,18:00,252
08.10.2018,18:00,19:00,256
08.10.2018,19:00,20:00,254
08.10.2018,20:00,21:00,252
08.10.2018,21:00,22:00,239
08.10.2018,22:00,23:00,214
08.10.2018,23:00,00:00,172
09.10.2018,00:00,01:00,144
09.10.2018,01:00,02:00,124
09.10.2018,02:00,03:00,150
09.10.2018,03:00,04:00,122
09.10.2018,04:00,05:00,120
09.10.2018,05:00,06:00,120
09.10.2018,06:00,07:00,134
09.10.2018,07:00,08:00,106
09.10.2018,08:00,09:00,62
09.10.2018,09:00,10:00,0
09.10.2018,10:00,11:00,0
09.10.2018,11:00,12:00,0
09.10.2018,12:00,13:00,0
09.10.2018,13:00,14:00,60
09.10.2018,14:00,15:00,120
09.10.2018,15:00,16:00,165
09.10.2018,16:00,17:00,226
09.10.2018,17:00,18:00,244
09.10.2018,18:00,19:00,243
09.10.2018,19:00,20:00,247
09.10.2018,20:00,21:00,247
09.10.2018,21:00,22:00,242
09.10.2018,22:00,23:00,196
09.10.2018,23:00,00:00,146
10.10.2018,00:00,01:00,149
10.10.2018,01:00,02:00,126
10.10.2018,02:00,03:00,127
10.10.2018,03:00,04:00,126
10.10.2018,04:00,05:00,127
10.10.2018,05:00,06:00,175
10.10.2018,06:00,07:00,225
10.10.2018,07:00,08:00,230
10.10.2018,08:00,09:00,229
10.10.2018,09:00,10:00,228
10.10.2018,10:00,11:00,230
10.10.2018,11:00,12:00,232
10.10.2018,12:00,13:00,212
10.10.2018,13:00,14:00,178
10.10.2018,14:00,15:00,174
10.10.2018,15:00,16:00,155
10.10.2018,16:00,17:00,202
10.10.2018,17:00,18:00,227
10.10.2018,18:00,19:00,258
10.10.2018,19:00,20:00,253
10.10.2018,20:00,21:00,197
10.10.2018,21:00,22:00,153
10.10.2018,22:00,23:00,154
10.10.2018,23:00,00:00,124
11.10.2018,00:00,01:00,125
11.10.2018,01:00,02:00,125
11.10.2018,02:00,03:00,124
11.10.2018,03:00,04:00,124
11.10.2018,04:00,05:00,124
11.10.2018,05:00,06:00,125
11.10.2018,06:00,07:00,92
11.10.2018,07:00,08:00,72
11.10.2018,08:00,09:00,18
11.10.2018,09:00,10:00,0
11.10.2018,10:00,11:00,0
11.10.2018,11:00,12:00,3
11.10.2018,12:00,13:00,104
11.10.2018,13:00,14:00,157
11.10.2018,14:00,15:00,184
11.10.2018,15:00,16:00,192
11.10.2018,16:00,17:00,203
11.10.2018,17:00,18:00,201
11.10.2018,18:00,19:00,202
11.10.2018,19:00,20:00,201
11.10.2018,20:00,21:00,202
11.10.2018,21:00,22:00,182
11.10.2018,22:00,23:00,157
11.10.2018,23:00,00:00,108
12.10.2018,00:00,01:00,93
12.10.2018,01:00,02:00,89
12.10.2018,02:00,03:00,91
12.10.2018,03:00,04:00,91
12.10.2018,04:00,05:00,90
12.10.2018,05:00,06:00,93
12.10.2018,06:00,07:00,129
12.10.2018,07:00,08:00,193
12.10.2018,08:00,09:00,253
12.10.2018,09:00,10:00,261
12.10.2018,10:00,11:00,259
12.10.2018,11:00,12:00,235
12.10.2018,12:00,13:00,217
12.10.2018,13:00,14:00,212
12.10.2018,14:00,15:00,211
12.10.2018,15:00,16:00,211
12.10.2018,16:00,17:00,212
12.10.2018,17:00,18:00,235
12.10.2018,18:00,19:00,238
12.10.2018,19:00,20:00,226
12.10.2018,20:00,21:00,230
12.10.2018,21:00,22:00,201
12.10.2018,22:00,23:00,170
12.10.2018,23:00,00:00,134
13.10.2018,00:00,01:00,120
13.10.2018,01:00,02:00,120
13.10.2018,02:00,03:00,120
13.10.2018,03:00,04:00,120
13.10.2018,04:00,05:00,119
13.10.2018,05:00,06:00,138
13.10.2018,06:00,07:00,147
13.10.2018,07:00,08:00,185
13.10.2018,08:00,09:00,221
13.10.2018,09:00,10:00,220
13.10.2018,10:00,11:00,171
13.10.2018,11:00,12:00,145
13.10.2018,12:00,13:00,162
13.10.2018,13:00,14:00,137
13.10.2018,14:00,15:00,125
13.10.2018,15:00,16:00,120
13.10.2018,16:00,17:00,131
13.10.2018,17:00,18:00,196
13.10.2018,18:00,19:00,234
13.10.2018,19:00,20:00,224
13.10.2018,20:00,21:00,163
13.10.2018,21:00,22:00,161
13.10.2018,22:00,23:00,151
13.10.2018,23:00,00:00,139
14.10.2018,00:00,01:00,91
14.10.2018,01:00,02:00,92
14.10.2018,02:00,03:00,92
14.10.2018,03:00,04:00,91
14.10.2018,04:00,05:00,90
14.10.2018,05:00,06:00,92
14.10.2018,06:00,07:00,103
14.10.2018,07:00,08:00,132
14.10.2018,08:00,09:00,139
14.10.2018,09:00,10:00,109
14.10.2018,10:00,11:00,113
14.10.2018,11:00,12:00,116
14.10.2018,12:00,13:00,131
14.10.2018,13:00,14:00,111
14.10.2018,14:00,15:00,94
14.10.2018,15:00,16:00,123
14.10.2018,16:00,17:00,141
14.10.2018,17:00,18:00,183
14.10.2018,18:00,19:00,188
14.10.2018,19:00,20:00,201
14.10.2018,20:00,21:00,196
14.10.2018,21:00,22:00,159
14.10.2018,22:00,23:00,144
14.10.2018,23:00,00:00,142
15.10.2018,00:00,01:00,129
15.10.2018,01:00,02:00,127
15.10.2018,02:00,03:00,128
15.10.2018,03:00,04:00,128
15.10.2018,04:00,05:00,127
15.10.2018,05:00,06:00,182
15.10.2018,06:00,07:00,204
15.10.2018,07:00,08:00,191
15.10.2018,08:00,09:00,131
15.10.2018,09:00,10:00,123
15.10.2018,10:00,11:00,124
15.10.2018,11:00,12:00,123
15.10.2018,12:00,13:00,124
15.10.2018,13:00,14:00,131
15.10.2018,14:00,15:00,140
15.10.2018,15:00,16:00,159
15.10.2018,16:00,17:00,167
15.10.2018,17:00,18:00,139
15.10.2018,18:00,19:00,142
15.10.2018,19:00,20:00,147
15.10.2018,20:00,21:00,130
15.10.2018,21:00,22:00,130
15.10.2018,22:00,23:00,127
15.10.2018,23:00,00:00,129
16.10.2018,00:00,01:00,129
16.10.2018,01:00,02:00,129
16.10.2018,02:00,03:00,127
16.10.2018,03:00,04:00,129
16.10.2018,04:00,05:00,130
16.10.2018,05:00,06:00,137
16.10.2018,06:00,07:00,154
16.10.2018,07:00,08:00,167
16.10.2018,08:00,09:00,172
16.10.2018,09:00,10:00,175
16.10.2018,10:00,11:00,174
16.10.2018,11:00,12:00,175
16.10.2018,12:00,13:00,170
16.10.2018,13:00,14:00,161
16.10.2018,14:00,15:00,161
16.10.2018,15:00,16:00,161
16.10.2018,16:00,17:00,154
16.10.2018,17:00,18:00,149
16.10.2018,18:00,19:00,143
16.10.2018,19:00,20:00,143
16.10.2018,20:00,21:00,141
16.10.2018,21:00,22:00,126
16.10.2018,22:00,23:00,124
16.10.2018,23:00,00:00,132
17.10.2018,00:00,01:00,131
17.10.2018,01:00,02:00,125
17.10.2018,02:00,03:00,123
17.10.2018,03:00,04:00,125
17.10.2018,04:00,05:00,126
17.10.2018,05:00,06:00,139
17.10.2018,06:00,07:00,163
17.10.2018,07:00,08:00,180
17.10.2018,08:00,09:00,206
17.10.2018,09:00,10:00,207
17.10.2018,10:00,11:00,176
17.10.2018,11:00,12:00,146
17.10.2018,12:00,13:00,152
17.10.2018,13:00,14:00,146
17.10.2018,14:00,15:00,132
17.10.2018,15:00,16:00,131
17.10.2018,16:00,17:00,137
17.10.2018,17:00,18:00,140
17.10.2018,18:00,19:00,140
17.10.2018,19:00,20:00,145
17.10.2018,20:00,21:00,149
17.10.2018,21:00,22:00,131
17.10.2018,22:00,23:00,130
17.10.2018,23:00,00:00,131
18.10.2018,00:00,01:00,131
18.10.2018,01:00,02:00,131
18.10.2018,02:00,03:00,131
18.10.2018,03:00,04:00,130
18.10.2018,04:00,05:00,130
18.10.2018,05:00,06:00,155
18.10.2018,06:00,07:00,171
18.10.2018,07:00,08:00,171
18.10.2018,08:00,09:00,171
18.10.2018,09:00,10:00,171
18.10.2018,10:00,11:00,171
18.10.2018,11:00,12:00,171
18.10.2018,12:00,13:00,150
18.10.2018,13:00,14:00,140
18.10.2018,14:00,15:00,130
18.10.2018,15:00,16:00,123
18.10.2018,16:00,17:00,149
18.10.2018,17:00,18:00,152
18.10.2018,18:00,19:00,170
18.10.2018,19:00,20:00,165
18.10.2018,20:00,21:00,143
18.10.2018,21:00,22:00,131
18.10.2018,22:00,23:00,131
18.10.2018,23:00,00:00,123
19.10.2018,00:00,01:00,120
19.10.2018,01:00,02:00,121
19.10.2018,02:00,03:00,121
19.10.2018,03:00,04:00,121
19.10.2018,04:00,05:00,120
19.10.2018,05:00,06:00,140
19.10.2018,06:00,07:00,167
19.10.2018,07:00,08:00,169
19.10.2018,08:00,09:00,171
19.10.2018,09:00,10:00,176
19.10.2018,10:00,11:00,181
19.10.2018,11:00,12:00,182
19.10.2018,12:00,13:00,167
19.10.2018,13:00,14:00,149
19.10.2018,14:00,15:00,146
19.10.2018,15:00,16:00,142
19.10.2018,16:00,17:00,153
19.10.2018,17:00,18:00,167
19.10.2018,18:00,19:00,178
19.10.2018,19:00,20:00,181
19.10.2018,20:00,21:00,179
19.10.2018,21:00,22:00,166
19.10.2018,22:00,23:00,143
19.10.2018,23:00,00:00,129
20.10.2018,00:00,01:00,123
20.10.2018,01:00,02:00,121
20.10.2018,02:00,03:00,122
20.10.2018,03:00,04:00,120
20.10.2018,04:00,05:00,122
20.10.2018,05:00,06:00,133
20.10.2018,06:00,07:00,141
20.10.2018,07:00,08:00,167
20.10.2018,08:00,09:00,181
20.10.2018,09:00,10:00,184
20.10.2018,10:00,11:00,179
20.10.2018,11:00,12:00,144
20.10.2018,12:00,13:00,134
20.10.2018,13:00,14:00,142
20.10.2018,14:00,15:00,147
20.10.2018,15:00,16:00,140
20.10.2018,16:00,17:00,142
20.10.2018,17:00,18:00,175
20.10.2018,18:00,19:00,168
20.10.2018,19:00,20:00,159
20.10.2018,20:00,21:00,156
20.10.2018,21:00,22:00,156
20.10.2018,22:00,23:00,130
20.10.2018,23:00,00:00,139
21.10.2018,00:00,01:00,133
21.10.2018,01:00,02:00,125
21.10.2018,02:00,03:00,126
21.10.2018,03:00,04:00,124
21.10.2018,04:00,05:00,100
21.10.2018,05:00,06:00,97
21.10.2018,06:00,07:00,106
21.10.2018,07:00,08:00,142
21.10.2018,08:00,09:00,133
21.10.2018,09:00,10:00,132
21.10.2018,10:00,11:00,136
21.10.2018,11:00,12:00,117
21.10.2018,12:00,13:00,119
21.10.2018,13:00,14:00,108
21.10.2018,14:00,15:00,117
21.10.2018,15:00,16:00,104
21.10.2018,16:00,17:00,102
21.10.2018,17:00,18:00,141
21.10.2018,18:00,19:00,149
21.10.2018,19:00,20:00,149
21.10.2018,20:00,21:00,156
21.10.2018,21:00,22:00,158
21.10.2018,22:00,23:00,140
21.10.2018,23:00,00:00,110
22.10.2018,00:00,01:00,92
22.10.2018,01:00,02:00,71
22.10.2018,02:00,03:00,75
22.10.2018,03:00,04:00,81
22.10.2018,04:00,05:00,87
22.10.2018,05:00,06:00,118
22.10.2018,06:00,07:00,120
22.10.2018,07:00,08:00,149
22.10.2018,08:00,09:00,165
22.10.2018,09:00,10:00,152
22.10.2018,10:00,11:00,152
22.10.2018,11:00,12:00,141
22.10.2018,12:00,13:00,132
22.10.2018,13:00,14:00,133
22.10.2018,14:00,15:00,142
22.10.2018,15:00,16:00,142
22.10.2018,16:00,17:00,142
22.10.2018,17:00,18:00,142
22.10.2018,18:00,19:00,151
22.10.2018,19:00,20:00,150
22.10.2018,20:00,21:00,150
22.10.2018,21:00,22:00,149
22.10.2018,22:00,23:00,142
22.10.2018,23:00,00:00,123
23.10.2018,00:00,01:00,118
23.10.2018,01:00,02:00,97
23.10.2018,02:00,03:00,98
23.10.2018,03:00,04:00,98
23.10.2018,04:00,05:00,98
23.10.2018,05:00,06:00,113
23.10.2018,06:00,07:00,135
23.10.2018,07:00,08:00,150
23.10.2018,08:00,09:00,151
23.10.2018,09:00,10:00,141
23.10.2018,10:00,11:00,133
23.10.2018,11:00,12:00,131
23.10.2018,12:00,13:00,147
23.10.2018,13:00,14:00,162
23.10.2018,14:00,15:00,145
23.10.2018,15:00,16:00,128
23.10.2018,16:00,17:00,126
23.10.2018,17:00,18:00,123
23.10.2018,18:00,19:00,139
23.10.2018,19:00,20:00,153
23.10.2018,20:00,21:00,136
23.10.2018,21:00,22:00,142
23.10.2018,22:00,23:00,115
23.10.2018,23:00,00:00,114
24.10.2018,00:00,01:00,114
24.10.2018,01:00,02:00,101
24.10.2018,02:00,03:00,96
24.10.2018,03:00,04:00,127
24.10.2018,04:00,05:00,126
24.10.2018,05:00,06:00,143
24.10.2018,06:00,07:00,167
24.10.2018,07:00,08:00,161
24.10.2018,08:00,09:00,170
24.10.2018,09:00,10:00,179
24.10.2018,10:00,11:00,196
24.10.2018,11:00,12:00,191
24.10.2018,12:00,13:00,191
24.10.2018,13:00,14:00,201
24.10.2018,14:00,15:00,201
24.10.2018,15:00,16:00,201
24.10.2018,16:00,17:00,178
24.10.2018,17:00,18:00,201
24.10.2018,18:00,19:00,200
24.10.2018,19:00,20:00,201
24.10.2018,20:00,21:00,200
24.10.2018,21:00,22:00,171
24.10.2018,22:00,23:00,200
24.10.2018,23:00,00:00,158
25.10.2018,00:00,01:00,110
25.10.2018,01:00,02:00,86
25.10.2018,02:00,03:00,78
25.10.2018,03:00,04:00,82
25.10.2018,04:00,05:00,121
25.10.2018,05:00,06:00,147
25.10.2018,06:00,07:00,144
25.10.2018,07:00,08:00,184
25.10.2018,08:00,09:00,197
25.10.2018,09:00,10:00,200
25.10.2018,10:00,11:00,203
25.10.2018,11:00,12:00,203
25.10.2018,12:00,13:00,204
25.10.2018,13:00,14:00,198
25.10.2018,14:00,15:00,191
25.10.2018,15:00,16:00,191
25.10.2018,16:00,17:00,191
25.10.2018,17:00,18:00,191
25.10.2018,18:00,19:00,193
25.10.2018,19:00,20:00,208
25.10.2018,20:00,21:00,182
25.10.2018,21:00,22:00,169
25.10.2018,22:00,23:00,144
25.10.2018,23:00,00:00,117
26.10.2018,00:00,01:00,83
26.10.2018,01:00,02:00,75
26.10.2018,02:00,03:00,89
26.10.2018,03:00,04:00,105
26.10.2018,04:00,05:00,107
26.10.2018,05:00,06:00,137
26.10.2018,06:00,07:00,152
26.10.2018,07:00,08:00,190
26.10.2018,08:00,09:00,200
26.10.2018,09:00,10:00,181
26.10.2018,10:00,11:00,180
26.10.2018,11:00,12:00,182
26.10.2018,12:00,13:00,190
26.10.2018,13:00,14:00,175
26.10.2018,14:00,15:00,175
26.10.2018,15:00,16:00,177
26.10.2018,16:00,17:00,153
26.10.2018,17:00,18:00,197
26.10.2018,18:00,19:00,200
26.10.2018,19:00,20:00,159
26.10.2018,20:00,21:00,135
26.10.2018,21:00,22:00,108
26.10.2018,22:00,23:00,110
26.10.2018,23:00,00:00,83
27.10.2018,00:00,01:00,81
27.10.2018,01:00,02:00,81
27.10.2018,02:00,03:00,81
27.10.2018,03:00,04:00,82
27.10.2018,04:00,05:00,81
27.10.2018,05:00,06:00,81
27.10.2018,06:00,07:00,85
27.10.2018,07:00,08:00,113
27.10.2018,08:00,09:00,129
27.10.2018,09:00,10:00,130
27.10.2018,10:00,11:00,129
27.10.2018,11:00,12:00,129
27.10.2018,12:00,13:00,129
27.10.2018,13:00,14:00,137
27.10.2018,14:00,15:00,126
27.10.2018,15:00,16:00,137
27.10.2018,16:00,17:00,159
27.10.2018,17:00,18:00,163
27.10.2018,18:00,19:00,156
27.10.2018,19:00,20:00,161
27.10.2018,20:00,21:00,139
27.10.2018,21:00,22:00,134
27.10.2018,22:00,23:00,119
27.10.2018,23:00,00:00,118
28.10.2018,00:00,01:00,121
28.10.2018,01:00,02:00,110
28.10.2018,02:00,03:00,110
28.10.2018,02:00,03:00,115
28.10.2018,03:00,04:00,119
28.10.2018,04:00,05:00,126
28.10.2018,05:00,06:00,150
28.10.2018,06:00,07:00,158
28.10.2018,07:00,08:00,158
28.10.2018,08:00,09:00,163
28.10.2018,09:00,10:00,164
28.10.2018,10:00,11:00,163
28.10.2018,11:00,12:00,163
28.10.2018,12:00,13:00,166
28.10.2018,13:00,14:00,163
28.10.2018,14:00,15:00,167
28.10.2018,15:00,16:00,167
28.10.2018,16:00,17:00,164
28.10.2018,17:00,18:00,168
28.10.2018,18:00,19:00,166
28.10.2018,19:00,20:00,158
28.10.2018,20:00,21:00,145
28.10.2018,21:00,22:00,134
28.10.2018,22:00,23:00,126
28.10.2018,23:00,00:00,111
29.10.2018,00:00,01:00,106
29.10.2018,01:00,02:00,108
29.10.2018,02:00,03:00,110
29.10.2018,03:00,04:00,118
29.10.2018,04:00,05:00,160
29.10.2018,05:00,06:00,174
29.10.2018,06:00,07:00,164
29.10.2018,07:00,08:00,164
29.10.2018,08:00,09:00,165
29.10.2018,09:00,10:00,164
29.10.2018,10:00,11:00,162
29.10.2018,11:00,12:00,164
29.10.2018,12:00,13:00,175
29.10.2018,13:00,14:00,180
29.10.2018,14:00,15:00,179
29.10.2018,15:00,16:00,169
29.10.2018,16:00,17:00,180
29.10.2018,17:00,18:00,184
29.10.2018,18:00,19:00,185
29.10.2018,19:00,20:00,185
29.10.2018,20:00,21:00,187
29.10.2018,21:00,22:00,161
29.10.2018,22:00,23:00,120
29.10.2018,23:00,00:00,91
30.10.2018,00:00,01:00,80
30.10.2018,01:00,02:00,81
30.10.2018,02:00,03:00,79
30.10.2018,03:00,04:00,101
30.10.2018,04:00,05:00,116
30.10.2018,05:00,06:00,140
30.10.2018,06:00,07:00,157
30.10.2018,07:00,08:00,145
30.10.2018,08:00,09:00,167
30.10.2018,09:00,10:00,168
30.10.2018,10:00,11:00,172
30.10.2018,11:00,12:00,177
30.10.2018,12:00,13:00,166
30.10.2018,13:00,14:00,164
30.10.2018,14:00,15:00,168
30.10.2018,15:00,16:00,161
30.10.2018,16:00,17:00,122
30.10.2018,17:00,18:00,84
30.10.2018,18:00,19:00,56
30.10.2018,19:00,20:00,0
30.10.2018,20:00,21:00,0
30.10.2018,21:00,22:00,0
30.10.2018,22:00,23:00,0
30.10.2018,23:00,00:00,0
31.10.2018,00:00,01:00,0
31.10.2018,01:00,02:00,0
31.10.2018,02:00,03:00,0
31.10.2018,03:00,04:00,0
31.10.2018,04:00,05:00,0
31.10.2018,05:00,06:00,0
31.10.2018,06:00,07:00,0
31.10.2018,07:00,08:00,0
31.10.2018,08:00,09:00,0
31.10.2018,09:00,10:00,0
31.10.2018,10:00,11:00,0
31.10.2018,11:00,12:00,0
31.10.2018,12:00,13:00,0
31.10.2018,13:00,14:00,0
31.10.2018,14:00,15:00,0
31.10.2018,15:00,16:00,0
31.10.2018,16:00,17:00,0
31.10.2018,17:00,18:00,0
31.10.2018,18:00,19:00,44
31.10.2018,19:00,20:00,92
31.10.2018,20:00,21:00,115
31.10.2018,21:00,22:00,136
31.10.2018,22:00,23:00,160
31.10.2018,23:00,00:00,159
01.11.2018,00:00,01:00,158
01.11.2018,01:00,02:00,135
01.11.2018,02:00,03:00,108
01.11.2018,03:00,04:00,103
01.11.2018,04:00,05:00,132
01.11.2018,05:00,06:00,154
01.11.2018,06:00,07:00,169
01.11.2018,07:00,08:00,179
01.11.2018,08:00,09:00,165
01.11.2018,09:00,10:00,162
01.11.2018,10:00,11:00,173
01.11.2018,11:00,12:00,179
01.11.2018,12:00,13:00,165
01.11.2018,13:00,14:00,151
01.11.2018,14:00,15:00,143
01.11.2018,15:00,16:00,168
01.11.2018,16:00,17:00,191
01.11.2018,17:00,18:00,187
01.11.2018,18:00,19:00,187
01.11.2018,19:00,20:00,185
01.11.2018,20:00,21:00,185
01.11.2018,21:00,22:00,182
01.11.2018,22:00,23:00,141
01.11.2018,23:00,00:00,107
02.11.2018,00:00,01:00,101
02.11.2018,01:00,02:00,95
02.11.2018,02:00,03:00,93
02.11.2018,03:00,04:00,100
02.11.2018,04:00,05:00,116
02.11.2018,05:00,06:00,124
02.11.2018,06:00,07:00,133
02.11.2018,07:00,08:00,134
02.11.2018,08:00,09:00,149
02.11.2018,09:00,10:00,160
02.11.2018,10:00,11:00,168
02.11.2018,11:00,12:00,179
02.11.2018,12:00,13:00,170
02.11.2018,13:00,14:00,152
02.11.2018,14:00,15:00,117
02.11.2018,15:00,16:00,188
02.11.2018,16:00,17:00,188
02.11.2018,17:00,18:00,190
02.11.2018,18:00,19:00,190
02.11.2018,19:00,20:00,186
02.11.2018,20:00,21:00,168
02.11.2018,21:00,22:00,127
02.11.2018,22:00,23:00,137
02.11.2018,23:00,00:00,162
03.11.2018,00:00,01:00,151
03.11.2018,01:00,02:00,150
03.11.2018,02:00,03:00,159
03.11.2018,03:00,04:00,170
03.11.2018,04:00,05:00,171
03.11.2018,05:00,06:00,163
03.11.2018,06:00,07:00,160
03.11.2018,07:00,08:00,178
03.11.2018,08:00,09:00,193
03.11.2018,09:00,10:00,194
03.11.2018,10:00,11:00,194
03.11.2018,11:00,12:00,204
03.11.2018,12:00,13:00,204
03.11.2018,13:00,14:00,203
03.11.2018,14:00,15:00,198
03.11.2018,15:00,16:00,198
03.11.2018,16:00,17:00,199
03.11.2018,17:00,18:00,199
03.11.2018,18:00,19:00,198
03.11.2018,19:00,20:00,192
03.11.2018,20:00,21:00,155
03.11.2018,21:00,22:00,163
03.11.2018,22:00,23:00,172
03.11.2018,23:00,00:00,172
04.11.2018,00:00,01:00,172
04.11.2018,01:00,02:00,172
04.11.2018,02:00,03:00,172
04.11.2018,03:00,04:00,172
04.11.2018,04:00,05:00,171
04.11.2018,05:00,06:00,171
04.11.2018,06:00,07:00,163
04.11.2018,07:00,08:00,160
04.11.2018,08:00,09:00,161
04.11.2018,09:00,10:00,171
04.11.2018,10:00,11:00,182
04.11.2018,11:00,12:00,182
04.11.2018,12:00,13:00,182
04.11.2018,13:00,14:00,182
04.11.2018,14:00,15:00,182
04.11.2018,15:00,16:00,187
04.11.2018,16:00,17:00,192
04.11.2018,17:00,18:00,193
04.11.2018,18:00,19:00,195
04.11.2018,19:00,20:00,196
04.11.2018,20:00,21:00,184
04.11.2018,21:00,22:00,185
04.11.2018,22:00,23:00,181
04.11.2018,23:00,00:00,181
05.11.2018,00:00,01:00,181
05.11.2018,01:00,02:00,181
05.11.2018,02:00,03:00,181
05.11.2018,03:00,04:00,181
05.11.2018,04:00,05:00,180
05.11.2018,05:00,06:00,178
05.11.2018,06:00,07:00,180
05.11.2018,07:00,08:00,183
05.11.2018,08:00,09:00,184
05.11.2018,09:00,10:00,184
05.11.2018,10:00,11:00,189
05.11.2018,11:00,12:00,190
05.11.2018,12:00,13:00,202
05.11.2018,13:00,14:00,199
05.11.2018,14:00,15:00,200
05.11.2018,15:00,16:00,203
05.11.2018,16:00,17:00,208
05.11.2018,17:00,18:00,213
05.11.2018,18:00,19:00,212
05.11.2018,19:00,20:00,210
05.11.2018,20:00,21:00,186
05.11.2018,21:00,22:00,200
05.11.2018,22:00,23:00,191
05.11.2018,23:00,00:00,183
06.11.2018,00:00,01:00,181
06.11.2018,01:00,02:00,198
06.11.2018,02:00,03:00,183
06.11.2018,03:00,04:00,170
06.11.2018,04:00,05:00,171
06.11.2018,05:00,06:00,186
06.11.2018,06:00,07:00,187
06.11.2018,07:00,08:00,187
06.11.2018,08:00,09:00,188
06.11.2018,09:00,10:00,187
06.11.2018,10:00,11:00,188
06.11.2018,11:00,12:00,188
06.11.2018,12:00,13:00,193
06.11.2018,13:00,14:00,179
06.11.2018,14:00,15:00,144
06.11.2018,15:00,16:00,125
06.11.2018,16:00,17:00,64
06.11.2018,17:00,18:00,0
06.11.2018,18:00,19:00,0
06.11.2018,19:00,20:00,0
06.11.2018,20:00,21:00,0
06.11.2018,21:00,22:00,0
06.11.2018,22:00,23:00,0
06.11.2018,23:00,00:00,0
07.11.2018,00:00,01:00,0
07.11.2018,01:00,02:00,0
07.11.2018,02:00,03:00,0
07.11.2018,03:00,04:00,0
07.11.2018,04:00,05:00,0
07.11.2018,05:00,06:00,0
07.11.2018,06:00,07:00,0
07.11.2018,07:00,08:00,0
07.11.2018,08:00,09:00,0
07.11.2018,09:00,10:00,0
07.11.2018,10:00,11:00,0
07.11.2018,11:00,12:00,0
07.11.2018,12:00,13:00,0
07.11.2018,13:00,14:00,0
07.11.2018,14:00,15:00,0
07.11.2018,15:00,16:00,0
07.11.2018,16:00,17:00,0
07.11.2018,17:00,18:00,0
07.11.2018,18:00,19:00,0
07.11.2018,19:00,20:00,0
07.11.2018,20:00,21:00,0
07.11.2018,21:00,22:00,0
07.11.2018,22:00,23:00,0
07.11.2018,23:00,00:00,0
08.11.2018,00:00,01:00,0
08.11.2018,01:00,02:00,0
08.11.2018,02:00,03:00,0
08.11.2018,03:00,04:00,0
08.11.2018,04:00,05:00,0
08.11.2018,05:00,06:00,0
08.11.2018,06:00,07:00,0
08.11.2018,07:00,08:00,0
08.11.2018,08:00,09:00,0
08.11.2018,09:00,10:00,0
08.11.2018,10:00,11:00,89
08.11.2018,11:00,12:00,102
08.11.2018,12:00,13:00,120
08.11.2018,13:00,14:00,134
08.11.2018,14:00,15:00,177
08.11.2018,15:00,16:00,201
08.11.2018,16:00,17:00,205
08.11.2018,17:00,18:00,207
08.11.2018,18:00,19:00,228
08.11.2018,19:00,20:00,215
08.11.2018,20:00,21:00,144
08.11.2018,21:00,22:00,106
08.11.2018,22:00,23:00,120
08.11.2018,23:00,00:00,137
09.11.2018,00:00,01:00,128
09.11.2018,01:00,02:00,122
09.11.2018,02:00,03:00,118
09.11.2018,03:00,04:00,125
09.11.2018,04:00,05:00,124
09.11.2018,05:00,06:00,151
09.11.2018,06:00,07:00,153
09.11.2018,07:00,08:00,152
09.11.2018,08:00,09:00,151
09.11.2018,09:00,10:00,154
09.11.2018,10:00,11:00,154
09.11.2018,11:00,12:00,134
09.11.2018,12:00,13:00,123
09.11.2018,13:00,14:00,123
09.11.2018,14:00,15:00,116
09.11.2018,15:00,16:00,27
09.11.2018,16:00,17:00,0
09.11.2018,17:00,18:00,0
09.11.2018,18:00,19:00,0
09.11.2018,19:00,20:00,0
09.11.2018,20:00,21:00,0
09.11.2018,21:00,22:00,0
09.11.2018,22:00,23:00,0
09.11.2018,23:00,00:00,0
10.11.2018,00:00,01:00,0
10.11.2018,01:00,02:00,0
10.11.2018,02:00,03:00,0
10.11.2018,03:00,04:00,0
10.11.2018,04:00,05:00,0
10.11.2018,05:00,06:00,0
10.11.2018,06:00,07:00,0
10.11.2018,07:00,08:00,0
10.11.2018,08:00,09:00,0
10.11.2018,09:00,10:00,0
10.11.2018,10:00,11:00,0
10.11.2018,11:00,12:00,0
10.11.2018,12:00,13:00,0
10.11.2018,13:00,14:00,0
10.11.2018,14:00,15:00,0
10.11.2018,15:00,16:00,0
10.11.2018,16:00,17:00,0
10.11.2018,17:00,18:00,0
10.11.2018,18:00,19:00,0
10.11.2018,19:00,20:00,0
10.11.2018,20:00,21:00,0
10.11.2018,21:00,22:00,0
10.11.2018,22:00,23:00,0
10.11.2018,23:00,00:00,0
11.11.2018,00:00,01:00,0
11.11.2018,01:00,02:00,0
11.11.2018,02:00,03:00,0
11.11.2018,03:00,04:00,0
11.11.2018,04:00,05:00,0
11.11.2018,05:00,06:00,0
11.11.2018,06:00,07:00,0
11.11.2018,07:00,08:00,0
11.11.2018,08:00,09:00,0
11.11.2018,09:00,10:00,0
11.11.2018,10:00,11:00,0
11.11.2018,11:00,12:00,0
11.11.2018,12:00,13:00,0
11.11.2018,13:00,14:00,0
11.11.2018,14:00,15:00,0
11.11.2018,15:00,16:00,0
11.11.2018,16:00,17:00,0
11.11.2018,17:00,18:00,0
11.11.2018,18:00,19:00,0
11.11.2018,19:00,20:00,0
11.11.2018,20:00,21:00,0
11.11.2018,21:00,22:00,0
11.11.2018,22:00,23:00,0
11.11.2018,23:00,00:00,0
12.11.2018,00:00,01:00,0
12.11.2018,01:00,02:00,0
12.11.2018,02:00,03:00,0
12.11.2018,03:00,04:00,0
12.11.2018,04:00,05:00,0
12.11.2018,05:00,06:00,0
12.11.2018,06:00,07:00,0
12.11.2018,07:00,08:00,0
12.11.2018,08:00,09:00,0
12.11.2018,09:00,10:00,0
12.11.2018,10:00,11:00,0
12.11.2018,11:00,12:00,0
12.11.2018,12:00,13:00,0
12.11.2018,13:00,14:00,0
12.11.2018,14:00,15:00,0
12.11.2018,15:00,16:00,0
12.11.2018,16:00,17:00,0
12.11.2018,17:00,18:00,0
12.11.2018,18:00,19:00,0
12.11.2018,19:00,20:00,0
12.11.2018,20:00,21:00,0
12.11.2018,21:00,22:00,0
12.11.2018,22:00,23:00,0
12.11.2018,23:00,00:00,0
13.11.2018,00:00,01:00,0
13.11.2018,01:00,02:00,0
13.11.2018,02:00,03:00,0
13.11.2018,03:00,04:00,0
13.11.2018,04:00,05:00,0
13.11.2018,05:00,06:00,0
13.11.2018,06:00,07:00,0
13.11.2018,07:00,08:00,0
13.11.2018,08:00,09:00,0
13.11.2018,09:00,10:00,0
13.11.2018,10:00,11:00,0
13.11.2018,11:00,12:00,0
13.11.2018,12:00,13:00,0
13.11.2018,13:00,14:00,0
13.11.2018,14:00,15:00,0
13.11.2018,15:00,16:00,0
13.11.2018,16:00,17:00,0
13.11.2018,17:00,18:00,0
13.11.2018,18:00,19:00,0
13.11.2018,19:00,20:00,0
13.11.2018,20:00,21:00,0
13.11.2018,21:00,22:00,0
13.11.2018,22:00,23:00,0
13.11.2018,23:00,00:00,0
14.11.2018,00:00,01:00,0
14.11.2018,01:00,02:00,0
14.11.2018,02:00,03:00,0
14.11.2018,03:00,04:00,0
14.11.2018,04:00,05:00,0
14.11.2018,05:00,06:00,0
14.11.2018,06:00,07:00,0
14.11.2018,07:00,08:00,0
14.11.2018,08:00,09:00,0
14.11.2018,09:00,10:00,0
14.11.2018,10:00,11:00,0
14.11.2018,11:00,12:00,0
14.11.2018,12:00,13:00,0
14.11.2018,13:00,14:00,0
14.11.2018,14:00,15:00,0
14.11.2018,15:00,16:00,0
14.11.2018,16:00,17:00,0
14.11.2018,17:00,18:00,0
14.11.2018,18:00,19:00,0
14.11.2018,19:00,20:00,0
14.11.2018,20:00,21:00,0
14.11.2018,21:00,22:00,0
14.11.2018,22:00,23:00,0
14.11.2018,23:00,00:00,0
15.11.2018,00:00,01:00,0
15.11.2018,01:00,02:00,0
15.11.2018,02:00,03:00,0
15.11.2018,03:00,04:00,0
15.11.2018,04:00,05:00,0
15.11.2018,05:00,06:00,0
15.11.2018,06:00,07:00,0
15.11.2018,07:00,08:00,0
15.11.2018,08:00,09:00,0
15.11.2018,09:00,10:00,0
15.11.2018,10:00,11:00,0
15.11.2018,11:00,12:00,0
15.11.2018,12:00,13:00,0
15.11.2018,13:00,14:00,0
15.11.2018,14:00,15:00,0
15.11.2018,15:00,16:00,0
15.11.2018,16:00,17:00,0
15.11.2018,17:00,18:00,0
15.11.2018,18:00,19:00,0
15.11.2018,19:00,20:00,0
15.11.2018,20:00,21:00,0
15.11.2018,21:00,22:00,0
15.11.2018,22:00,23:00,0
15.11.2018,23:00,00:00,0
16.11.2018,00:00,01:00,0
16.11.2018,01:00,02:00,0
16.11.2018,02:00,03:00,0
16.11.2018,03:00,04:00,0
16.11.2018,04:00,05:00,0
16.11.2018,05:00,06:00,0
16.11.2018,06:00,07:00,0
16.11.2018,07:00,08:00,0
16.11.2018,08:00,09:00,0
16.11.2018,09:00,10:00,0
16.11.2018,10:00,11:00,0
16.11.2018,11:00,12:00,0
16.11.2018,12:00,13:00,0
16.11.2018,13:00,14:00,0
16.11.2018,14:00,15:00,0
16.11.2018,15:00,16:00,0
16.11.2018,16:00,17:00,0
16.11.2018,17:00,18:00,0
16.11.2018,18:00,19:00,0
16.11.2018,19:00,20:00,0
16.11.2018,20:00,21:00,0
16.11.2018,21:00,22:00,0
16.11.2018,22:00,23:00,0
16.11.2018,23:00,00:00,0
17.11.2018,00:00,01:00,0
17.11.2018,01:00,02:00,0
17.11.2018,02:00,03:00,0
17.11.2018,03:00,04:00,0
17.11.2018,04:00,05:00,0
17.11.2018,05:00,06:00,0
17.11.2018,06:00,07:00,0
17.11.2018,07:00,08:00,0
17.11.2018,08:00,09:00,0
17.11.2018,09:00,10:00,0
17.11.2018,10:00,11:00,0
17.11.2018,11:00,12:00,0
17.11.2018,12:00,13:00,0
17.11.2018,13:00,14:00,0
17.11.2018,14:00,15:00,0
17.11.2018,15:00,16:00,0
17.11.2018,16:00,17:00,0
17.11.2018,17:00,18:00,0
17.11.2018,18:00,19:00,0
17.11.2018,19:00,20:00,0
17.11.2018,20:00,21:00,0
17.11.2018,21:00,22:00,0
17.11.2018,22:00,23:00,0
17.11.2018,23:00,00:00,0
18.11.2018,00:00,01:00,0
18.11.2018,01:00,02:00,0
18.11.2018,02:00,03:00,0
18.11.2018,03:00,04:00,0
18.11.2018,04:00,05:00,0
18.11.2018,05:00,06:00,0
18.11.2018,06:00,07:00,0
18.11.2018,07:00,08:00,0
18.11.2018,08:00,09:00,0
18.11.2018,09:00,10:00,0
18.11.2018,10:00,11:00,0
18.11.2018,11:00,12:00,0
18.11.2018,12:00,13:00,0
18.11.2018,13:00,14:00,0
18.11.2018,14:00,15:00,0
18.11.2018,15:00,16:00,0
18.11.2018,16:00,17:00,0
18.11.2018,17:00,18:00,0
18.11.2018,18:00,19:00,0
18.11.2018,19:00,20:00,0
18.11.2018,20:00,21:00,0
18.11.2018,21:00,22:00,0
18.11.2018,22:00,23:00,0
18.11.2018,23:00,00:00,0
19.11.2018,00:00,01:00,0
19.11.2018,01:00,02:00,0
19.11.2018,02:00,03:00,0
19.11.2018,03:00,04:00,0
19.11.2018,04:00,05:00,0
19.11.2018,05:00,06:00,0
19.11.2018,06:00,07:00,0
19.11.2018,07:00,08:00,0
19.11.2018,08:00,09:00,0
19.11.2018,09:00,10:00,0
19.11.2018,10:00,11:00,0
19.11.2018,11:00,12:00,0
19.11.2018,12:00,13:00,0
19.11.2018,13:00,14:00,0
19.11.2018,14:00,15:00,0
19.11.2018,15:00,16:00,0
19.11.2018,16:00,17:00,0
19.11.2018,17:00,18:00,0
19.11.2018,18:00,19:00,0
19.11.2018,19:00,20:00,0
19.11.2018,20:00,21:00,0
19.11.2018,21:00,22:00,0
19.11.2018,22:00,23:00,0
19.11.2018,23:00,00:00,0
20.11.2018,00:00,01:00,0
20.11.2018,01:00,02:00,0
20.11.2018,02:00,03:00,0
20.11.2018,03:00,04:00,0
20.11.2018,04:00,05:00,0
20.11.2018,05:00,06:00,0
20.11.2018,06:00,07:00,0
20.11.2018,07:00,08:00,0
20.11.2018,08:00,09:00,0
20.11.2018,09:00,10:00,0
20.11.2018,10:00,11:00,0
20.11.2018,11:00,12:00,0
20.11.2018,12:00,13:00,0
20.11.2018,13:00,14:00,0
20.11.2018,14:00,15:00,0
20.11.2018,15:00,16:00,0
20.11.2018,16:00,17:00,0
20.11.2018,17:00,18:00,0
20.11.2018,18:00,19:00,0
20.11.2018,19:00,20:00,0
20.11.2018,20:00,21:00,0
20.11.2018,21:00,22:00,0
20.11.2018,22:00,23:00,0
20.11.2018,23:00,00:00,0
21.11.2018,00:00,01:00,0
21.11.2018,01:00,02:00,0
21.11.2018,02:00,03:00,0
21.11.2018,03:00,04:00,0
21.11.2018,04:00,05:00,0
21.11.2018,05:00,06:00,0
21.11.2018,06:00,07:00,0
21.11.2018,07:00,08:00,0
21.11.2018,08:00,09:00,0
21.11.2018,09:00,10:00,0
21.11.2018,10:00,11:00,0
21.11.2018,11:00,12:00,0
21.11.2018,12:00,13:00,38
21.11.2018,13:00,14:00,83
21.11.2018,14:00,15:00,98
21.11.2018,15:00,16:00,110
21.11.2018,16:00,17:00,135
21.11.2018,17:00,18:00,172
21.11.2018,18:00,19:00,181
21.11.2018,19:00,20:00,185
21.11.2018,20:00,21:00,179
21.11.2018,21:00,22:00,167
21.11.2018,22:00,23:00,169
21.11.2018,23:00,00:00,168
22.11.2018,00:00,01:00,168
22.11.2018,01:00,02:00,168
22.11.2018,02:00,03:00,168
22.11.2018,03:00,04:00,167
22.11.2018,04:00,05:00,167
22.11.2018,05:00,06:00,169
22.11.2018,06:00,07:00,174
22.11.2018,07:00,08:00,177
22.11.2018,08:00,09:00,170
22.11.2018,09:00,10:00,172
22.11.2018,10:00,11:00,164
22.11.2018,11:00,12:00,175
22.11.2018,12:00,13:00,211
22.11.2018,13:00,14:00,252
22.11.2018,14:00,15:00,252
22.11.2018,15:00,16:00,242
22.11.2018,16:00,17:00,233
22.11.2018,17:00,18:00,234
22.11.2018,18:00,19:00,234
22.11.2018,19:00,20:00,237
22.11.2018,20:00,21:00,221
22.11.2018,21:00,22:00,230
22.11.2018,22:00,23:00,226
22.11.2018,23:00,00:00,182
23.11.2018,00:00,01:00,182
23.11.2018,01:00,02:00,212
23.11.2018,02:00,03:00,188
23.11.2018,03:00,04:00,186
23.11.2018,04:00,05:00,186
23.11.2018,05:00,06:00,223
23.11.2018,06:00,07:00,223
23.11.2018,07:00,08:00,222
23.11.2018,08:00,09:00,214
23.11.2018,09:00,10:00,208
23.11.2018,10:00,11:00,217
23.11.2018,11:00,12:00,231
23.11.2018,12:00,13:00,235
23.11.2018,13:00,14:00,235
23.11.2018,14:00,15:00,230
23.11.2018,15:00,16:00,230
23.11.2018,16:00,17:00,230
23.11.2018,17:00,18:00,232
23.11.2018,18:00,19:00,226
23.11.2018,19:00,20:00,224
23.11.2018,20:00,21:00,226
23.11.2018,21:00,22:00,216
23.11.2018,22:00,23:00,212
23.11.2018,23:00,00:00,212
24.11.2018,00:00,01:00,184
24.11.2018,01:00,02:00,185
24.11.2018,02:00,03:00,174
24.11.2018,03:00,04:00,163
24.11.2018,04:00,05:00,172
24.11.2018,05:00,06:00,172
24.11.2018,06:00,07:00,191
24.11.2018,07:00,08:00,220
24.11.2018,08:00,09:00,223
24.11.2018,09:00,10:00,216
24.11.2018,10:00,11:00,216
24.11.2018,11:00,12:00,217
24.11.2018,12:00,13:00,233
24.11.2018,13:00,14:00,242
24.11.2018,14:00,15:00,241
24.11.2018,15:00,16:00,250
24.11.2018,16:00,17:00,250
24.11.2018,17:00,18:00,252
24.11.2018,18:00,19:00,252
24.11.2018,19:00,20:00,250
24.11.2018,20:00,21:00,250
24.11.2018,21:00,22:00,249
24.11.2018,22:00,23:00,234
24.11.2018,23:00,00:00,215
25.11.2018,00:00,01:00,208
25.11.2018,01:00,02:00,167
25.11.2018,02:00,03:00,163
25.11.2018,03:00,04:00,161
25.11.2018,04:00,05:00,167
25.11.2018,05:00,06:00,170
25.11.2018,06:00,07:00,167
25.11.2018,07:00,08:00,187
25.11.2018,08:00,09:00,201
25.11.2018,09:00,10:00,201
25.11.2018,10:00,11:00,201
25.11.2018,11:00,12:00,198
25.11.2018,12:00,13:00,183
25.11.2018,13:00,14:00,183
25.11.2018,14:00,15:00,184
25.11.2018,15:00,16:00,199
25.11.2018,16:00,17:00,215
25.11.2018,17:00,18:00,220
25.11.2018,18:00,19:00,220
25.11.2018,19:00,20:00,216
25.11.2018,20:00,21:00,219
25.11.2018,21:00,22:00,220
25.11.2018,22:00,23:00,221
25.11.2018,23:00,00:00,191
26.11.2018,00:00,01:00,125
26.11.2018,01:00,02:00,126
26.11.2018,02:00,03:00,129
26.11.2018,03:00,04:00,128
26.11.2018,04:00,05:00,150
26.11.2018,05:00,06:00,182
26.11.2018,06:00,07:00,207
26.11.2018,07:00,08:00,221
26.11.2018,08:00,09:00,219
26.11.2018,09:00,10:00,224
26.11.2018,10:00,11:00,242
26.11.2018,11:00,12:00,257
26.11.2018,12:00,13:00,252
26.11.2018,13:00,14:00,252
26.11.2018,14:00,15:00,251
26.11.2018,15:00,16:00,252
26.11.2018,16:00,17:00,251
26.11.2018,17:00,18:00,251
26.11.2018,18:00,19:00,251
26.11.2018,19:00,20:00,252
26.11.2018,20:00,21:00,252
26.11.2018,21:00,22:00,224
26.11.2018,22:00,23:00,221
26.11.2018,23:00,00:00,245
27.11.2018,00:00,01:00,212
27.11.2018,01:00,02:00,182
27.11.2018,02:00,03:00,162
27.11.2018,03:00,04:00,160
27.11.2018,04:00,05:00,180
27.11.2018,05:00,06:00,202
27.11.2018,06:00,07:00,217
27.11.2018,07:00,08:00,213
27.11.2018,08:00,09:00,222
27.11.2018,09:00,10:00,242
27.11.2018,10:00,11:00,227
27.11.2018,11:00,12:00,233
27.11.2018,12:00,13:00,234
27.11.2018,13:00,14:00,229
27.11.2018,14:00,15:00,229
27.11.2018,15:00,16:00,225
27.11.2018,16:00,17:00,227
27.11.2018,17:00,18:00,231
27.11.2018,18:00,19:00,229
27.11.2018,19:00,20:00,214
27.11.2018,20:00,21:00,210
27.11.2018,21:00,22:00,211
27.11.2018,22:00,23:00,207
27.11.2018,23:00,00:00,228
28.11.2018,00:00,01:00,172
28.11.2018,01:00,02:00,159
28.11.2018,02:00,03:00,156
28.11.2018,03:00,04:00,161
28.11.2018,04:00,05:00,183
28.11.2018,05:00,06:00,208
28.11.2018,06:00,07:00,203
28.11.2018,07:00,08:00,204
28.11.2018,08:00,09:00,208
28.11.2018,09:00,10:00,215
28.11.2018,10:00,11:00,223
28.11.2018,11:00,12:00,224
28.11.2018,12:00,13:00,223
28.11.2018,13:00,14:00,223
28.11.2018,14:00,15:00,222
28.11.2018,15:00,16:00,227
28.11.2018,16:00,17:00,226
28.11.2018,17:00,18:00,227
28.11.2018,18:00,19:00,225
28.11.2018,19:00,20:00,213
28.11.2018,20:00,21:00,204
28.11.2018,21:00,22:00,203
28.11.2018,22:00,23:00,200
28.11.2018,23:00,00:00,202
29.11.2018,00:00,01:00,180
29.11.2018,01:00,02:00,168
29.11.2018,02:00,03:00,167
29.11.2018,03:00,04:00,170
29.11.2018,04:00,05:00,182
29.11.2018,05:00,06:00,199
29.11.2018,06:00,07:00,204
29.11.2018,07:00,08:00,208
29.11.2018,08:00,09:00,210
29.11.2018,09:00,10:00,211
29.11.2018,10:00,11:00,211
29.11.2018,11:00,12:00,211
29.11.2018,12:00,13:00,212
29.11.2018,13:00,14:00,210
29.11.2018,14:00,15:00,211
29.11.2018,15:00,16:00,210
29.11.2018,16:00,17:00,209
29.11.2018,17:00,18:00,208
29.11.2018,18:00,19:00,210
29.11.2018,19:00,20:00,210
29.11.2018,20:00,21:00,209
29.11.2018,21:00,22:00,209
29.11.2018,22:00,23:00,207
29.11.2018,23:00,00:00,203
30.11.2018,00:00,01:00,188
30.11.2018,01:00,02:00,188
30.11.2018,02:00,03:00,189
30.11.2018,03:00,04:00,192
30.11.2018,04:00,05:00,207
30.11.2018,05:00,06:00,206
30.11.2018,06:00,07:00,208
30.11.2018,07:00,08:00,208
30.11.2018,08:00,09:00,205
30.11.2018,09:00,10:00,206
30.11.2018,10:00,11:00,210
30.11.2018,11:00,12:00,207
30.11.2018,12:00,13:00,210
30.11.2018,13:00,14:00,212
30.11.2018,14:00,15:00,212
30.11.2018,15:00,16:00,213
30.11.2018,16:00,17:00,211
30.11.2018,17:00,18:00,212
30.11.2018,18:00,19:00,211
30.11.2018,19:00,20:00,201
30.11.2018,20:00,21:00,197
30.11.2018,21:00,22:00,186
30.11.2018,22:00,23:00,178
30.11.2018,23:00,00:00,168
01.12.2018,00:00,01:00,159
01.12.2018,01:00,02:00,154
01.12.2018,02:00,03:00,155
01.12.2018,03:00,04:00,147
01.12.2018,04:00,05:00,158
01.12.2018,05:00,06:00,172
01.12.2018,06:00,07:00,165
01.12.2018,07:00,08:00,175
01.12.2018,08:00,09:00,210
01.12.2018,09:00,10:00,213
01.12.2018,10:00,11:00,212
01.12.2018,11:00,12:00,213
01.12.2018,12:00,13:00,224
01.12.2018,13:00,14:00,226
01.12.2018,14:00,15:00,226
01.12.2018,15:00,16:00,226
01.12.2018,16:00,17:00,219
01.12.2018,17:00,18:00,199
01.12.2018,18:00,19:00,198
01.12.2018,19:00,20:00,210
01.12.2018,20:00,21:00,178
01.12.2018,21:00,22:00,157
01.12.2018,22:00,23:00,156
01.12.2018,23:00,00:00,140
02.12.2018,00:00,01:00,136
02.12.2018,01:00,02:00,131
02.12.2018,02:00,03:00,129
02.12.2018,03:00,04:00,132
02.12.2018,04:00,05:00,137
02.12.2018,05:00,06:00,154
02.12.2018,06:00,07:00,154
02.12.2018,07:00,08:00,153
02.12.2018,08:00,09:00,155
02.12.2018,09:00,10:00,178
02.12.2018,10:00,11:00,176
02.12.2018,11:00,12:00,166
02.12.2018,12:00,13:00,169
02.12.2018,13:00,14:00,156
02.12.2018,14:00,15:00,154
02.12.2018,15:00,16:00,127
02.12.2018,16:00,17:00,117
02.12.2018,17:00,18:00,129
02.12.2018,18:00,19:00,128
02.12.2018,19:00,20:00,137
02.12.2018,20:00,21:00,119
02.12.2018,21:00,22:00,107
02.12.2018,22:00,23:00,102
02.12.2018,23:00,00:00,112
03.12.2018,00:00,01:00,94
03.12.2018,01:00,02:00,91
03.12.2018,02:00,03:00,91
03.12.2018,03:00,04:00,96
03.12.2018,04:00,05:00,97
03.12.2018,05:00,06:00,129
03.12.2018,06:00,07:00,150
03.12.2018,07:00,08:00,181
03.12.2018,08:00,09:00,220
03.12.2018,09:00,10:00,205
03.12.2018,10:00,11:00,220
03.12.2018,11:00,12:00,215
03.12.2018,12:00,13:00,224
03.12.2018,13:00,14:00,214
03.12.2018,14:00,15:00,251
03.12.2018,15:00,16:00,284
03.12.2018,16:00,17:00,285
03.12.2018,17:00,18:00,284
03.12.2018,18:00,19:00,272
03.12.2018,19:00,20:00,200
03.12.2018,20:00,21:00,152
03.12.2018,21:00,22:00,113
03.12.2018,22:00,23:00,84
03.12.2018,23:00,00:00,85
04.12.2018,00:00,01:00,89
04.12.2018,01:00,02:00,84
04.12.2018,02:00,03:00,84
04.12.2018,03:00,04:00,85
04.12.2018,04:00,05:00,88
04.12.2018,05:00,06:00,122
04.12.2018,06:00,07:00,177
04.12.2018,07:00,08:00,234
04.12.2018,08:00,09:00,239
04.12.2018,09:00,10:00,253
04.12.2018,10:00,11:00,254
04.12.2018,11:00,12:00,250
04.12.2018,12:00,13:00,241
04.12.2018,13:00,14:00,215
04.12.2018,14:00,15:00,186
04.12.2018,15:00,16:00,244
04.12.2018,16:00,17:00,259
04.12.2018,17:00,18:00,259
04.12.2018,18:00,19:00,264
04.12.2018,19:00,20:00,226
04.12.2018,20:00,21:00,208
04.12.2018,21:00,22:00,200
04.12.2018,22:00,23:00,197
04.12.2018,23:00,00:00,149
05.12.2018,00:00,01:00,123
05.12.2018,01:00,02:00,120
05.12.2018,02:00,03:00,121
05.12.2018,03:00,04:00,121
05.12.2018,04:00,05:00,137
05.12.2018,05:00,06:00,162
05.12.2018,06:00,07:00,192
05.12.2018,07:00,08:00,217
05.12.2018,08:00,09:00,218
05.12.2018,09:00,10:00,225
05.12.2018,10:00,11:00,226
05.12.2018,11:00,12:00,232
05.12.2018,12:00,13:00,243
05.12.2018,13:00,14:00,243
05.12.2018,14:00,15:00,243
05.12.2018,15:00,16:00,238
05.12.2018,16:00,17:00,224
05.12.2018,17:00,18:00,214
05.12.2018,18:00,19:00,198
05.12.2018,19:00,20:00,199
05.12.2018,20:00,21:00,185
05.12.2018,21:00,22:00,151
05.12.2018,22:00,23:00,136
05.12.2018,23:00,00:00,130
06.12.2018,00:00,01:00,125
06.12.2018,01:00,02:00,123
06.12.2018,02:00,03:00,123
06.12.2018,03:00,04:00,129
06.12.2018,04:00,05:00,153
06.12.2018,05:00,06:00,166
06.12.2018,06:00,07:00,169
06.12.2018,07:00,08:00,166
06.12.2018,08:00,09:00,165
06.12.2018,09:00,10:00,172
06.12.2018,10:00,11:00,178
06.12.2018,11:00,12:00,180
06.12.2018,12:00,13:00,185
06.12.2018,13:00,14:00,188
06.12.2018,14:00,15:00,194
06.12.2018,15:00,16:00,186
06.12.2018,16:00,17:00,165
06.12.2018,17:00,18:00,174
06.12.2018,18:00,19:00,159
06.12.2018,19:00,20:00,155
06.12.2018,20:00,21:00,150
06.12.2018,21:00,22:00,145
06.12.2018,22:00,23:00,131
06.12.2018,23:00,00:00,112
07.12.2018,00:00,01:00,99
07.12.2018,01:00,02:00,80
07.12.2018,02:00,03:00,79
07.12.2018,03:00,04:00,97
07.12.2018,04:00,05:00,117
07.12.2018,05:00,06:00,158
07.12.2018,06:00,07:00,189
07.12.2018,07:00,08:00,212
07.12.2018,08:00,09:00,163
07.12.2018,09:00,10:00,138
07.12.2018,10:00,11:00,153
07.12.2018,11:00,12:00,161
07.12.2018,12:00,13:00,161
07.12.2018,13:00,14:00,161
07.12.2018,14:00,15:00,159
07.12.2018,15:00,16:00,138
07.12.2018,16:00,17:00,161
07.12.2018,17:00,18:00,200
07.12.2018,18:00,19:00,158
07.12.2018,19:00,20:00,160
07.12.2018,20:00,21:00,148
07.12.2018,21:00,22:00,125
07.12.2018,22:00,23:00,129
07.12.2018,23:00,00:00,143
08.12.2018,00:00,01:00,129
08.12.2018,01:00,02:00,121
08.12.2018,02:00,03:00,120
08.12.2018,03:00,04:00,130
08.12.2018,04:00,05:00,132
08.12.2018,05:00,06:00,153
08.12.2018,06:00,07:00,156
08.12.2018,07:00,08:00,162
08.12.2018,08:00,09:00,173
08.12.2018,09:00,10:00,165
08.12.2018,10:00,11:00,164
08.12.2018,11:00,12:00,155
08.12.2018,12:00,13:00,152
08.12.2018,13:00,14:00,157
08.12.2018,14:00,15:00,156
08.12.2018,15:00,16:00,164
08.12.2018,16:00,17:00,166
08.12.2018,17:00,18:00,169
08.12.2018,18:00,19:00,169
08.12.2018,19:00,20:00,169
08.12.2018,20:00,21:00,166
08.12.2018,21:00,22:00,159
08.12.2018,22:00,23:00,156
08.12.2018,23:00,00:00,147
09.12.2018,00:00,01:00,122
09.12.2018,01:00,02:00,111
09.12.2018,02:00,03:00,110
09.12.2018,03:00,04:00,105
09.12.2018,04:00,05:00,106
09.12.2018,05:00,06:00,107
09.12.2018,06:00,07:00,109
09.12.2018,07:00,08:00,123
09.12.2018,08:00,09:00,134
09.12.2018,09:00,10:00,142
09.12.2018,10:00,11:00,147
09.12.2018,11:00,12:00,155
09.12.2018,12:00,13:00,163
09.12.2018,13:00,14:00,170
09.12.2018,14:00,15:00,171
09.12.2018,15:00,16:00,163
09.12.2018,16:00,17:00,179
09.12.2018,17:00,18:00,175
09.12.2018,18:00,19:00,184
09.12.2018,19:00,20:00,178
09.12.2018,20:00,21:00,184
09.12.2018,21:00,22:00,174
09.12.2018,22:00,23:00,171
09.12.2018,23:00,00:00,171
10.12.2018,00:00,01:00,169
10.12.2018,01:00,02:00,158
10.12.2018,02:00,03:00,162
10.12.2018,03:00,04:00,176
10.12.2018,04:00,05:00,184
10.12.2018,05:00,06:00,202
10.12.2018,06:00,07:00,208
10.12.2018,07:00,08:00,207
10.12.2018,08:00,09:00,208
10.12.2018,09:00,10:00,208
10.12.2018,10:00,11:00,214
10.12.2018,11:00,12:00,215
10.12.2018,12:00,13:00,216
10.12.2018,13:00,14:00,218
10.12.2018,14:00,15:00,220
10.12.2018,15:00,16:00,227
10.12.2018,16:00,17:00,225
10.12.2018,17:00,18:00,223
10.12.2018,18:00,19:00,209
10.12.2018,19:00,20:00,210
10.12.2018,20:00,21:00,200
10.12.2018,21:00,22:00,203
10.12.2018,22:00,23:00,204
10.12.2018,23:00,00:00,187
11.12.2018,00:00,01:00,176
11.12.2018,01:00,02:00,164
11.12.2018,02:00,03:00,158
11.12.2018,03:00,04:00,157
11.12.2018,04:00,05:00,174
11.12.2018,05:00,06:00,187
11.12.2018,06:00,07:00,221
11.12.2018,07:00,08:00,228
11.12.2018,08:00,09:00,228
11.12.2018,09:00,10:00,227
11.12.2018,10:00,11:00,228
11.12.2018,11:00,12:00,219
11.12.2018,12:00,13:00,222
11.12.2018,13:00,14:00,223
11.12.2018,14:00,15:00,223
11.12.2018,15:00,16:00,223
11.12.2018,16:00,17:00,222
11.12.2018,17:00,18:00,222
11.12.2018,18:00,19:00,209
11.12.2018,19:00,20:00,207
11.12.2018,20:00,21:00,210
11.12.2018,21:00,22:00,199
11.12.2018,22:00,23:00,190
11.12.2018,23:00,00:00,180
12.12.2018,00:00,01:00,176
12.12.2018,01:00,02:00,174
12.12.2018,02:00,03:00,171
12.12.2018,03:00,04:00,189
12.12.2018,04:00,05:00,202
12.12.2018,05:00,06:00,199
12.12.2018,06:00,07:00,215
12.12.2018,07:00,08:00,235
12.12.2018,08:00,09:00,237
12.12.2018,09:00,10:00,238
12.12.2018,10:00,11:00,239
12.12.2018,11:00,12:00,250
12.12.2018,12:00,13:00,254
12.12.2018,13:00,14:00,258
12.12.2018,14:00,15:00,257
12.12.2018,15:00,16:00,258
12.12.2018,16:00,17:00,261
12.12.2018,17:00,18:00,260
12.12.2018,18:00,19:00,249
12.12.2018,19:00,20:00,223
12.12.2018,20:00,21:00,187
12.12.2018,21:00,22:00,185
12.12.2018,22:00,23:00,177
12.12.2018,23:00,00:00,197
13.12.2018,00:00,01:00,208
13.12.2018,01:00,02:00,213
13.12.2018,02:00,03:00,222
13.12.2018,03:00,04:00,186
13.12.2018,04:00,05:00,215
13.12.2018,05:00,06:00,198
13.12.2018,06:00,07:00,211
13.12.2018,07:00,08:00,226
13.12.2018,08:00,09:00,225
13.12.2018,09:00,10:00,224
13.12.2018,10:00,11:00,202
13.12.2018,11:00,12:00,231
13.12.2018,12:00,13:00,249
13.12.2018,13:00,14:00,246
13.12.2018,14:00,15:00,242
13.12.2018,15:00,16:00,241
13.12.2018,16:00,17:00,242
13.12.2018,17:00,18:00,230
13.12.2018,18:00,19:00,222
13.12.2018,19:00,20:00,214
13.12.2018,20:00,21:00,206
13.12.2018,21:00,22:00,202
13.12.2018,22:00,23:00,191
13.12.2018,23:00,00:00,182
14.12.2018,00:00,01:00,181
14.12.2018,01:00,02:00,212
14.12.2018,02:00,03:00,206
14.12.2018,03:00,04:00,204
14.12.2018,04:00,05:00,207
14.12.2018,05:00,06:00,206
14.12.2018,06:00,07:00,207
14.12.2018,07:00,08:00,210
14.12.2018,08:00,09:00,209
14.12.2018,09:00,10:00,210
14.12.2018,10:00,11:00,209
14.12.2018,11:00,12:00,208
14.12.2018,12:00,13:00,218
14.12.2018,13:00,14:00,227
14.12.2018,14:00,15:00,210
14.12.2018,15:00,16:00,209
14.12.2018,16:00,17:00,209
14.12.2018,17:00,18:00,213
14.12.2018,18:00,19:00,210
14.12.2018,19:00,20:00,209
14.12.2018,20:00,21:00,210
14.12.2018,21:00,22:00,211
14.12.2018,22:00,23:00,213
14.12.2018,23:00,00:00,219
15.12.2018,00:00,01:00,209
15.12.2018,01:00,02:00,192
15.12.2018,02:00,03:00,198
15.12.2018,03:00,04:00,209
15.12.2018,04:00,05:00,208
15.12.2018,05:00,06:00,207
15.12.2018,06:00,07:00,209
15.12.2018,07:00,08:00,211
15.12.2018,08:00,09:00,209
15.12.2018,09:00,10:00,208
15.12.2018,10:00,11:00,208
15.12.2018,11:00,12:00,209
15.12.2018,12:00,13:00,209
15.12.2018,13:00,14:00,209
15.12.2018,14:00,15:00,207
15.12.2018,15:00,16:00,208
15.12.2018,16:00,17:00,209
15.12.2018,17:00,18:00,208
15.12.2018,18:00,19:00,207
15.12.2018,19:00,20:00,208
15.12.2018,20:00,21:00,208
15.12.2018,21:00,22:00,208
15.12.2018,22:00,23:00,206
15.12.2018,23:00,00:00,209
16.12.2018,00:00,01:00,208
16.12.2018,01:00,02:00,209
16.12.2018,02:00,03:00,208
16.12.2018,03:00,04:00,208
16.12.2018,04:00,05:00,207
16.12.2018,05:00,06:00,208
16.12.2018,06:00,07:00,208
16.12.2018,07:00,08:00,209
16.12.2018,08:00,09:00,209
16.12.2018,09:00,10:00,208
16.12.2018,10:00,11:00,207
16.12.2018,11:00,12:00,208
16.12.2018,12:00,13:00,207
16.12.2018,13:00,14:00,206
16.12.2018,14:00,15:00,203
16.12.2018,15:00,16:00,206
16.12.2018,16:00,17:00,205
16.12.2018,17:00,18:00,210
16.12.2018,18:00,19:00,227
16.12.2018,19:00,20:00,226
16.12.2018,20:00,21:00,224
16.12.2018,21:00,22:00,198
16.12.2018,22:00,23:00,195
16.12.2018,23:00,00:00,187
17.12.2018,00:00,01:00,178
17.12.2018,01:00,02:00,179
17.12.2018,02:00,03:00,190
17.12.2018,03:00,04:00,194
17.12.2018,04:00,05:00,212
17.12.2018,05:00,06:00,209
17.12.2018,06:00,07:00,208
17.12.2018,07:00,08:00,213
17.12.2018,08:00,09:00,212
17.12.2018,09:00,10:00,211
17.12.2018,10:00,11:00,211
17.12.2018,11:00,12:00,209
17.12.2018,12:00,13:00,228
17.12.2018,13:00,14:00,228
17.12.2018,14:00,15:00,241
17.12.2018,15:00,16:00,234
17.12.2018,16:00,17:00,225
17.12.2018,17:00,18:00,229
17.12.2018,18:00,19:00,231
17.12.2018,19:00,20:00,234
17.12.2018,20:00,21:00,236
17.12.2018,21:00,22:00,227
17.12.2018,22:00,23:00,216
17.12.2018,23:00,00:00,191
18.12.2018,00:00,01:00,182
18.12.2018,01:00,02:00,160
18.12.2018,02:00,03:00,161
18.12.2018,03:00,04:00,181
18.12.2018,04:00,05:00,203
18.12.2018,05:00,06:00,209
18.12.2018,06:00,07:00,218
18.12.2018,07:00,08:00,212
18.12.2018,08:00,09:00,205
18.12.2018,09:00,10:00,205
18.12.2018,10:00,11:00,204
18.12.2018,11:00,12:00,176
18.12.2018,12:00,13:00,172
18.12.2018,13:00,14:00,179
18.12.2018,14:00,15:00,155
18.12.2018,15:00,16:00,127
18.12.2018,16:00,17:00,112
18.12.2018,17:00,18:00,37
18.12.2018,18:00,19:00,0
18.12.2018,19:00,20:00,0
18.12.2018,20:00,21:00,0
18.12.2018,21:00,22:00,0
18.12.2018,22:00,23:00,0
18.12.2018,23:00,00:00,0
19.12.2018,00:00,01:00,0
19.12.2018,01:00,02:00,0
19.12.2018,02:00,03:00,0
19.12.2018,03:00,04:00,0
19.12.2018,04:00,05:00,0
19.12.2018,05:00,06:00,0
19.12.2018,06:00,07:00,0
19.12.2018,07:00,08:00,0
19.12.2018,08:00,09:00,0
19.12.2018,09:00,10:00,0
19.12.2018,10:00,11:00,0
19.12.2018,11:00,12:00,0
19.12.2018,12:00,13:00,0
19.12.2018,13:00,14:00,0
19.12.2018,14:00,15:00,0
19.12.2018,15:00,16:00,0
19.12.2018,16:00,17:00,0
19.12.2018,17:00,18:00,0
19.12.2018,18:00,19:00,0
19.12.2018,19:00,20:00,0
19.12.2018,20:00,21:00,0
19.12.2018,21:00,22:00,0
19.12.2018,22:00,23:00,0
19.12.2018,23:00,00:00,0
20.12.2018,00:00,01:00,14
20.12.2018,01:00,02:00,106
20.12.2018,02:00,03:00,116
20.12.2018,03:00,04:00,142
20.12.2018,04:00,05:00,151
20.12.2018,05:00,06:00,171
20.12.2018,06:00,07:00,195
20.12.2018,07:00,08:00,209
20.12.2018,08:00,09:00,203
20.12.2018,09:00,10:00,195
20.12.2018,10:00,11:00,194
20.12.2018,11:00,12:00,225
20.12.2018,12:00,13:00,235
20.12.2018,13:00,14:00,243
20.12.2018,14:00,15:00,235
20.12.2018,15:00,16:00,239
20.12.2018,16:00,17:00,230
20.12.2018,17:00,18:00,227
20.12.2018,18:00,19:00,189
20.12.2018,19:00,20:00,166
20.12.2018,20:00,21:00,180
20.12.2018,21:00,22:00,175
20.12.2018,22:00,23:00,193
20.12.2018,23:00,00:00,191
21.12.2018,00:00,01:00,167
21.12.2018,01:00,02:00,145
21.12.2018,02:00,03:00,146
21.12.2018,03:00,04:00,163
21.12.2018,04:00,05:00,193
21.12.2018,05:00,06:00,205
21.12.2018,06:00,07:00,218
21.12.2018,07:00,08:00,208
21.12.2018,08:00,09:00,209
21.12.2018,09:00,10:00,209
21.12.2018,10:00,11:00,183
21.12.2018,11:00,12:00,166
21.12.2018,12:00,13:00,171
21.12.2018,13:00,14:00,160
21.12.2018,14:00,15:00,145
21.12.2018,15:00,16:00,143
21.12.2018,16:00,17:00,116
21.12.2018,17:00,18:00,115
21.12.2018,18:00,19:00,109
21.12.2018,19:00,20:00,121
21.12.2018,20:00,21:00,128
21.12.2018,21:00,22:00,121
21.12.2018,22:00,23:00,107
21.12.2018,23:00,00:00,83
22.12.2018,00:00,01:00,75
22.12.2018,01:00,02:00,76
22.12.2018,02:00,03:00,87
22.12.2018,03:00,04:00,92
22.12.2018,04:00,05:00,107
22.12.2018,05:00,06:00,134
22.12.2018,06:00,07:00,141
22.12.2018,07:00,08:00,147
22.12.2018,08:00,09:00,130
22.12.2018,09:00,10:00,133
22.12.2018,10:00,11:00,148
22.12.2018,11:00,12:00,141
22.12.2018,12:00,13:00,140
22.12.2018,13:00,14:00,131
22.12.2018,14:00,15:00,130
22.12.2018,15:00,16:00,124
22.12.2018,16:00,17:00,126
22.12.2018,17:00,18:00,123
22.12.2018,18:00,19:00,126
22.12.2018,19:00,20:00,129
22.12.2018,20:00,21:00,126
22.12.2018,21:00,22:00,125
22.12.2018,22:00,23:00,124
22.12.2018,23:00,00:00,114
23.12.2018,00:00,01:00,98
23.12.2018,01:00,02:00,106
23.12.2018,02:00,03:00,120
23.12.2018,03:00,04:00,116
23.12.2018,04:00,05:00,124
23.12.2018,05:00,06:00,134
23.12.2018,06:00,07:00,145
23.12.2018,07:00,08:00,143
23.12.2018,08:00,09:00,138
23.12.2018,09:00,10:00,146
23.12.2018,10:00,11:00,146
23.12.2018,11:00,12:00,130
23.12.2018,12:00,13:00,129
23.12.2018,13:00,14:00,133
23.12.2018,14:00,15:00,158
23.12.2018,15:00,16:00,214
23.12.2018,16:00,17:00,247
23.12.2018,17:00,18:00,249
23.12.2018,18:00,19:00,251
23.12.2018,19:00,20:00,220
23.12.2018,20:00,21:00,180
23.12.2018,21:00,22:00,177
23.12.2018,22:00,23:00,139
23.12.2018,23:00,00:00,113
24.12.2018,00:00,01:00,96
24.12.2018,01:00,02:00,88
24.12.2018,02:00,03:00,68
24.12.2018,03:00,04:00,74
24.12.2018,04:00,05:00,101
24.12.2018,05:00,06:00,172
24.12.2018,06:00,07:00,177
24.12.2018,07:00,08:00,179
24.12.2018,08:00,09:00,192
24.12.2018,09:00,10:00,191
24.12.2018,10:00,11:00,191
24.12.2018,11:00,12:00,190
24.12.2018,12:00,13:00,189
24.12.2018,13:00,14:00,190
24.12.2018,14:00,15:00,193
24.12.2018,15:00,16:00,194
24.12.2018,16:00,17:00,195
24.12.2018,17:00,18:00,190
24.12.2018,18:00,19:00,185
24.12.2018,19:00,20:00,179
24.12.2018,20:00,21:00,174
24.12.2018,21:00,22:00,177
24.12.2018,22:00,23:00,183
24.12.2018,23:00,00:00,175
25.12.2018,00:00,01:00,162
25.12.2018,01:00,02:00,159
25.12.2018,02:00,03:00,160
25.12.2018,03:00,04:00,169
25.12.2018,04:00,05:00,199
25.12.2018,05:00,06:00,202
25.12.2018,06:00,07:00,191
25.12.2018,07:00,08:00,176
25.12.2018,08:00,09:00,180
25.12.2018,09:00,10:00,182
25.12.2018,10:00,11:00,179
25.12.2018,11:00,12:00,183
25.12.2018,12:00,13:00,186
25.12.2018,13:00,14:00,186
25.12.2018,14:00,15:00,199
25.12.2018,15:00,16:00,203
25.12.2018,16:00,17:00,207
25.12.2018,17:00,18:00,207
25.12.2018,18:00,19:00,207
25.12.2018,19:00,20:00,208
25.12.2018,20:00,21:00,207
25.12.2018,21:00,22:00,207
25.12.2018,22:00,23:00,209
25.12.2018,23:00,00:00,199
26.12.2018,00:00,01:00,192
26.12.2018,01:00,02:00,197
26.12.2018,02:00,03:00,200
26.12.2018,03:00,04:00,201
26.12.2018,04:00,05:00,199
26.12.2018,05:00,06:00,207
26.12.2018,06:00,07:00,204
26.12.2018,07:00,08:00,205
26.12.2018,08:00,09:00,208
26.12.2018,09:00,10:00,207
26.12.2018,10:00,11:00,204
26.12.2018,11:00,12:00,205
26.12.2018,12:00,13:00,206
26.12.2018,13:00,14:00,205
26.12.2018,14:00,15:00,207
26.12.2018,15:00,16:00,209
26.12.2018,16:00,17:00,207
26.12.2018,17:00,18:00,209
26.12.2018,18:00,19:00,209
26.12.2018,19:00,20:00,208
26.12.2018,20:00,21:00,206
26.12.2018,21:00,22:00,204
26.12.2018,22:00,23:00,204
26.12.2018,23:00,00:00,206
27.12.2018,00:00,01:00,207
27.12.2018,01:00,02:00,204
27.12.2018,02:00,03:00,203
27.12.2018,03:00,04:00,203
27.12.2018,04:00,05:00,202
27.12.2018,05:00,06:00,208
27.12.2018,06:00,07:00,207
27.12.2018,07:00,08:00,207
27.12.2018,08:00,09:00,208
27.12.2018,09:00,10:00,208
27.12.2018,10:00,11:00,207
27.12.2018,11:00,12:00,201
27.12.2018,12:00,13:00,206
27.12.2018,13:00,14:00,209
27.12.2018,14:00,15:00,211
27.12.2018,15:00,16:00,209
27.12.2018,16:00,17:00,200
27.12.2018,17:00,18:00,207
27.12.2018,18:00,19:00,205
27.12.2018,19:00,20:00,204
27.12.2018,20:00,21:00,204
27.12.2018,21:00,22:00,211
27.12.2018,22:00,23:00,208
27.12.2018,23:00,00:00,201
28.12.2018,00:00,01:00,200
28.12.2018,01:00,02:00,205
28.12.2018,02:00,03:00,201
28.12.2018,03:00,04:00,207
28.12.2018,04:00,05:00,207
28.12.2018,05:00,06:00,209
28.12.2018,06:00,07:00,207
28.12.2018,07:00,08:00,206
28.12.2018,08:00,09:00,206
28.12.2018,09:00,10:00,211
28.12.2018,10:00,11:00,216
28.12.2018,11:00,12:00,216
28.12.2018,12:00,13:00,212
28.12.2018,13:00,14:00,214
28.12.2018,14:00,15:00,216
28.12.2018,15:00,16:00,215
28.12.2018,16:00,17:00,207
28.12.2018,17:00,18:00,210
28.12.2018,18:00,19:00,217
28.12.2018,19:00,20:00,218
28.12.2018,20:00,21:00,223
28.12.2018,21:00,22:00,194
28.12.2018,22:00,23:00,185
28.12.2018,23:00,00:00,188
29.12.2018,00:00,01:00,179
29.12.2018,01:00,02:00,185
29.12.2018,02:00,03:00,187
29.12.2018,03:00,04:00,185
29.12.2018,04:00,05:00,197
29.12.2018,05:00,06:00,205
29.12.2018,06:00,07:00,208
29.12.2018,07:00,08:00,206
29.12.2018,08:00,09:00,205
29.12.2018,09:00,10:00,207
29.12.2018,10:00,11:00,207
29.12.2018,11:00,12:00,207
29.12.2018,12:00,13:00,208
29.12.2018,13:00,14:00,209
29.12.2018,14:00,15:00,209
29.12.2018,15:00,16:00,208
29.12.2018,16:00,17:00,208
29.12.2018,17:00,18:00,207
29.12.2018,18:00,19:00,206
29.12.2018,19:00,20:00,207
29.12.2018,20:00,21:00,200
29.12.2018,21:00,22:00,199
29.12.2018,22:00,23:00,193
29.12.2018,23:00,00:00,186
30.12.2018,00:00,01:00,146
30.12.2018,01:00,02:00,145
30.12.2018,02:00,03:00,137
30.12.2018,03:00,04:00,145
30.12.2018,04:00,05:00,155
30.12.2018,05:00,06:00,163
30.12.2018,06:00,07:00,176
30.12.2018,07:00,08:00,181
30.12.2018,08:00,09:00,204
30.12.2018,09:00,10:00,208
30.12.2018,10:00,11:00,208
30.12.2018,11:00,12:00,208
30.12.2018,12:00,13:00,207
30.12.2018,13:00,14:00,207
30.12.2018,14:00,15:00,205
30.12.2018,15:00,16:00,205
30.12.2018,16:00,17:00,207
30.12.2018,17:00,18:00,213
30.12.2018,18:00,19:00,236
30.12.2018,19:00,20:00,242
30.12.2018,20:00,21:00,247
30.12.2018,21:00,22:00,225
30.12.2018,22:00,23:00,235
30.12.2018,23:00,00:00,201
31.12.2018,00:00,01:00,181
31.12.2018,01:00,02:00,183
31.12.2018,02:00,03:00,178
31.12.2018,03:00,04:00,167
31.12.2018,04:00,05:00,184
31.12.2018,05:00,06:00,211
31.12.2018,06:00,07:00,214
31.12.2018,07:00,08:00,214
31.12.2018,08:00,09:00,211
31.12.2018,09:00,10:00,206
31.12.2018,10:00,11:00,208
31.12.2018,11:00,12:00,209
31.12.2018,12:00,13:00,209
31.12.2018,13:00,14:00,208
31.12.2018,14:00,15:00,209
31.12.2018,15:00,16:00,212
31.12.2018,16:00,17:00,210
31.12.2018,17:00,18:00,211
31.12.2018,18:00,19:00,210
31.12.2018,19:00,20:00,204
31.12.2018,20:00,21:00,208
31.12.2018,21:00,22:00,207
31.12.2018,22:00,23:00,193
31.12.2018,23:00,00:00,181
